0.000      304.0
0.034      304.0
0.067      303.2
0.101      303.2
0.134      303.0
0.168      301.8
0.201      301.8
0.235      301.1
0.268      301.1
0.302      299.3
0.335      299.4
0.369      296.6
0.402      296.6
0.436      295.2
0.469      295.6
0.503      295.5
0.536      294.1
0.570      294.1
0.603      291.7
0.637      291.7
0.670      295.0
0.704      295.0
0.737      296.7
0.771      298.1
0.804      298.1
0.838      298.5
0.872      298.5
0.905      295.9
0.939      295.9
0.972      299.0
1.006      299.0
1.039      299.0
1.073      301.6
1.106      305.6
1.140      305.6
1.173      309.1
1.207      312.9
1.240      312.9
1.274      313.8
1.307      313.9
1.341      311.9
1.374      311.9
1.408      310.2
1.441      310.2
1.475      308.8
1.508      307.2
1.542      307.2
1.575      303.8
1.609      303.8
1.642      301.2
1.676      301.2
1.709      298.0
1.743      298.0
1.777      295.9
1.810      291.8
1.844      291.9
1.877      287.7
1.911      287.7
1.944      284.0
1.978      284.0
2.011      282.6
2.045      282.7
2.078      290.2
2.112      290.1
2.145      290.1
2.179      295.2
2.212      295.2
2.246      300.0
2.279      300.1
2.313      300.1
2.346      300.0
2.380      300.0
2.413      302.0
2.447      303.4
2.480      303.5
2.514      305.1
2.547      306.6
2.581      306.7
2.615      308.3
2.648      308.4
2.682      310.0
2.715      310.1
2.749      309.3
2.782      309.4
2.816      309.0
2.849      306.8
2.883      306.7
2.916      306.8
2.950      306.8
2.983      304.3
3.017      303.8
3.050      300.0
3.084      300.0
3.117      300.0
3.151      300.0
3.184      299.8
3.218      300.3
3.251      300.4
3.285      300.4
3.318      301.1
3.352      301.1
3.385      300.8
3.419      300.8
3.453      300.8
3.486      300.8
3.520      301.1
3.553      300.8
3.587      293.5
3.620      293.5
3.654      293.5
3.687      293.5
3.721      291.7
3.754      291.9
3.788      290.5
3.821      290.5
3.855      290.5
3.888      290.5
3.922      290.5
3.955      289.1
3.989      289.2
4.022      288.4
4.056      290.9
4.089      291.0
4.123      291.9
4.156      293.6
4.190      293.7
4.223      292.5
4.257      292.5
4.291      296.9
4.324      297.0
4.358      297.0
4.391      299.6
4.425      311.4
4.458      311.4
4.492      311.4
4.525      311.4
4.559      316.0
4.592      318.5
4.626      318.6
4.659      318.6
4.693      319.5
4.726      318.2
4.760      316.7
4.793      316.7
4.827      315.8
4.860      315.8
4.894      315.2
4.927      315.3
4.961      314.4
4.994      314.4
5.028      314.2
5.061      312.6
5.095      312.7
5.128      312.7
5.162      312.7
5.196      314.4
5.229      314.4
5.263      314.8
5.296      314.5
5.330      314.4
5.363      313.5
5.397      313.5
5.430      312.8
5.464      307.7
5.497      307.7
5.531      303.1
5.564      303.1
5.598      300.2
5.631      300.2
5.665      298.1
5.698      298.1
5.732      296.2
5.765      295.3
5.799      295.3
5.832      300.6
5.866      300.7
5.899      309.5
5.933      309.6
5.966      314.5
6.000      314.5
6.034      313.1
6.067      313.2
6.101      313.3
6.134      311.7
6.168      311.8
6.201      309.4
6.235      309.4
6.268      309.4
6.302      309.4
6.335      308.0
6.369      308.0
6.402      308.1
6.436      305.9
6.469      305.4
6.503      303.3
6.536      303.3
6.570      300.9
6.603      300.9
6.637      298.6
6.670      298.6
6.704      293.3
6.737      293.2
6.771      291.7
6.804      291.7
6.838      291.7
6.872      294.5
6.905      302.6
6.939      302.6
6.972      312.7
7.006      312.7
7.039      312.7
7.073      313.5
7.106      313.8
7.140      312.4
7.173      312.5
7.207      311.8
7.240      311.8
7.274      316.4
7.307      316.4
7.341      316.4
7.374      316.4
7.408      319.7
7.441      320.4
7.475      320.0
7.508      320.0
7.542      318.9
7.575      318.9
7.609      316.2
7.642      316.3
7.676      313.2
7.709      313.1
7.743      311.8
7.777      309.2
7.810      309.2
7.844      306.4
7.877      306.4
7.911      299.1
7.944      299.1
7.978      299.1
8.011      299.1
8.045      296.2
8.078      293.4
8.112      288.7
8.145      288.7
8.179      284.5
8.212      284.5
8.246      288.0
8.279      288.0
8.313      288.9
8.346      288.9
8.380      289.6
8.413      289.5
8.447      289.6
8.480      290.4
8.514      290.4
8.547      291.2
8.581      293.4
8.615      293.4
8.648      294.8
8.682      294.8
8.715      295.0
8.749      292.5
8.782      292.5
8.816      288.0
8.849      288.0
8.883      288.2
8.916      288.2
8.950      293.2
8.983      293.2
9.017      295.3
9.050      296.7
9.084      296.8
9.117      297.9
9.151      297.9
9.184      297.5
9.218      297.5
9.251      296.3
9.285      296.3
9.318      295.8
9.352      293.4
9.385      293.5
9.419      289.8
9.453      289.8
9.486      289.5
9.520      289.5
9.553      291.9
9.587      291.9
9.620      293.4
9.654      294.2
9.687      294.2
9.721      294.2
9.754      294.1
9.788      293.6
9.821      293.7
9.855      294.4
9.888      294.4
9.922      295.0
9.955      292.4
9.989      292.4
10.022      292.9
10.056      293.0
10.089      293.9
10.123      293.9
10.156      294.6
10.190      294.7
10.223      297.1
10.257      302.5
10.291      302.5
10.324      306.5
10.358      306.6
10.391      306.4
10.425      306.4
10.458      307.8
10.492      307.8
10.525      308.9
10.559      308.3
10.592      308.3
10.626      311.4
10.659      311.4
10.693      311.4
10.726      311.4
10.760      312.1
10.793      311.7
10.827      309.9
10.860      309.8
10.894      307.1
10.927      307.1
10.961      307.1
10.994      307.1
11.028      307.2
11.061      307.3
11.095      306.9
11.128      307.0
11.162      307.9
11.196      307.9
11.229      307.9
11.263      307.9
11.296      310.4
11.330      322.9
11.363      322.9
11.397      322.9
11.430      322.9
11.464      323.9
11.497      324.1
11.531      328.8
11.564      328.8
11.598      328.9
11.631      328.9
11.665      320.8
11.698      320.4
11.732      314.7
11.765      314.7
11.799      313.8
11.832      313.8
11.866      312.9
11.899      312.9
11.933      309.3
11.966      309.3
12.000      309.3
12.034      309.3
12.067      308.6
12.101      307.3
12.134      304.0
12.168      304.0
12.201      301.6
12.235      301.6
12.268      297.4
12.302      297.3
12.335      295.2
12.369      295.2
12.402      293.1
12.436      291.3
12.469      291.3
12.503      291.6
12.536      291.7
12.570      288.9
12.603      288.9
12.637      286.7
12.670      286.7
12.704      285.6
12.737      283.2
12.771      283.2
12.804      282.1
12.838      282.1
12.872      283.0
12.905      283.0
12.939      284.1
12.972      284.0
13.006      284.0
13.039      286.7
13.073      288.6
13.106      288.6
13.140      290.5
13.173      290.5
13.207      291.1
13.240      288.2
13.274      288.2
13.307      288.2
13.341      288.2
13.374      292.8
13.408      293.3
13.441      292.6
13.475      292.7
13.508      289.8
13.542      289.9
13.575      290.0
13.609      290.0
13.642      288.9
13.676      287.7
13.709      284.3
13.743      284.3
13.777      281.0
13.810      281.0
13.844      278.9
13.877      278.9
13.911      279.2
13.944      279.3
13.978      279.3
14.011      278.8
14.045      286.1
14.078      286.7
14.112      286.8
14.145      290.6
14.179      300.4
14.212      300.5
14.246      300.5
14.279      300.5
14.313      301.8
14.346      298.8
14.380      298.8
14.413      298.8
14.447      310.8
14.480      310.9
14.514      310.9
14.547      310.9
14.581      311.9
14.615      312.9
14.648      313.3
14.682      313.2
14.715      315.6
14.749      315.8
14.782      297.4
14.816      297.3
14.849      295.8
14.883      295.8
14.916      297.0
14.950      297.0
14.983      297.0
15.017      297.4
15.050      298.6
15.084      297.2
15.117      297.2
15.151      285.9
15.184      284.9
15.218      284.9
15.251      285.2
15.285      285.2
15.318      285.2
15.352      285.2
15.385      287.6
15.419      289.9
15.453      305.1
15.486      305.2
15.520      305.2
15.553      305.2
15.587      297.9
15.620      302.3
15.654      322.8
15.687      322.9
15.721      322.9
15.754      322.9
15.788      313.3
15.821      316.2
15.855      323.0
15.888      323.0
15.922      333.9
15.955      334.0
15.989      334.0
16.022      334.0
16.056      342.3
16.089      342.6
16.123      359.1
16.156      359.2
16.190      359.2
16.223      375.6
16.257      375.6
16.291      375.6
16.324      349.0
16.358      349.0
16.391      353.4
16.425      372.0
16.458      372.1
16.492      372.1
16.525      372.1
16.559      376.1
16.592      376.1
16.626      376.2
16.659      347.5
16.693      347.5
16.726      347.5
16.760      351.4
16.793      351.4
16.827      351.4
16.860      330.3
16.894      330.2
16.927      330.2
16.961      318.4
16.994      318.4
17.028      318.4
17.061      297.6
17.095      294.6
17.128      285.4
17.162      285.4
17.196      285.4
17.229      285.4
17.263      281.9
17.296      266.6
17.330      266.6
17.363      266.6
17.397      263.3
17.430      243.2
17.464      243.2
17.497      243.2
17.531      243.2
17.564      208.3
17.598      208.2
17.631      208.3
17.665      219.9
17.698      208.9
17.732      208.9
17.765      208.9
17.799      222.6
17.832      219.2
17.866      216.6
17.899      216.6
17.933      216.6
17.966      216.6
18.000      264.8
18.034      264.8
18.067      264.8
18.101      265.5
18.134      265.5
18.168      265.4
18.201      274.9
18.235      274.9
18.268      274.9
18.302      265.7
18.335      265.7
18.369      265.7
18.402      275.3
18.436      275.5
18.469      266.6
18.503      266.6
18.536      261.5
18.570      261.4
18.603      267.4
18.637      267.4
18.670      265.7
18.704      263.0
18.737      263.0
18.771      262.4
18.804      262.4
18.838      262.4
18.872      262.4
18.905      272.3
18.939      273.1
18.972      278.6
19.006      278.7
19.039      301.8
19.073      301.9
19.106      303.1
19.140      303.2
19.173      307.0
19.207      306.0
19.240      305.9
19.274      304.1
19.307      304.1
19.341      302.6
19.374      302.7
19.408      302.7
19.441      302.7
19.475      302.7
19.508      302.5
19.542      301.7
19.575      301.8
19.609      301.8
19.642      301.8
19.676      301.0
19.709      301.0
19.743      300.2
19.777      300.2
19.810      299.6
19.844      296.9
19.877      296.9
19.911      296.9
19.944      296.9
19.978      296.9
20.011      297.1
20.045      297.7
20.078      297.7
20.112      298.0
20.145      298.0
20.179      298.8
20.212      298.8
20.246      298.4
20.279      298.4
20.313      298.7
20.346      299.3
20.380      299.3
20.413      300.2
20.447      300.2
20.480      300.2
20.514      300.2
20.547      298.3
20.581      298.4
20.615      298.4
20.648      298.1
20.682      297.7
20.715      297.3
20.749      297.4
20.782      297.0
20.816      297.0
20.849      297.1
20.883      297.1
20.916      296.1
20.950      296.1
20.983      296.2
21.017      296.1
21.050      296.1
21.084      295.8
21.117      295.2
21.151      295.2
21.184      295.2
21.218      295.1
21.251      295.1
21.285      295.2
21.318      296.0
21.352      296.1
21.385      295.7
21.419      295.6
21.453      294.9
21.486      294.9
21.520      294.3
21.553      294.3
21.587      294.3
21.620      293.6
21.654      293.5
21.687      293.3
21.721      293.3
21.754      292.5
21.788      292.5
21.821      292.5
21.855      292.5
21.888      292.3
21.922      291.8
21.955      291.8
21.989      291.4
22.022      291.4
22.056      290.9
22.089      291.0
22.123      289.1
22.156      289.1
22.190      289.1
22.223      289.1
22.257      288.5
22.291      288.5
22.324      288.1
22.358      287.2
22.391      287.1
22.425      286.8
22.458      285.7
22.492      285.7
22.525      284.6
22.559      284.6
22.592      283.5
22.626      283.4
22.659      291.0
22.693      291.2
22.726      291.3
22.760      291.0
22.793      291.0
22.827      290.7
22.860      290.7
22.894      290.4
22.927      290.4
22.961      291.4
22.994      291.4
23.028      291.4
23.061      290.5
23.095      290.5
23.128      287.9
23.162      287.9
23.196      287.1
23.229      287.2
23.263      289.0
23.296      289.0
23.330      290.3
23.363      294.0
23.397      294.0
23.430      295.2
23.464      295.2
23.497      295.5
23.531      295.5
23.564      295.8
23.598      295.8
23.631      295.6
23.665      295.1
23.698      295.1
23.732      294.1
23.765      294.1
23.799      291.6
23.832      291.5
23.866      291.5
23.899      291.5
23.933      291.0
23.966      290.5
24.000      288.6
24.034      288.6
24.067      288.2
24.101      288.2
24.134      286.0
24.168      286.0
24.201      285.9
24.235      285.9
24.268      286.2
24.302      286.8
24.335      286.9
24.369      287.7
24.402      287.7
24.436      288.4
24.469      288.4
24.503      289.2
24.536      289.2
24.570      289.7
24.603      287.0
24.637      286.9
24.670      286.9
24.704      286.9
24.737      286.6
24.771      286.2
24.804      283.5
24.838      283.6
24.872      283.6
24.905      283.6
24.939      283.4
24.972      282.8
25.006      281.5
25.039      281.5
25.073      281.5
25.106      281.5
25.140      282.8
25.173      282.8
25.207      284.0
25.240      285.5
25.274      285.5
25.307      285.5
25.341      286.4
25.374      286.2
25.408      286.2
25.441      286.2
25.475      286.2
25.508      286.0
25.542      285.3
25.575      283.4
25.609      283.4
25.642      281.2
25.676      281.2
25.709      279.7
25.743      279.6
25.777      277.7
25.810      277.7
25.844      275.4
25.877      275.4
25.911      275.4
25.944      275.3
25.978      275.2
26.011      275.3
26.045      275.2
26.078      277.1
26.112      277.1
26.145      277.0
26.179      277.0
26.212      277.1
26.246      278.8
26.279      285.3
26.313      285.3
26.346      285.3
26.380      285.3
26.413      288.0
26.447      290.4
26.480      294.9
26.514      294.9
26.547      298.1
26.581      298.2
26.615      303.2
26.648      303.1
26.682      303.2
26.715      303.2
26.749      303.7
26.782      304.6
26.816      306.9
26.849      307.0
26.883      310.1
26.916      310.2
26.950      314.2
26.983      314.2
27.017      316.2
27.050      316.2
27.084      317.2
27.117      316.6
27.151      316.2
27.184      316.1
27.218      316.2
27.251      315.6
27.285      315.6
27.318      315.1
27.352      315.3
27.385      315.5
27.419      315.4
27.453      315.4
27.486      315.8
27.520      315.9
27.553      316.1
27.587      316.1
27.620      315.9
27.654      315.9
27.687      316.0
27.721      316.0
27.754      316.4
27.788      316.4
27.821      316.2
27.855      315.6
27.888      315.6
27.922      315.5
27.955      315.5
27.989      315.4
28.022      315.4
28.056      315.5
28.089      315.5
28.123      315.6
28.156      315.6
28.190      315.6
28.223      316.0
28.257      316.0
28.291      316.6
28.324      316.6
28.358      316.8
28.391      316.8
28.425      316.8
28.458      316.4
28.492      316.4
28.525      315.6
28.559      315.6
28.592      314.8
28.626      314.8
28.659      314.2
28.693      314.2
28.726      314.2
28.760      313.3
28.793      313.4
28.827      313.3
28.860      313.3
28.894      312.9
28.927      312.9
28.961      313.2
28.994      313.2
29.028      312.4
29.061      312.4
29.095      312.4
29.128      312.4
29.162      310.8
29.196      310.5
29.229      309.9
29.263      309.9
29.296      309.4
29.330      309.4
29.363      309.3
29.397      309.3
29.430      309.8
29.464      309.8
29.497      310.2
29.531      310.5
29.564      310.5
29.598      311.3
29.631      311.3
29.665      311.6
29.698      311.6
29.732      313.1
29.765      313.1
29.799      313.0
29.832      314.1
29.866      314.1
29.899      314.5
29.933      314.5
29.966      316.9
30.000      316.9
30.034      316.8
30.067      316.8
30.101      316.6
30.134      316.6
30.168      316.0
30.201      315.3
30.235      315.3
30.268      315.3
30.302      315.3
30.335      315.0
30.369      314.8
30.402      314.8
30.436      314.3
30.469      314.3
30.503      313.1
30.536      313.1
30.570      311.5
30.603      311.6
30.637      311.0
30.670      309.7
30.704      309.7
30.737      308.9
30.771      308.9
30.804      308.8
30.838      308.8
30.872      309.2
30.905      309.2
30.939      309.6
30.972      309.5
31.006      309.5
31.039      309.2
31.073      309.2
31.106      308.7
31.140      308.7
31.173      307.5
31.207      307.5
31.240      307.5
31.274      306.8
31.307      306.8
31.341      305.9
31.374      305.9
31.408      303.8
31.441      303.8
31.475      303.0
31.508      303.0
31.542      302.7
31.575      302.0
31.609      302.1
31.642      302.0
31.676      301.9
31.709      302.4
31.743      302.4
31.777      302.7
31.810      302.7
31.844      303.0
31.877      303.1
31.911      303.0
31.944      303.1
31.978      303.1
32.011      302.7
32.045      302.8
32.078      302.5
32.112      302.5
32.145      302.5
32.179      300.9
32.212      301.0
32.246      301.3
32.279      301.3
32.313      301.3
32.346      301.2
32.380      301.0
32.413      301.0
32.447      301.2
32.480      300.5
32.514      300.5
32.547      300.5
32.581      300.5
32.615      300.4
32.648      300.4
32.682      300.2
32.715      300.2
32.749      300.4
32.782      299.3
32.816      299.3
32.849      297.8
32.883      297.8
32.916      295.9
32.950      295.9
32.983      310.9
33.017      311.0
33.050      311.0
33.084      311.1
33.117      311.2
33.151      311.8
33.184      311.9
33.218      312.7
33.251      312.7
33.285      313.7
33.318      314.4
33.352      314.4
33.385      316.1
33.419      316.1
33.453      315.9
33.486      316.0
33.520      315.9
33.553      315.9
33.587      316.6
33.620      316.6
33.654      316.6
33.687      315.9
33.721      315.9
33.754      315.9
33.788      316.8
33.821      316.9
33.855      315.4
33.888      315.4
33.922      315.4
33.955      315.4
33.989      315.4
34.022      315.3
34.056      314.9
34.089      314.9
34.123      314.0
34.156      314.0
34.190      314.0
34.223      314.0
34.257      315.7
34.291      315.7
34.324      315.1
34.358      315.1
34.391      315.1
34.425      315.1
34.458      314.3
34.492      314.1
34.525      313.3
34.559      313.3
34.592      312.8
34.626      312.8
34.659      314.2
34.693      314.1
34.726      317.2
34.760      317.2
34.793      318.1
34.827      320.4
34.860      320.4
34.894      320.4
34.927      320.4
34.961      320.7
34.994      320.6
35.028      320.6
35.061      320.6
35.095      320.8
35.128      320.2
35.162      320.2
35.196      320.1
35.229      320.0
35.263      317.6
35.296      317.6
35.330      317.6
35.363      317.6
35.397      316.9
35.430      316.9
35.464      316.4
35.497      316.4
35.531      315.5
35.564      315.5
35.598      315.5
35.631      315.5
35.665      316.5
35.698      316.2
35.732      315.8
35.765      315.8
35.799      315.4
35.832      315.4
35.866      315.7
35.899      315.6
35.933      315.6
35.966      315.6
36.000      316.1
36.034      316.2
36.067      315.4
36.101      315.4
36.134      315.4
36.168      315.4
36.201      313.3
36.235      310.7
36.268      310.7
36.302      310.7
36.335      310.7
36.369      292.2
36.402      291.7
36.436      291.7
36.469      291.7
36.503      289.1
36.536      289.4
36.570      289.9
36.603      289.9
36.637      294.3
36.670      294.3
36.704      294.1
36.737      294.1
36.771      295.5
36.804      295.6
36.838      295.6
36.872      295.6
36.905      295.5
36.939      295.6
36.972      295.6
37.006      295.6
37.039      295.6
37.073      295.6
37.106      294.9
37.140      294.9
37.173      293.8
37.207      293.7
37.240      293.2
37.274      292.0
37.307      292.0
37.341      290.7
37.374      290.7
37.408      307.1
37.441      307.2
37.475      307.2
37.508      307.2
37.542      308.1
37.575      309.5
37.609      315.5
37.642      315.5
37.676      315.5
37.709      315.4
37.743      317.3
37.777      318.2
37.810      318.9
37.844      318.9
37.877      319.6
37.911      319.6
37.944      320.1
37.978      320.1
38.011      321.2
38.045      321.2
38.078      322.2
38.112      324.0
38.145      324.0
38.179      324.0
38.212      323.0
38.246      323.8
38.279      323.8
38.313      323.8
38.346      304.6
38.380      303.5
38.413      303.4
38.447      303.4
38.480      302.9
38.514      302.6
38.547      302.6
38.581      302.6
38.615      302.2
38.648      302.2
38.682      301.9
38.715      301.4
38.749      301.5
38.782      301.5
38.816      301.6
38.849      301.3
38.883      301.3
38.916      300.7
38.950      300.7
38.983      300.7
39.017      300.7
39.050      300.7
39.084      300.2
39.117      299.4
39.151      299.4
39.184      298.9
39.218      298.7
39.251      298.7
39.285      298.7
39.318      299.4
39.352      299.9
39.385      300.0
39.419      300.0
39.453      298.1
39.486      298.1
39.520      298.1
39.553      298.2
39.587      298.3
39.620      298.2
39.654      298.0
39.687      298.0
39.721      296.7
39.754      296.7
39.788      297.4
39.821      297.3
39.855      297.8
39.888      297.8
39.922      298.1
39.955      297.8
39.989      297.8
40.022      297.7
40.056      297.6
40.089      297.5
40.123      297.4
40.156      297.6
40.190      297.6
40.223      296.6
40.257      297.4
40.291      297.4
40.324      297.8
40.358      297.8
40.391      297.9
40.425      297.9
40.458      297.4
40.492      297.4
40.525      297.4
40.559      296.5
40.592      296.5
40.626      296.5
40.659      296.3
40.693      296.3
40.726      294.6
40.760      294.6
40.793      294.8
40.827      294.8
40.860      295.3
40.894      295.3
40.927      296.2
40.961      296.2
40.994      296.5
41.028      296.9
41.061      296.9
41.095      297.3
41.128      297.2
41.162      298.8
41.196      298.9
41.229      298.8
41.263      298.8
41.296      299.6
41.330      300.1
41.363      300.1
41.397      300.6
41.430      300.6
41.464      299.6
41.497      299.6
41.531      299.6
41.564      299.6
41.598      300.1
41.631      300.3
41.665      300.3
41.698      300.3
41.732      300.2
41.765      300.2
41.799      300.8
41.832      300.8
41.866      301.1
41.899      301.2
41.933      301.2
41.966      301.6
42.000      301.6
42.034      301.7
42.067      301.7
42.101      301.7
42.134      301.7
42.168      301.7
42.201      301.7
42.235      301.5
42.268      302.3
42.302      302.3
42.335      302.2
42.369      302.1
42.402      302.4
42.436      302.3
42.469      302.6
42.503      302.6
42.536      303.1
42.570      303.2
42.603      303.2
42.637      302.6
42.670      302.6
42.704      303.2
42.737      303.0
42.771      304.1
42.804      304.0
42.838      304.6
42.872      305.8
42.905      305.7
42.939      308.1
42.972      308.1
43.006      308.1
43.039      308.1
43.073      309.3
43.106      310.2
43.140      312.0
43.173      312.0
43.207      312.8
43.240      312.6
43.274      313.8
43.307      313.8
43.341      314.6
43.374      314.6
43.408      315.1
43.441      315.9
43.475      315.9
43.508      316.2
43.542      316.2
43.575      314.9
43.609      314.9
43.642      315.3
43.676      315.3
43.709      315.9
43.743      316.5
43.777      316.5
43.810      316.6
43.844      316.6
43.877      305.1
43.911      305.1
43.944      303.7
43.978      303.7
44.011      302.6
44.045      300.2
44.078      300.2
44.112      297.9
44.145      297.9
44.179      296.4
44.212      296.4
44.246      294.2
44.279      294.3
44.313      291.6
44.346      291.7
44.380      291.7
44.413      291.7
44.447      291.9
44.480      291.3
44.514      289.9
44.547      290.0
44.581      287.7
44.615      287.7
44.648      287.5
44.682      287.5
44.715      295.5
44.749      295.8
44.782      296.3
44.816      295.5
44.849      295.5
44.883      295.5
44.916      295.5
44.950      297.9
44.983      297.9
45.017      299.4
45.050      301.3
45.084      301.3
45.117      304.1
45.151      304.1
45.184      308.6
45.218      308.6
45.251      308.2
45.285      308.3
45.318      308.5
45.352      310.6
45.385      310.6
45.419      313.4
45.453      313.4
45.486      314.6
45.520      314.6
45.553      316.3
45.587      316.4
45.620      317.9
45.654      319.6
45.687      319.6
45.721      320.9
45.754      320.8
45.788      320.8
45.821      320.8
45.855      309.5
45.888      309.5
45.922      309.5
45.955      303.2
45.989      302.3
46.022      301.1
46.056      301.1
46.089      302.0
46.123      302.0
46.156      301.5
46.190      301.5
46.223      298.9
46.257      299.0
46.291      299.4
46.324      300.0
46.358      300.0
46.391      300.3
46.425      300.3
46.458      299.6
46.492      299.6
46.525      298.2
46.559      298.2
46.592      297.3
46.626      296.1
46.659      296.2
46.693      295.8
46.726      295.8
46.760      298.2
46.793      298.2
46.827      298.8
46.860      298.8
46.894      299.3
46.927      301.3
46.961      301.2
46.994      303.5
47.028      303.6
47.061      305.7
47.095      305.8
47.128      306.6
47.162      306.6
47.196      307.1
47.229      307.7
47.263      306.6
47.296      307.1
47.330      307.1
47.363      307.3
47.397      307.4
47.430      308.1
47.464      308.0
47.497      308.1
47.531      306.6
47.564      306.6
47.598      306.7
47.631      306.1
47.665      305.1
47.698      303.4
47.732      303.5
47.765      300.3
47.799      300.3
47.832      298.8
47.866      298.8
47.899      297.4
47.933      297.4
47.966      297.0
48.000      295.8
48.034      295.8
48.067      295.8
48.101      295.8
48.134      303.5
48.168      303.6
48.201      303.4
48.235      303.1
48.268      303.4
48.302      303.2
48.335      301.7
48.369      301.7
48.402      301.5
48.436      301.5
48.469      302.4
48.503      302.4
48.536      299.8
48.570      299.8
48.603      300.9
48.637      302.1
48.670      302.0
48.704      303.1
48.737      303.1
48.771      303.0
48.804      303.0
48.838      306.6
48.872      306.6
48.905      307.0
48.939      307.6
48.972      307.6
49.006      307.7
49.039      307.7
49.073      306.9
49.106      306.9
49.140      306.8
49.173      306.8
49.207      307.1
49.240      307.0
49.274      306.1
49.307      307.1
49.341      307.1
49.374      307.8
49.408      307.8
49.441      308.2
49.475      308.2
49.508      308.4
49.542      308.8
49.575      308.8
49.609      309.7
49.642      309.7
49.676      310.4
49.709      310.4
49.743      310.8
49.777      310.6
49.810      310.5
49.844      311.0
49.877      311.0
49.911      311.7
49.944      311.8
49.978      312.1
50.011      312.1
50.045      312.4
50.078      312.4
50.112      312.5
50.145      312.1
50.179      312.1
50.212      312.9
50.246      312.9
50.279      314.7
50.313      314.7
50.346      315.8
50.380      315.8
50.413      315.7
50.447      315.3
50.480      315.3
50.514      314.3
50.547      314.3
50.581      312.8
50.615      312.8
50.648      311.2
50.682      311.2
50.715      310.2
50.749      308.3
50.782      308.1
50.816      304.4
50.849      304.4
50.883      302.2
50.916      302.2
50.950      299.3
50.983      299.3
51.017      298.7
51.050      298.1
51.084      298.1
51.117      298.1
51.151      298.1
51.184      298.9
51.218      298.9
51.251      299.6
51.285      297.9
51.318      298.9
51.352      298.4
51.385      298.5
51.419      299.6
51.453      299.6
51.486      301.9
51.520      301.9
51.553      301.9
51.587      301.9
51.620      301.3
51.654      299.3
51.687      299.3
51.721      297.5
51.754      297.4
51.788      298.8
51.821      298.8
51.855      303.5
51.888      303.5
51.922      304.6
51.955      305.8
51.989      305.8
52.022      306.0
52.056      306.0
52.089      306.0
52.123      306.0
52.156      307.6
52.190      307.6
52.223      307.1
52.257      305.3
52.291      305.2
52.324      305.1
52.358      305.2
52.391      305.2
52.425      307.5
52.458      307.5
52.492      308.5
52.525      308.5
52.559      308.5
52.592      308.5
52.626      308.7
52.659      309.2
52.693      309.2
52.726      310.0
52.760      310.0
52.793      309.6
52.827      309.6
52.860      309.7
52.894      309.7
52.927      309.9
52.961      310.1
52.994      310.1
53.028      310.0
53.061      310.0
53.095      310.1
53.128      310.0
53.162      310.1
53.196      310.1
53.229      310.1
53.263      310.1
53.296      309.5
53.330      309.7
53.363      309.6
53.397      309.6
53.430      310.1
53.464      310.1
53.497      310.4
53.531      310.5
53.564      310.5
53.598      310.5
53.631      310.5
53.665      311.1
53.698      311.1
53.732      311.1
53.765      309.6
53.799      309.9
53.832      309.6
53.866      309.6
53.899      310.7
53.933      310.8
53.966      310.3
54.000      310.3
54.034      310.0
54.067      310.0
54.101      309.7
54.134      308.6
54.168      308.6
54.201      308.0
54.235      308.0
54.268      307.7
54.302      307.6
54.335      306.4
54.369      306.3
54.402      306.0
54.436      304.1
54.469      304.1
54.503      302.7
54.536      302.7
54.570      299.6
54.603      299.6
54.637      299.2
54.670      299.2
54.704      300.0
54.737      300.3
54.771      300.3
54.804      300.8
54.838      300.9
54.872      301.2
54.905      301.3
54.939      301.4
54.972      301.4
55.006      301.7
55.039      316.1
55.073      316.2
55.106      316.3
55.140      316.3
55.173      317.6
55.207      316.6
55.240      316.7
55.274      316.7
55.307      316.9
55.341      317.0
55.374      317.0
55.408      317.0
55.441      317.3
55.475      317.7
55.508      317.7
55.542      317.7
55.575      316.6
55.609      315.8
55.642      315.8
55.676      316.4
55.709      316.4
55.743      318.1
55.777      318.2
55.810      318.0
55.844      318.3
55.877      320.9
55.911      320.9
55.944      320.9
55.978      320.9
56.011      322.5
56.045      324.2
56.078      328.2
56.112      328.2
56.145      328.2
56.179      328.2
56.212      329.7
56.246      330.8
56.279      331.6
56.313      331.3
56.346      332.7
56.380      332.8
56.413      333.0
56.447      333.0
56.480      333.8
56.514      333.8
56.547      335.4
56.581      335.3
56.615      335.3
56.648      318.2
56.682      317.1
56.715      317.1
56.749      317.1
56.782      316.3
56.816      314.3
56.849      314.3
56.883      312.5
56.916      309.5
56.950      309.6
56.983      303.3
57.017      303.3
57.050      303.2
57.084      303.2
57.117      306.1
57.151      306.2
57.184      308.6
57.218      313.3
57.251      313.3
57.285      319.2
57.318      318.6
57.352      320.7
57.385      320.7
57.419      321.2
57.453      321.2
57.486      321.1
57.520      318.9
57.553      318.9
57.587      317.2
57.620      317.3
57.654      315.1
57.687      315.2
57.721      316.0
57.754      316.0
57.788      317.1
57.821      318.1
57.855      318.1
57.888      318.3
57.922      318.3
57.955      318.9
57.989      319.0
58.022      317.1
58.056      317.2
58.089      316.5
58.123      314.4
58.156      314.3
58.190      312.9
58.223      312.9
58.257      314.8
58.291      314.8
58.324      318.6
58.358      318.6
58.391      319.5
58.425      322.7
58.458      322.7
58.492      322.7
58.525      322.7
58.559      314.1
58.592      313.6
58.626      311.8
58.659      311.8
58.693      310.2
58.726      310.2
58.760      308.6
58.793      308.6
58.827      308.6
58.860      308.0
58.894      308.0
58.927      305.4
58.961      305.4
58.994      305.6
59.028      305.6
59.061      307.2
59.095      307.2
59.128      307.9
59.162      309.5
59.196      309.5
59.229      312.0
59.263      312.0
59.296      314.4
59.330      313.5
59.363      317.6
59.397      317.6
59.430      318.2
59.464      318.7
59.497      318.7
59.531      316.9
59.564      316.9
59.598      315.4
59.631      315.4
59.665      315.4
59.698      315.4
59.732      315.3
59.765      317.5
59.799      317.5
59.832      317.4
59.866      317.4
59.899      298.2
59.933      298.0
59.966      294.4
60.000      294.4
60.034      293.3
60.067      293.3
60.101      291.9
60.134      291.9
60.168      291.1
60.201      290.5
60.235      290.6
60.268      291.2
60.302      291.2
60.335      291.2
60.369      291.3
60.402      294.9
60.436      294.9
60.469      294.9
60.503      294.9
60.536      295.8
60.570      295.8
60.603      296.2
60.637      295.2
60.670      295.2
60.704      294.8
60.737      294.1
60.771      294.1
60.804      293.5
60.838      293.4
60.872      292.6
60.905      292.6
60.939      291.9
60.972      291.9
61.006      291.7
61.039      291.9
61.073      291.9
61.106      292.0
61.140      292.0
61.173      292.6
61.207      292.5
61.240      292.2
61.274      292.2
61.307      292.2
61.341      291.3
61.374      291.3
61.408      291.5
61.441      291.5
61.475      292.0
61.508      292.0
61.542      293.6
61.575      293.6
61.609      293.3
61.642      294.9
61.676      294.9
61.709      296.7
61.743      296.7
61.777      298.2
61.810      298.2
61.844      297.9
61.877      297.9
61.911      298.0
61.944      287.5
61.978      287.5
62.011      285.7
62.045      285.6
62.078      284.9
62.112      284.9
62.145      284.4
62.179      284.4
62.212      284.8
62.246      284.2
62.279      284.1
62.313      284.4
62.346      283.5
62.380      284.4
62.413      284.4
62.447      284.2
62.480      284.2
62.514      284.2
62.547      283.6
62.581      283.6
62.615      283.8
62.648      283.8
62.682      284.2
62.715      284.2
62.749      284.4
62.782      284.4
62.816      284.7
62.849      284.4
62.883      284.5
62.916      284.4
62.950      284.5
62.983      284.3
63.017      284.3
63.050      285.1
63.084      285.1
63.117      285.2
63.151      284.7
63.184      284.7
63.218      285.2
63.251      285.2
63.285      285.6
63.318      285.6
63.352      286.2
63.385      286.3
63.419      287.3
63.453      287.7
63.486      287.7
63.520      288.9
63.553      289.0
63.587      289.6
63.620      289.6
63.654      290.7
63.687      290.7
63.721      291.3
63.754      292.2
63.788      292.2
63.821      293.3
63.855      293.2
63.888      294.1
63.922      294.1
63.955      295.4
63.989      295.4
64.022      296.5
64.056      297.7
64.089      297.8
64.123      298.2
64.156      298.2
64.190      298.1
64.223      298.2
64.257      297.7
64.291      297.7
64.324      297.5
64.358      297.4
64.391      297.5
64.425      301.9
64.458      301.9
64.492      301.9
64.525      301.9
64.559      305.6
64.592      305.6
64.626      305.6
64.659      295.4
64.693      295.9
64.726      296.1
64.760      296.1
64.793      281.5
64.827      281.5
64.860      279.4
64.894      279.4
64.927      276.5
64.961      274.7
64.994      274.7
65.028      273.6
65.061      273.7
65.095      273.2
65.128      273.2
65.162      272.8
65.196      272.8
65.229      273.0
65.263      273.1
65.296      273.1
65.330      273.7
65.363      273.5
65.397      274.7
65.430      274.7
65.464      274.6
65.497      274.6
65.531      274.5
65.564      274.4
65.598      274.4
65.631      274.4
65.665      274.4
65.698      274.2
65.732      274.1
65.765      273.8
65.799      273.8
65.832      274.0
65.866      273.5
65.899      273.5
65.933      273.5
65.966      273.5
66.000      273.3
66.034      273.3
66.067      273.2
66.101      273.2
66.134      273.3
66.168      273.0
66.201      272.9
66.235      273.2
66.268      273.2
66.302      272.7
66.335      272.7
66.369      271.2
66.402      271.3
66.436      271.5
66.469      271.4
66.503      271.4
66.536      270.8
66.570      270.8
66.603      270.5
66.637      270.5
66.670      270.5
66.704      270.5
66.737      269.0
66.771      269.0
66.804      269.0
66.838      268.6
66.872      268.6
66.905      268.6
66.939      279.3
66.972      279.7
67.006      279.8
67.039      279.8
67.073      279.5
67.106      279.6
67.140      280.2
67.173      280.2
67.207      280.3
67.240      280.3
67.274      280.3
67.307      280.3
67.341      280.3
67.374      280.0
67.408      280.0
67.441      280.0
67.475      280.0
67.508      278.6
67.542      277.6
67.575      277.6
67.609      287.5
67.642      287.6
67.676      290.7
67.709      290.7
67.743      288.6
67.777      288.7
67.810      288.7
67.844      285.7
67.877      285.6
67.911      285.6
67.944      284.3
67.978      284.3
68.011      284.0
68.045      282.3
68.078      282.3
68.112      280.9
68.145      279.4
68.179      279.5
68.212      278.9
68.246      278.9
68.279      278.8
68.313      278.8
68.346      280.6
68.380      280.2
68.413      282.0
68.447      290.1
68.480      290.1
68.514      290.1
68.547      290.1
68.581      281.5
68.615      283.6
68.648      286.9
68.682      286.8
68.715      291.1
68.749      291.1
68.782      280.1
68.816      280.2
68.849      280.1
68.883      278.6
68.916      278.5
68.950      276.6
68.983      276.6
69.017      276.3
69.050      276.3
69.084      276.3
69.117      276.3
69.151      276.4
69.184      276.6
69.218      276.3
69.251      276.3
69.285      278.1
69.318      278.1
69.352      277.7
69.385      277.6
69.419      277.2
69.453      277.3
69.486      277.1
69.520      277.0
69.553      276.9
69.587      277.4
69.620      277.4
69.654      277.6
69.687      277.5
69.721      277.5
69.754      277.5
69.788      277.5
69.821      277.4
69.855      277.4
69.888      277.2
69.922      277.1
69.955      276.8
69.989      276.8
70.022      276.4
70.056      276.4
70.089      276.3
70.123      276.1
70.156      276.0
70.190      275.6
70.223      275.6
70.257      275.6
70.291      275.6
70.324      275.3
70.358      275.3
70.391      274.2
70.425      274.3
70.458      274.4
70.492      274.4
70.525      274.4
70.559      274.4
70.592      274.4
70.626      274.6
70.659      274.5
70.693      274.6
70.726      274.7
70.760      274.7
70.793      274.8
70.827      274.8
70.860      274.0
70.894      273.9
70.927      273.8
70.961      273.8
70.994      273.8
71.028      273.4
71.061      273.4
71.095      273.1
71.128      273.0
71.162      272.6
71.196      272.6
71.229      273.0
71.263      273.0
71.296      272.9
71.330      272.9
71.363      272.9
71.397      272.4
71.430      272.4
71.464      272.4
71.497      272.4
71.531      272.5
71.564      272.5
71.598      272.2
71.631      270.1
71.665      270.1
71.698      270.3
71.732      270.3
71.765      272.5
71.799      272.5
71.832      272.4
71.866      272.3
71.899      272.5
71.933      272.5
71.966      272.5
72.000      272.4
72.034      272.4
72.067      272.6
72.101      272.6
72.134      272.0
72.168      271.9
72.201      271.9
72.235      271.3
72.268      271.3
72.302      267.2
72.335      267.2
72.369      267.2
72.402      267.4
72.436      277.9
72.469      278.2
72.503      280.0
72.536      280.0
72.570      279.8
72.603      279.8
72.637      281.2
72.670      281.2
72.704      283.0
72.737      295.3
72.771      295.4
72.804      295.4
72.838      295.4
72.872      295.4
72.905      295.4
72.939      295.4
72.972      295.4
73.006      295.4
73.039      295.2
73.073      294.7
73.106      294.7
73.140      293.8
73.173      293.9
73.207      293.4
73.240      293.5
73.274      292.4
73.307      292.4
73.341      292.2
73.374      291.6
73.408      291.5
73.441      290.7
73.475      290.7
73.508      287.8
73.542      287.8
73.575      287.8
73.609      287.8
73.642      286.0
73.676      285.4
73.709      284.3
73.743      284.2
73.777      283.3
73.810      283.3
73.844      282.0
73.877      282.0
73.911      281.4
73.944      281.4
73.978      281.0
74.011      279.8
74.045      279.8
74.078      278.4
74.112      278.4
74.145      276.2
74.179      276.2
74.212      273.8
74.246      273.8
74.279      278.8
74.313      278.9
74.346      278.9
74.380      278.9
74.413      277.5
74.447      277.2
74.480      272.3
74.514      272.3
74.547      272.3
74.581      272.3
74.615      270.2
74.648      265.6
74.682      265.7
74.715      265.7
74.749      265.7
74.782      265.7
74.816      265.7
74.849      265.7
74.883      285.5
74.916      285.7
74.950      295.8
74.983      295.9
75.017      295.9
75.050      302.0
75.084      302.0
75.117      302.0
75.151      286.8
75.184      292.1
75.218      292.1
75.251      292.1
75.285      284.4
75.318      285.7
75.352      288.3
