0.000      266.1
0.100      266.2
0.200      266.3
0.300      266.3
0.400      266.4
0.500      266.5
0.600      266.7
0.700      266.7
0.800      266.8
0.900      266.9
1.000      267.0
1.100      267.0
1.200      266.7
1.300      266.6
1.400      266.6
1.500      266.3
1.600      266.3
1.700      266.3
1.800      266.0
1.900      263.1
2.000      262.6
2.100      262.2
2.200      262.0
2.300      261.9
2.400      260.9
2.500      260.6
2.600      260.5
2.700      260.4
2.800      260.2
2.900      260.3
3.000      260.2
3.100      260.1
3.200      260.3
3.300      260.5
3.400      260.9
3.500      261.0
3.600      262.7
3.700      263.2
3.800      263.7
3.900      264.1
4.000      264.4
4.100      264.4
4.200      264.7
4.300      265.3
4.400      265.7
4.500      266.3
4.600      266.8
4.700      267.1
4.800      269.4
4.900      269.5
5.000      270.5
5.100      270.7
5.200      271.0
5.300      271.3
5.400      271.7
5.500      272.3
5.600      272.4
5.700      272.9
5.800      273.6
5.900      274.2
6.000      276.6
6.100      276.9
6.200      277.2
6.300      277.7
6.400      278.0
6.500      278.1
6.600      278.3
6.700      278.3
6.800      278.4
6.900      278.6
7.000      278.6
7.100      278.7
7.200      280.0
7.300      279.9
7.400      279.9
7.500      280.0
7.600      280.1
7.700      280.0
7.800      280.1
7.900      280.0
8.000      280.0
8.100      280.0
8.200      280.0
8.300      280.1
8.400      279.9
8.500      279.6
8.600      279.5
8.700      279.4
8.800      279.3
8.900      278.9
9.000      278.6
9.100      278.5
9.200      278.6
9.300      278.6
9.400      278.9
9.500      279.3
9.600      278.9
9.700      279.1
9.800      279.3
9.900      279.4
10.000      279.0
10.100      279.0
10.200      279.0
10.300      279.0
10.400      279.0
10.500      278.8
10.600      278.7
10.700      278.6
10.800      278.4
10.900      278.4
11.000      278.4
11.100      278.2
11.200      278.1
11.300      278.0
11.400      278.0
11.500      277.8
11.600      277.7
11.700      277.6
11.800      277.5
11.900      277.5
12.000      276.8
12.100      276.6
12.200      276.6
12.300      276.5
12.400      276.5
12.500      276.2
12.600      276.0
12.700      275.9
12.800      275.9
12.900      275.7
13.000      275.6
13.100      275.5
13.200      274.7
13.300      274.5
13.400      274.4
13.500      274.2
13.600      274.2
13.700      274.2
13.800      274.2
13.900      274.1
14.000      274.1
14.100      274.0
14.200      274.0
14.300      274.1
14.400      274.8
14.500      274.8
14.600      274.7
14.700      274.7
14.800      274.7
14.900      274.7
15.000      275.0
15.100      275.1
15.200      275.1
15.300      275.1
15.400      275.1
15.500      274.9
15.600      274.5
15.700      274.5
15.800      274.3
15.900      274.1
16.000      274.0
16.100      273.9
16.200      273.6
16.300      273.5
16.400      273.3
16.500      272.9
16.600      272.6
16.700      272.5
16.800      270.6
16.900      270.6
17.000      270.5
17.100      270.4
17.200      270.4
17.300      270.2
17.400      270.1
17.500      269.9
17.600      269.6
17.700      269.3
17.800      269.1
17.900      268.8
18.000      265.8
18.100      265.7
18.200      265.6
18.300      265.5
18.400      265.1
18.500      265.0
18.600      264.8
18.700      264.5
18.800      264.3
18.900      264.1
19.000      263.6
19.100      263.1
19.200      260.4
19.300      260.3
19.400      260.1
19.500      259.8
19.600      259.5
19.700      259.5
19.800      259.3
19.900      259.0
20.000      258.2
20.100      257.9
20.200      257.5
20.300      257.2
20.400      255.8
20.500      255.6
20.600      255.5
20.700      255.4
20.800      255.2
20.900      254.8
21.000      254.5
21.100      254.1
21.200      253.6
21.300      253.3
21.400      253.0
21.500      252.8
21.600      250.2
21.700      249.9
21.800      249.8
21.900      249.7
22.000      249.6
22.100      249.5
22.200      249.4
22.300      249.2
22.400      248.9
22.500      248.5
22.600      248.3
22.700      248.0
22.800      246.4
22.900      246.1
23.000      246.1
23.100      245.9
23.200      245.8
23.300      245.6
23.400      245.6
23.500      245.5
23.600      245.3
23.700      245.0
23.800      244.9
23.900      244.8
24.000      242.7
24.100      242.6
24.200      242.5
24.300      242.4
24.400      242.4
24.500      242.4
24.600      242.5
24.700      242.4
24.800      242.4
24.900      242.5
25.000      241.9
25.100      241.9
25.200      241.0
25.300      240.9
25.400      240.9
25.500      240.8
25.600      240.6
25.700      240.6
25.800      240.6
25.900      240.4
26.000      240.4
26.100      240.4
26.200      240.1
26.300      240.0
26.400      238.3
26.500      238.2
26.600      238.3
26.700      238.3
26.800      238.4
26.900      238.3
27.000      238.1
27.100      238.1
27.200      238.1
27.300      238.2
27.400      238.2
27.500      238.3
27.600      232.2
27.700      232.1
27.800      232.1
27.900      232.0
28.000      232.1
28.100      232.3
28.200      232.4
28.300      231.9
28.400      231.9
28.500      231.7
28.600      231.3
28.700      231.1
28.800      230.9
28.900      231.4
29.000      231.6
29.100      230.7
29.200      230.3
29.300      229.6
29.400      228.3
29.500      228.0
29.600      228.0
29.700      228.1
29.800      228.3
29.900      228.4
30.000      227.9
30.100      228.2
30.200      228.6
30.300      228.8
30.400      229.0
30.500      229.3
30.600      229.6
30.700      230.1
30.800      230.3
30.900      230.5
31.000      230.7
31.100      230.7
31.200      231.8
31.300      232.0
31.400      232.2
31.500      232.5
31.600      232.7
31.700      233.0
31.800      233.3
31.900      233.6
32.000      233.9
32.100      234.6
32.200      235.8
32.300      236.3
32.400      237.9
32.500      238.0
32.600      237.8
32.700      237.7
32.800      238.1
32.900      238.7
33.000      239.2
33.100      239.7
33.200      240.6
33.300      241.1
33.400      241.7
33.500      242.0
33.600      243.7
33.700      244.0
33.800      244.4
33.900      244.7
34.000      244.7
34.100      245.1
34.200      245.2
34.300      245.3
34.400      245.8
34.500      246.0
34.600      246.1
34.700      246.4
34.800      247.4
34.900      247.0
35.000      247.1
35.100      246.4
35.200      246.5
35.300      246.6
35.400      246.6
35.500      246.6
35.600      246.6
35.700      246.5
35.800      246.5
35.900      246.6
36.000      246.8
36.100      247.0
36.200      247.1
36.300      247.2
36.400      247.3
36.500      247.3
36.600      247.5
36.700      247.4
36.800      247.5
36.900      247.8
37.000      247.9
37.100      248.1
37.200      248.9
37.300      249.2
37.400      248.7
37.500      248.5
37.600      248.5
37.700      248.1
37.800      247.5
37.900      247.2
38.000      247.0
38.100      246.9
38.200      246.7
38.300      246.6
38.400      244.9
38.500      244.9
38.600      244.9
38.700      244.7
38.800      244.6
38.900      244.5
39.000      244.3
39.100      244.1
39.200      244.0
39.300      243.9
39.400      244.0
39.500      244.1
39.600      243.1
39.700      243.0
39.800      243.0
39.900      243.0
40.000      242.7
40.100      243.0
40.200      242.9
40.300      242.8
40.400      242.8
40.500      242.8
40.600      242.9
40.700      243.2
40.800      244.5
40.900      244.8
41.000      244.9
41.100      245.0
41.200      245.5
41.300      245.6
41.400      246.0
41.500      246.4
41.600      246.7
41.700      247.0
41.800      247.9
41.900      248.4
42.000      250.4
42.100      250.7
42.200      250.9
42.300      251.0
42.400      251.3
42.500      251.5
42.600      251.8
42.700      252.1
42.800      252.4
42.900      252.1
43.000      251.1
43.100      251.0
43.200      250.0
43.300      250.1
43.400      250.5
43.500      251.1
43.600      251.2
43.700      251.7
43.800      251.5
43.900      248.5
44.000      248.3
44.100      248.6
44.200      249.5
44.300      250.7
44.400      253.3
44.500      253.0
44.600      252.0
44.700      250.9
44.800      251.4
44.900      252.8
45.000      254.2
45.100      253.5
45.200      247.1
45.300      247.2
45.400      249.8
45.500      254.5
45.600      255.3
45.700      257.2
45.800      257.9
45.900      266.2
46.000      271.2
46.100      284.8
46.200      286.8
46.300      292.0
46.400      301.8
46.500      303.1
46.600      318.3
46.700      318.4
46.800      325.4
46.900      328.4
47.000      348.7
47.100      351.5
47.200      357.2
47.300      351.5
47.400      345.2
47.500      294.4
47.600      297.3
47.700      290.4
47.800      296.6
47.900      330.3
48.000      381.8
48.100      424.6
48.200      471.1
48.300      424.6
48.400      452.9
48.500      490.3
48.600      518.7
48.700      525.5
48.800      586.3
48.900      613.2
49.000      642.5
49.100      663.7
49.200      679.9
49.300      687.0
49.400      693.9
49.500      699.4
49.600      700.6
49.700      694.0
49.800      688.6
49.900      671.6
50.000      640.0
50.100      585.8
50.200      481.5
50.300      397.5
50.400      327.6
50.500      294.0
50.600      295.0
50.700      304.9
50.800      277.5
50.900      237.0
51.000      152.0
51.100       87.7
51.200       69.7
51.300       37.0
51.400      349.3
51.500      362.7
51.600      349.2
51.700      333.7
51.800      318.0
51.900      299.7
52.000      297.7
52.100      283.4
52.200      276.5
52.300      267.9
52.400      265.5
52.500      259.0
52.600      261.8
52.700      264.0
52.800      264.3
52.900      263.6
53.000      262.6
53.100      260.7
53.200      259.5
53.300      259.3
53.400      259.2
53.500      258.1
53.600      256.6
53.700      256.1
53.800      257.2
53.900      257.3
54.000      256.8
54.100      256.8
54.200      256.9
54.300      257.0
54.400      257.0
54.500      257.1
54.600      257.1
54.700      257.2
54.800      256.7
54.900      256.3
55.000      255.8
55.100      255.2
55.200      253.1
55.300      253.1
55.400      253.1
55.500      253.0
55.600      253.2
55.700      253.4
55.800      253.1
55.900      252.9
56.000      252.3
56.100      252.0
56.200      252.1
56.300      252.2
56.400      251.7
56.500      251.8
56.600      251.5
56.700      251.3
56.800      251.2
56.900      250.7
57.000      250.2
57.100      250.2
57.200      250.3
57.300      250.4
57.400      250.4
57.500      250.7
57.600      250.1
57.700      250.2
57.800      250.4
57.900      250.5
58.000      250.6
58.100      250.8
58.200      251.0
58.300      251.2
58.400      251.5
58.500      251.6
58.600      251.9
58.700      252.1
58.800      252.2
58.900      252.7
59.000      252.9
59.100      253.2
59.200      253.6
59.300      253.6
59.400      253.7
59.500      253.6
59.600      252.7
59.700      252.0
59.800      251.4
59.900      251.0
60.000      251.9
60.100      252.3
60.200      252.5
60.300      252.4
60.400      252.3
60.500      252.5
60.600      252.6
60.700      252.7
60.800      252.9
60.900      252.9
61.000      253.2
61.100      253.4
61.200      254.0
61.300      254.1
61.400      254.2
61.500      254.5
61.600      254.7
61.700      254.8
61.800      255.0
61.900      255.6
62.000      255.8
62.100      255.9
62.200      256.3
62.300      256.7
62.400      257.8
62.500      258.0
62.600      258.2
62.700      258.3
62.800      258.5
62.900      258.7
63.000      258.9
63.100      259.0
63.200      259.2
63.300      259.1
63.400      259.0
63.500      259.2
63.600      259.5
63.700      259.4
63.800      259.5
63.900      259.7
64.000      259.8
64.100      260.1
64.200      260.3
64.300      260.5
64.400      260.8
64.500      260.9
64.600      261.1
64.700      261.2
64.800      261.6
64.900      261.5
65.000      261.8
65.100      262.0
65.200      262.0
65.300      262.1
65.400      262.1
65.500      262.2
65.600      262.3
65.700      262.4
65.800      262.6
65.900      262.8
66.000      263.3
66.100      262.9
66.200      262.6
66.300      262.5
66.400      262.2
66.500      261.5
66.600      261.2
66.700      261.1
66.800      261.1
66.900      261.2
67.000      261.1
67.100      261.0
67.200      260.5
67.300      260.6
67.400      260.6
67.500      260.6
67.600      260.6
67.700      260.6
67.800      260.6
67.900      260.5
68.000      260.6
68.100      260.6
68.200      260.7
68.300      260.7
68.400      260.9
68.500      260.7
68.600      260.8
68.700      260.8
68.800      260.8
68.900      260.9
69.000      260.8
69.100      260.8
69.200      260.8
69.300      260.8
69.400      260.9
69.500      260.9
69.600      260.6
69.700      260.5
69.800      260.6
69.900      260.6
70.000      260.3
70.100      260.3
70.200      260.4
70.300      260.4
70.400      260.5
70.500      260.5
70.600      260.5
70.700      260.6
70.800      260.3
70.900      260.3
71.000      260.4
71.100      260.5
71.200      260.5
71.300      260.6
71.400      260.7
71.500      260.7
71.600      260.9
71.700      260.9
71.800      261.0
71.900      261.1
72.000      261.4
72.100      261.5
72.200      261.6
72.300      261.6
72.400      261.6
72.500      261.8
72.600      261.9
72.700      262.0
72.800      262.5
72.900      262.7
73.000      262.8
73.100      263.0
73.200      262.9
73.300      263.3
73.400      263.8
73.500      263.9
73.600      263.9
73.700      264.0
73.800      263.8
73.900      263.5
74.000      263.1
74.100      262.7
74.200      262.4
74.300      262.5
74.400      262.6
74.500      262.6
74.600      262.8
74.700      262.9
74.800      263.0
74.900      263.2
75.000      263.3
75.100      263.6
75.200      263.9
75.300      264.2
75.400      264.2
75.500      264.4
75.600      265.4
75.700      265.6
75.800      265.8
75.900      266.0
76.000      266.2
76.100      266.5
76.200      266.7
76.300      266.3
76.400      266.2
76.500      266.1
76.600      265.7
76.700      264.9
76.800      264.3
76.900      263.3
77.000      263.0
77.100      263.0
77.200      263.0
77.300      263.0
77.400      263.0
77.500      263.0
77.600      262.9
77.700      262.9
77.800      262.8
77.900      262.7
78.000      261.9
78.100      261.9
78.200      261.9
78.300      261.9
78.400      261.9
78.500      261.9
78.600      261.9
78.700      261.9
78.800      261.9
78.900      261.8
79.000      261.8
79.100      261.8
79.200      260.8
79.300      260.7
79.400      260.8
79.500      260.7
79.600      260.7
79.700      260.7
79.800      260.6
79.900      260.6
80.000      260.2
80.100      260.2
80.200      260.2
80.300      260.2
80.400      259.6
80.500      259.6
80.600      259.6
80.700      259.6
80.800      259.6
80.900      259.6
81.000      259.6
81.100      259.6
81.200      259.6
81.300      259.6
81.400      259.7
81.500      259.6
81.600      259.0
81.700      259.0
81.800      259.1
81.900      259.0
82.000      259.0
82.100      259.0
82.200      259.0
82.300      259.0
82.400      259.0
82.500      258.9
82.600      258.9
82.700      258.9
82.800      258.3
82.900      258.3
83.000      258.3
83.100      258.3
83.200      258.3
83.300      258.2
83.400      258.2
83.500      258.3
83.600      258.2
83.700      258.2
83.800      258.2
83.900      258.1
84.000      257.4
84.100      257.4
84.200      257.5
84.300      257.5
84.400      257.5
84.500      257.5
84.600      257.5
84.700      257.5
84.800      257.5
84.900      257.4
85.000      257.1
85.100      257.1
85.200      258.3
85.300      258.3
85.400      258.4
85.500      258.4
85.600      258.4
85.700      258.5
85.800      258.6
85.900      258.6
86.000      258.6
86.100      258.6
86.200      258.6
86.300      258.6
86.400      258.4
86.500      258.3
86.600      258.4
86.700      258.5
86.800      258.4
86.900      258.5
87.000      258.5
87.100      258.4
87.200      258.5
87.300      258.5
87.400      258.5
87.500      258.5
87.600      258.3
87.700      258.4
87.800      258.4
87.900      258.3
88.000      258.3
88.100      258.4
88.200      258.3
88.300      258.3
88.400      258.3
88.500      258.2
88.600      258.2
88.700      258.3
88.800      257.7
88.900      257.7
89.000      257.7
89.100      257.8
89.200      257.8
89.300      257.8
89.400      257.8
89.500      257.8
89.600      257.9
89.700      257.9
89.800      257.9
89.900      257.9
90.000      256.4
90.100      256.5
90.200      256.5
90.300      256.6
90.400      256.7
90.500      256.7
90.600      256.7
90.700      256.7
90.800      256.8
90.900      256.8
91.000      256.8
91.100      256.8
91.200      256.3
91.300      256.5
91.400      256.6
91.500      256.6
91.600      256.7
91.700      256.7
91.800      256.8
91.900      256.9
92.000      257.0
92.100      257.1
92.200      257.5
92.300      257.7
92.400      258.6
92.500      258.5
92.600      258.5
92.700      258.6
92.800      258.7
92.900      258.7
93.000      258.8
93.100      258.9
93.200      259.0
93.300      259.1
93.400      259.2
93.500      259.3
93.600      259.2
93.700      259.3
93.800      259.4
93.900      259.6
94.000      259.7
94.100      259.8
94.200      260.0
94.300      260.2
94.400      260.5
94.500      260.6
94.600      261.2
94.700      261.7
94.800      263.6
94.900      263.3
95.000      263.5
95.100      262.8
95.200      262.4
95.300      262.4
95.400      262.4
95.500      262.4
95.600      262.4
95.700      262.5
95.800      262.5
95.900      262.5
96.000      262.3
96.100      262.3
96.200      262.4
96.300      262.4
96.400      262.5
96.500      262.5
96.600      262.5
96.700      262.5
96.800      262.6
96.900      262.6
97.000      262.7
97.100      262.8
97.200      262.6
97.300      262.6
97.400      262.8
97.500      262.7
97.600      262.7
97.700      262.8
97.800      262.9
97.900      262.9
98.000      263.0
98.100      263.0
98.200      263.1
98.300      263.1
98.400      262.9
98.500      262.9
98.600      263.0
98.700      263.1
98.800      263.2
98.900      263.2
99.000      263.3
99.100      263.3
99.200      263.3
99.300      263.3
99.400      263.4
99.500      263.4
99.600      263.2
99.700      263.2
99.800      263.4
99.900      263.4
100.000      263.2
100.100      263.3
100.200      263.3
100.300      263.3
100.400      263.5
100.500      263.4
100.600      263.5
100.700      263.5
100.800      263.1
100.900      263.1
101.000      263.2
101.100      263.3
101.200      263.5
101.300      263.5
101.400      263.6
101.500      263.7
101.600      263.7
101.700      263.8
101.800      263.9
101.900      263.9
102.000      264.3
102.100      264.4
102.200      264.5
102.300      264.6
102.400      264.7
102.500      264.8
102.600      264.9
102.700      265.2
102.800      265.4
102.900      265.6
103.000      265.9
103.100      266.5
103.200      267.3
103.300      267.6
103.400      268.1
103.500      268.5
103.600      269.0
103.700      269.4
103.800      269.9
103.900      270.4
104.000      270.6
104.100      270.5
104.200      269.4
104.300      269.0
104.400      268.0
104.500      267.9
104.600      267.8
104.700      267.7
104.800      267.8
104.900      267.7
105.000      266.2
105.100      266.4
105.200      266.5
105.300      266.7
105.400      267.1
105.500      267.2
105.600      269.2
105.700      269.3
105.800      269.5
105.900      269.7
106.000      269.8
106.100      269.8
106.200      270.1
106.300      270.6
106.400      270.9
106.500      270.9
106.600      271.2
106.700      271.8
106.800      273.7
106.900      274.1
107.000      274.4
107.100      274.4
107.200      274.6
107.300      274.7
107.400      274.8
107.500      274.8
107.600      274.8
107.700      275.1
107.800      275.4
107.900      275.8
108.000      277.5
108.100      277.8
108.200      278.3
108.300      278.7
108.400      279.6
108.500      280.1
108.600      280.6
108.700      281.1
108.800      281.9
108.900      282.6
109.000      283.2
109.100      283.7
109.200      285.5
109.300      286.0
109.400      286.5
109.500      286.9
109.600      287.5
109.700      288.0
109.800      288.6
109.900      289.2
110.000      289.9
110.100      290.2
110.200      290.7
110.300      291.0
110.400      291.8
110.500      291.5
110.600      291.3
110.700      291.0
110.800      290.6
110.900      290.0
111.000      289.3
111.100      288.7
111.200      288.4
111.300      288.0
111.400      287.4
111.500      286.9
111.600      286.5
111.700      286.0
111.800      285.8
111.900      286.0
112.000      286.4
112.100      287.0
112.200      287.6
112.300      288.2
112.400      289.0
112.500      289.6
112.600      290.4
112.700      291.3
112.800      292.8
112.900      293.0
113.000      293.3
113.100      293.5
113.200      293.7
113.300      293.8
113.400      293.9
113.500      294.0
113.600      294.2
113.700      294.6
113.800      294.8
113.900      294.9
114.000      296.7
114.100      296.9
114.200      297.0
114.300      297.1
114.400      297.1
114.500      297.0
114.600      296.8
114.700      296.8
114.800      296.8
114.900      296.6
115.000      296.8
115.100      296.6
115.200      296.5
115.300      296.3
115.400      296.3
115.500      296.3
115.600      296.3
115.700      296.2
115.800      296.3
115.900      296.0
116.000      295.9
116.100      295.7
116.200      295.8
116.300      295.7
116.400      295.4
116.500      295.5
116.600      295.7
116.700      295.7
116.800      295.7
116.900      295.7
117.000      295.6
117.100      295.4
117.200      295.0
117.300      294.7
117.400      294.4
117.500      294.2
117.600      294.0
117.700      293.8
117.800      293.7
117.900      293.6
118.000      293.5
118.100      293.5
118.200      293.5
118.300      293.4
118.400      293.4
118.500      293.1
118.600      292.9
118.700      292.7
118.800      292.7
118.900      292.7
119.000      292.9
119.100      292.8
119.200      292.8
119.300      292.8
119.400      293.0
119.500      293.1
119.600      293.1
119.700      293.2
119.800      293.2
119.900      293.1
120.000      294.2
120.100      294.2
120.200      294.3
120.300      294.4
120.400      294.5
120.500      294.5
120.600      294.6
120.700      294.5
120.800      294.4
120.900      294.3
121.000      294.3
121.100      294.2
121.200      294.1
121.300      293.8
121.400      293.7
121.500      293.5
121.600      293.5
121.700      293.2
121.800      293.2
121.900      293.0
122.000      292.9
122.100      292.7
122.200      292.6
122.300      292.5
122.400      291.2
122.500      291.1
122.600      291.0
122.700      290.9
122.800      290.9
122.900      290.9
123.000      290.7
123.100      290.6
123.200      290.5
123.300      290.4
123.400      290.2
123.500      290.1
123.600      288.7
123.700      288.6
123.800      288.5
123.900      288.4
124.000      288.3
124.100      288.3
124.200      288.1
124.300      287.8
124.400      287.6
124.500      287.2
124.600      287.1
124.700      286.9
124.800      285.5
124.900      285.2
125.000      284.3
125.100      284.3
125.200      284.3
125.300      284.2
125.400      284.0
125.500      283.8
125.600      283.7
125.700      283.4
125.800      283.3
125.900      283.0
126.000      280.1
126.100      280.0
126.200      279.9
126.300      279.9
126.400      279.8
126.500      279.6
126.600      279.5
126.700      279.4
126.800      279.3
126.900      279.0
127.000      278.6
127.100      278.5
127.200      276.2
127.300      276.1
127.400      276.1
127.500      275.9
127.600      275.8
127.700      275.7
127.800      275.7
127.900      275.6
128.000      275.4
128.100      275.4
128.200      275.1
128.300      274.8
128.400      273.0
128.500      272.7
128.600      272.7
128.700      272.5
128.800      272.4
128.900      272.2
129.000      272.0
129.100      272.0
129.200      271.9
129.300      271.8
129.400      271.7
129.500      271.6
129.600      270.1
129.700      270.2
129.800      270.2
129.900      270.2
130.000      269.5
130.100      269.6
130.200      269.7
130.300      269.8
130.400      270.0
130.500      270.2
130.600      270.1
130.700      270.1
130.800      269.9
130.900      269.8
131.000      269.0
131.100      267.0
131.200      266.6
131.300      266.0
131.400      265.8
131.500      265.5
131.600      265.4
131.700      265.3
131.800      265.2
131.900      265.2
132.000      263.8
132.100      263.8
132.200      263.7
132.300      263.7
132.400      263.7
132.500      263.8
132.600      263.9
132.700      263.9
132.800      264.0
132.900      264.0
133.000      264.0
133.100      264.0
133.200      263.9
133.300      264.2
133.400      264.4
133.500      264.6
133.600      264.9
133.700      265.0
133.800      265.0
133.900      265.1
134.000      265.0
134.100      264.8
134.200      264.8
134.300      264.8
134.400      265.3
134.500      265.3
134.600      265.4
134.700      265.4
134.800      265.4
134.900      265.6
135.000      266.5
135.100      266.6
135.200      266.9
135.300      267.0
135.400      267.2
135.500      267.4
135.600      268.4
135.700      268.7
135.800      268.7
135.900      268.8
136.000      268.8
136.100      268.9
136.200      268.8
136.300      268.6
136.400      268.6
136.500      268.4
136.600      268.3
136.700      268.2
136.800      267.1
136.900      267.0
137.000      266.9
137.100      266.8
137.200      266.7
137.300      266.7
137.400      266.6
137.500      266.5
137.600      266.5
137.700      266.4
137.800      266.2
137.900      266.2
138.000      264.3
138.100      264.3
138.200      264.4
138.300      264.3
138.400      264.3
138.500      264.1
138.600      264.0
138.700      263.9
138.800      263.8
138.900      263.7
139.000      263.7
139.100      263.8
139.200      262.7
139.300      262.6
139.400      262.7
139.500      262.6
139.600      262.7
139.700      262.9
139.800      262.8
139.900      262.7
140.000      262.1
140.100      262.0
140.200      261.9
140.300      261.9
140.400      261.5
140.500      261.4
140.600      261.5
140.700      261.5
140.800      261.5
140.900      261.5
141.000      261.4
141.100      261.4
141.200      261.4
141.300      261.3
141.400      261.3
141.500      261.1
141.600      259.8
141.700      259.8
141.800      259.7
141.900      259.6
142.000      259.6
142.100      259.5
142.200      259.5
142.300      259.5
142.400      259.6
142.500      259.4
142.600      259.1
142.700      255.1
142.800      252.9
142.900      253.0
143.000      253.1
143.100      253.2
143.200      253.4
143.300      253.8
143.400      254.1
143.500      254.1
143.600      254.3
143.700      254.0
143.800      254.1
143.900      254.1
144.000      255.9
144.100      256.2
144.200      256.4
144.300      256.6
144.400      256.5
144.500      256.5
144.600      256.7
144.700      257.1
144.800      257.5
144.900      257.9
145.000      258.7
145.100      259.2
145.200      260.8
145.300      261.2
145.400      261.5
145.500      261.9
145.600      262.2
145.700      262.7
145.800      263.3
145.900      263.8
146.000      264.2
146.100      264.3
146.200      264.7
146.300      265.0
146.400      266.4
146.500      266.5
146.600      266.9
146.700      266.9
146.800      267.1
146.900      267.3
147.000      267.7
147.100      267.6
147.200      267.9
147.300      267.4
147.400      267.3
147.500      267.3
147.600      268.0
147.700      268.1
147.800      268.3
147.900      268.4
148.000      268.5
148.100      268.6
148.200      268.7
148.300      268.7
148.400      268.8
148.500      268.9
148.600      269.0
148.700      269.1
148.800      269.8
148.900      270.1
149.000      270.2
149.100      270.6
149.200      270.9
149.300      271.1
149.400      271.1
149.500      270.9
149.600      271.0
149.700      271.3
149.800      271.4
149.900      271.5
150.000      273.7
150.100      273.9
150.200      274.2
150.300      274.4
150.400      274.7
150.500      274.3
150.600      274.6
150.700      274.1
150.800      274.0
150.900      274.1
151.000      274.2
151.100      274.3
151.200      275.5
151.300      275.5
151.400      275.6
151.500      275.7
151.600      275.6
151.700      275.7
151.800      276.0
151.900      276.2
152.000      276.2
152.100      276.3
152.200      276.4
152.300      276.7
152.400      277.8
152.500      278.0
152.600      278.2
152.700      278.5
152.800      278.8
152.900      279.1
153.000      279.4
153.100      280.1
153.200      280.8
153.300      281.2
153.400      281.8
153.500      282.6
153.600      284.3
153.700      284.5
153.800      285.0
153.900      284.9
154.000      284.9
154.100      284.9
154.200      284.7
154.300      284.3
154.400      283.9
154.500      283.8
154.600      284.0
154.700      284.1
154.800      285.0
154.900      285.1
155.000      285.5
155.100      285.8
155.200      286.1
155.300      286.2
155.400      286.2
155.500      286.2
155.600      286.2
155.700      286.2
155.800      286.3
155.900      286.5
156.000      286.8
156.100      287.1
156.200      287.3
156.300      287.3
156.400      287.5
156.500      287.6
156.600      287.6
156.700      287.7
156.800      287.9
156.900      287.9
157.000      287.8
157.100      287.8
157.200      288.1
157.300      288.2
157.400      288.3
157.500      288.3
157.600      288.4
157.700      288.5
157.800      288.6
157.900      288.6
158.000      288.8
158.100      288.8
158.200      289.0
158.300      289.2
158.400      289.6
158.500      289.9
158.600      289.9
158.700      285.8
158.800      285.8
158.900      285.7
159.000      285.3
159.100      285.2
159.200      285.3
159.300      285.6
159.400      286.0
159.500      286.2
159.600      285.9
159.700      286.2
159.800      286.2
159.900      285.7
160.000      285.0
160.100      284.5
160.200      283.6
160.300      283.1
160.400      283.4
160.500      283.4
160.600      283.6
160.700      283.8
160.800      284.6
160.900      284.7
161.000      284.9
161.100      285.0
161.200      285.1
161.300      285.3
161.400      285.6
161.500      285.7
161.600      285.8
161.700      285.9
161.800      286.2
161.900      286.3
162.000      286.9
162.100      287.1
162.200      287.6
162.300      287.9
162.400      288.1
162.500      288.4
162.600      288.7
162.700      289.2
162.800      289.5
162.900      289.9
163.000      290.2
163.100      290.8
163.200      292.0
163.300      292.5
163.400      293.4
163.500      294.1
163.600      294.7
163.700      295.4
163.800      295.8
163.900      296.0
164.000      295.8
164.100      294.3
164.200      293.8
164.300      293.3
164.400      292.9
164.500      293.1
164.600      293.3
164.700      293.6
164.800      293.9
164.900      294.2
165.000      295.5
165.100      295.9
165.200      296.3
165.300      296.2
165.400      296.0
165.500      296.0
165.600      295.3
165.700      294.9
165.800      295.1
165.900      295.1
166.000      295.2
166.100      295.3
166.200      295.4
166.300      295.5
166.400      295.6
166.500      295.5
166.600      295.6
166.700      295.8
166.800      295.7
166.900      295.8
167.000      296.1
167.100      296.2
167.200      296.5
167.300      296.6
167.400      296.8
167.500      297.0
167.600      297.3
167.700      297.4
167.800      297.4
167.900      297.5
168.000      297.7
168.100      297.7
168.200      297.5
168.300      297.4
168.400      297.0
168.500      296.4
168.600      296.0
168.700      295.6
168.800      295.3
168.900      295.0
169.000      295.1
169.100      295.1
169.200      295.0
169.300      295.1
169.400      295.2
169.500      295.1
169.600      295.1
169.700      295.3
169.800      295.5
169.900      295.5
170.000      295.3
170.100      295.3
170.200      295.4
170.300      295.5
170.400      295.5
170.500      295.5
170.600      295.5
170.700      295.5
170.800      295.4
170.900      295.4
171.000      295.2
171.100      295.2
171.200      295.2
171.300      295.3
171.400      295.3
171.500      295.4
171.600      294.8
171.700      294.9
171.800      295.0
171.900      295.1
172.000      295.1
172.100      295.2
172.200      295.3
172.300      295.4
172.400      295.5
172.500      295.5
172.600      295.6
172.700      295.8
172.800      295.9
172.900      295.8
173.000      295.8
173.100      295.9
173.200      296.1
173.300      296.2
173.400      296.4
173.500      296.4
173.600      296.4
173.700      296.6
173.800      296.8
173.900      297.1
174.000      298.7
174.100      299.3
174.200      299.7
174.300      299.9
174.400      300.4
174.500      300.9
174.600      301.5
174.700      301.9
174.800      302.3
174.900      302.6
175.000      302.9
175.100      299.3
175.200      296.3
175.300      295.7
175.400      295.5
175.500      295.2
175.600      295.2
175.700      295.0
175.800      294.8
175.900      294.6
176.000      294.5
176.100      294.4
176.200      294.4
176.300      294.4
176.400      294.6
176.500      294.6
176.600      294.5
176.700      294.4
176.800      294.5
176.900      294.5
177.000      294.5
177.100      294.6
177.200      294.7
177.300      294.8
177.400      294.9
177.500      295.0
177.600      295.5
177.700      295.6
177.800      295.9
177.900      296.1
178.000      296.2
178.100      296.0
178.200      295.9
178.300      295.8
178.400      295.8
178.500      295.6
178.600      295.4
178.700      295.3
178.800      295.3
178.900      295.0
179.000      294.8
179.100      294.6
179.200      294.4
179.300      294.4
179.400      294.4
179.500      294.4
179.600      294.5
179.700      294.5
179.800      294.4
179.900      294.3
180.000      293.1
180.100      293.1
180.200      293.2
180.300      293.2
180.400      293.2
180.500      293.1
180.600      293.2
180.700      293.0
180.800      293.0
180.900      293.0
181.000      292.9
181.100      292.9
181.200      292.5
181.300      292.5
181.400      292.5
181.500      292.4
181.600      292.4
181.700      292.5
181.800      292.4
181.900      292.4
182.000      292.4
182.100      292.4
182.200      292.4
182.300      292.4
182.400      291.8
182.500      291.8
182.600      291.8
182.700      291.9
182.800      291.8
182.900      291.9
183.000      291.8
183.100      291.8
183.200      291.8
183.300      291.8
183.400      291.7
183.500      291.7
183.600      291.6
183.700      291.6
183.800      291.7
183.900      291.7
184.000      291.7
184.100      291.7
184.200      291.7
184.300      291.7
184.400      291.7
184.500      291.6
184.600      291.6
184.700      291.6
184.800      291.4
184.900      291.4
185.000      291.3
185.100      291.4
185.200      291.4
185.300      291.3
185.400      291.3
185.500      291.2
185.600      291.2
185.700      291.2
185.800      291.3
185.900      291.3
186.000      291.1
186.100      291.0
186.200      291.0
186.300      291.0
186.400      291.1
186.500      291.1
186.600      291.1
186.700      291.0
186.800      291.0
186.900      290.9
187.000      290.8
187.100      290.7
187.200      290.1
187.300      290.1
187.400      290.2
187.500      290.1
187.600      290.2
187.700      290.2
187.800      290.2
187.900      290.4
188.000      290.5
188.100      290.6
188.200      290.8
188.300      291.2
188.400      293.0
188.500      293.3
188.600      293.3
188.700      293.4
188.800      293.5
188.900      293.5
189.000      293.7
189.100      293.8
189.200      293.8
189.300      293.8
189.400      293.8
189.500      293.8
189.600      293.6
189.700      293.5
189.800      293.5
189.900      293.5
190.000      293.3
190.100      293.5
190.200      293.6
190.300      293.6
190.400      293.4
190.500      293.1
190.600      292.9
190.700      292.8
190.800      292.1
190.900      291.9
191.000      291.8
191.100      291.8
191.200      291.8
191.300      291.8
191.400      291.7
191.500      291.7
191.600      291.8
191.700      291.8
191.800      291.9
191.900      292.0
192.000      292.0
192.100      292.2
192.200      292.3
192.300      292.3
192.400      292.3
192.500      292.3
192.600      292.4
192.700      292.4
192.800      292.5
192.900      292.1
193.000      292.1
193.100      291.9
193.200      291.5
193.300      291.4
193.400      291.4
193.500      291.4
193.600      291.5
193.700      291.6
193.800      291.7
193.900      291.8
194.000      292.0
194.100      292.0
194.200      292.1
194.300      292.2
194.400      292.2
194.500      292.3
194.600      292.3
194.700      292.3
194.800      292.4
194.900      292.4
195.000      292.3
195.100      292.4
195.200      292.4
195.300      292.4
195.400      292.5
195.500      292.6
195.600      292.3
195.700      292.3
195.800      292.4
195.900      292.3
196.000      292.3
196.100      292.4
196.200      292.5
196.300      292.5
196.400      292.5
196.500      292.4
196.600      292.4
196.700      292.4
196.800      291.8
196.900      291.8
197.000      291.8
197.100      291.7
197.200      291.8
197.300      291.8
197.400      291.8
197.500      291.8
197.600      291.7
197.700      291.6
197.800      291.6
197.900      291.6
198.000      291.1
198.100      291.0
198.200      291.0
198.300      291.1
198.400      291.0
198.500      291.0
198.600      290.9
198.700      290.9
198.800      290.9
198.900      291.0
199.000      291.0
199.100      291.0
199.200      291.2
199.300      291.3
199.400      291.3
199.500      291.2
199.600      291.3
199.700      291.2
199.800      291.3
199.900      291.3
200.000      291.1
200.100      291.2
200.200      291.2
200.300      291.2
200.400      289.2
200.500      286.2
200.600      285.7
200.700      285.3
200.800      285.2
200.900      285.1
201.000      284.7
201.100      284.6
201.200      284.5
201.300      284.5
201.400      284.5
201.500      284.4
201.600      283.2
201.700      283.1
201.800      283.1
201.900      283.2
202.000      283.3
202.100      283.4
202.200      283.4
202.300      283.5
202.400      283.5
202.500      283.4
202.600      283.6
202.700      283.7
202.800      283.9
202.900      284.1
203.000      284.3
203.100      284.5
203.200      284.6
203.300      284.7
203.400      285.0
203.500      285.1
203.600      285.3
203.700      285.5
203.800      285.2
203.900      284.9
204.000      285.6
204.100      285.2
204.200      284.7
204.300      284.4
204.400      284.4
204.500      284.4
204.600      284.5
204.700      284.5
204.800      284.5
204.900      284.5
205.000      284.6
205.100      284.5
205.200      284.7
205.300      284.8
205.400      284.8
205.500      284.8
205.600      285.0
205.700      285.1
205.800      285.2
205.900      285.2
206.000      285.4
206.100      285.5
206.200      285.7
206.300      285.8
206.400      286.4
206.500      286.6
206.600      286.7
206.700      286.8
206.800      287.0
206.900      287.2
207.000      287.5
207.100      287.6
207.200      287.8
207.300      288.1
207.400      288.5
207.500      288.8
207.600      290.5
207.700      290.7
207.800      291.0
207.900      291.1
208.000      291.3
208.100      291.4
208.200      291.4
208.300      291.6
208.400      291.8
208.500      292.0
208.600      292.5
208.700      292.6
208.800      294.3
208.900      294.5
209.000      294.7
209.100      294.8
209.200      294.9
209.300      295.1
209.400      295.5
209.500      295.7
209.600      295.9
209.700      296.1
209.800      296.3
209.900      296.3
210.000      300.8
210.100      300.9
210.200      301.0
210.300      301.1
210.400      301.4
210.500      301.6
210.600      301.7
210.700      302.2
210.800      302.4
210.900      302.6
211.000      302.8
211.100      303.2
211.200      304.8
211.300      305.0
211.400      305.1
211.500      305.3
211.600      305.5
211.700      305.6
211.800      305.7
211.900      306.0
212.000      306.2
212.100      306.3
212.200      306.5
212.300      306.8
212.400      308.2
212.500      308.3
212.600      308.5
212.700      308.6
212.800      308.7
212.900      308.7
213.000      308.9
213.100      309.0
213.200      309.1
213.300      309.3
213.400      309.6
213.500      309.8
213.600      310.3
213.700      310.4
213.800      310.5
213.900      310.6
214.000      310.6
214.100      310.6
214.200      310.6
214.300      310.5
214.400      310.6
214.500      310.5
214.600      310.5
214.700      310.5
214.800      310.9
214.900      311.0
215.000      311.4
215.100      311.7
215.200      312.0
215.300      312.0
215.400      312.2
215.500      312.3
215.600      312.4
215.700      312.5
215.800      312.6
215.900      312.4
216.000      311.7
216.100      311.5
216.200      311.4
216.300      311.2
216.400      311.0
216.500      310.8
216.600      310.5
216.700      310.3
216.800      310.1
216.900      309.7
217.000      309.3
217.100      309.1
217.200      306.7
217.300      306.5
217.400      306.4
217.500      305.9
217.600      305.7
217.700      305.5
217.800      305.4
217.900      305.3
218.000      305.3
218.100      305.3
218.200      305.3
218.300      305.2
218.400      303.3
218.500      303.2
218.600      303.2
218.700      303.1
218.800      302.8
218.900      302.5
219.000      302.1
219.100      302.0
219.200      301.9
219.300      301.8
219.400      301.7
219.500      301.6
219.600      301.0
219.700      301.0
219.800      301.0
219.900      300.9
220.000      300.6
220.100      300.7
220.200      300.8
220.300      300.7
220.400      300.6
220.500      299.9
220.600      299.6
220.700      299.3
220.800      298.3
220.900      298.1
221.000      297.9
221.100      297.8
221.200      297.7
221.300      297.7
221.400      297.6
221.500      297.7
221.600      297.9
221.700      298.0
221.800      298.1
221.900      298.2
222.000      298.3
222.100      298.3
222.200      298.4
222.300      298.4
222.400      298.5
222.500      298.4
222.600      298.3
222.700      298.2
222.800      298.1
222.900      297.9
223.000      297.7
223.100      297.6
223.200      296.7
223.300      296.5
223.400      296.5
223.500      296.2
223.600      296.1
223.700      296.0
223.800      296.0
223.900      295.9
224.000      295.9
224.100      295.9
224.200      295.8
224.300      295.8
224.400      295.2
224.500      295.1
224.600      295.1
224.700      295.1
224.800      295.2
224.900      295.3
225.000      294.0
225.100      294.1
225.200      294.0
225.300      294.0
225.400      293.8
225.500      293.8
225.600      292.9
225.700      292.8
225.800      292.9
225.900      292.9
226.000      292.1
226.100      291.8
226.200      291.6
226.300      291.4
226.400      291.2
226.500      290.7
226.600      290.6
226.700      290.5
226.800      288.7
226.900      288.5
227.000      288.5
227.100      288.4
227.200      288.3
227.300      288.3
227.400      288.2
227.500      288.2
227.600      288.2
227.700      288.1
227.800      288.2
227.900      288.1
228.000      287.0
228.100      287.0
228.200      287.0
228.300      286.9
228.400      287.0
228.500      287.0
228.600      286.9
228.700      287.0
228.800      286.9
228.900      286.9
229.000      286.9
229.100      286.7
229.200      285.4
229.300      285.3
229.400      285.3
229.500      285.2
229.600      285.2
229.700      285.2
229.800      285.3
229.900      285.2
230.000      284.6
230.100      284.7
230.200      284.6
230.300      284.6
230.400      284.1
230.500      284.1
230.600      284.1
230.700      284.1
230.800      284.2
230.900      284.2
231.000      284.1
231.100      284.1
231.200      284.2
231.300      284.2
231.400      284.2
231.500      284.3
231.600      281.8
231.700      277.7
231.800      277.2
231.900      276.9
232.000      276.8
232.100      276.8
232.200      276.8
232.300      276.8
232.400      276.8
232.500      276.5
232.600      276.6
232.700      276.7
232.800      275.3
232.900      275.0
233.000      274.9
233.100      274.5
233.200      274.3
233.300      274.3
233.400      274.2
233.500      274.1
233.600      274.2
233.700      274.1
233.800      274.2
233.900      274.2
234.000      274.0
234.100      274.1
234.200      274.3
234.300      274.5
234.400      274.8
234.500      274.9
234.600      275.0
234.700      275.2
234.800      275.3
234.900      275.5
235.000      275.4
235.100      275.5
235.200      275.9
235.300      276.0
235.400      276.3
235.500      276.3
235.600      276.6
235.700      276.8
235.800      277.0
235.900      277.2
236.000      277.5
236.100      278.0
236.200      278.4
236.300      278.7
236.400      279.7
236.500      279.5
236.600      279.5
236.700      279.6
236.800      279.7
236.900      279.6
237.000      279.2
237.100      278.9
237.200      278.8
237.300      278.7
237.400      278.9
237.500      279.0
237.600      280.6
237.700      280.8
237.800      281.0
237.900      281.2
238.000      281.3
238.100      281.5
238.200      281.9
238.300      282.1
238.400      282.2
238.500      282.4
238.600      282.4
238.700      282.4
238.800      283.4
238.900      283.5
239.000      283.7
239.100      283.8
239.200      283.8
239.300      283.8
239.400      283.9
239.500      284.0
239.600      284.1
239.700      284.1
239.800      284.2
239.900      284.2
240.000      286.9
240.100      287.0
240.200      287.1
240.300      287.2
240.400      287.4
240.500      287.5
240.600      287.6
240.700      287.9
240.800      288.1
240.900      288.2
241.000      288.7
241.100      289.1
241.200      290.5
241.300      290.8
241.400      290.9
241.500      290.9
241.600      291.0
241.700      291.1
241.800      291.2
241.900      291.3
242.000      291.5
242.100      291.6
242.200      291.7
242.300      291.7
242.400      290.7
242.500      290.8
242.600      291.0
242.700      291.1
242.800      291.1
242.900      291.1
243.000      291.1
243.100      291.3
243.200      291.2
243.300      291.3
243.400      291.5
243.500      291.5
243.600      290.6
243.700      290.6
243.800      290.6
243.900      290.7
244.000      290.6
244.100      290.6
244.200      290.6
244.300      290.7
244.400      290.7
244.500      290.6
244.600      290.7
244.700      290.8
244.800      290.4
244.900      290.5
245.000      290.2
245.100      290.4
245.200      290.1
245.300      284.3
245.400      284.0
245.500      283.9
245.600      283.9
245.700      284.0
245.800      284.3
245.900      284.1
246.000      282.2
246.100      281.9
246.200      281.0
246.300      280.6
246.400      281.0
246.500      281.1
246.600      281.4
246.700      281.6
246.800      281.7
246.900      282.0
247.000      282.3
247.100      282.5
247.200      284.2
247.300      284.4
247.400      284.7
247.500      285.1
247.600      285.3
247.700      285.9
247.800      286.3
247.900      286.8
248.000      287.5
248.100      288.1
248.200      288.7
248.300      288.5
248.400      290.0
248.500      289.8
248.600      289.6
248.700      289.6
248.800      290.1
248.900      290.5
249.000      291.1
249.100      290.8
249.200      291.0
249.300      290.6
249.400      289.9
249.500      289.2
249.600      289.7
249.700      289.7
249.800      289.8
249.900      289.9
250.000      290.4
250.100      290.5
250.200      290.5
250.300      290.5
250.400      290.7
250.500      290.7
250.600      290.7
250.700      290.7
250.800      290.7
250.900      291.0
251.000      291.2
251.100      291.3
251.200      291.4
251.300      291.6
251.400      291.8
251.500      291.9
251.600      292.0
251.700      292.1
251.800      292.4
251.900      292.5
252.000      294.0
252.100      294.4
252.200      294.6
252.300      294.8
252.400      295.0
252.500      295.3
252.600      295.3
252.700      295.1
252.800      295.1
252.900      295.2
253.000      294.9
253.100      294.5
253.200      295.0
253.300      295.2
253.400      295.3
253.500      295.5
253.600      295.8
253.700      295.8
253.800      295.9
253.900      295.9
254.000      295.6
254.100      295.3
254.200      295.3
254.300      295.4
254.400      295.7
254.500      295.8
254.600      295.8
254.700      295.8
254.800      295.8
254.900      295.8
255.000      296.6
255.100      296.7
255.200      296.7
255.300      296.9
255.400      297.0
255.500      297.0
255.600      297.6
255.700      297.7
255.800      297.8
255.900      297.8
256.000      297.9
256.100      297.9
256.200      297.9
256.300      298.0
256.400      298.1
256.500      298.2
256.600      298.2
256.700      298.3
256.800      298.7
256.900      298.8
257.000      298.9
257.100      298.9
257.200      299.1
257.300      299.1
257.400      299.2
257.500      299.3
257.600      299.2
257.700      299.0
257.800      299.1
257.900      299.1
258.000      299.4
258.100      299.4
258.200      299.5
258.300      299.5
258.400      299.4
258.500      299.4
258.600      299.4
258.700      299.4
258.800      299.5
258.900      299.5
259.000      299.6
259.100      299.6
259.200      299.6
259.300      299.6
259.400      299.7
259.500      299.7
259.600      299.8
259.700      299.8
259.800      299.9
259.900      299.9
260.000      299.7
260.100      299.8
260.200      299.8
260.300      300.0
260.400      299.8
260.500      299.9
260.600      300.1
260.700      300.1
260.800      300.3
260.900      300.4
261.000      300.5
261.100      300.7
261.200      300.9
261.300      301.2
261.400      301.2
261.500      301.1
261.600      300.7
261.700      300.3
261.800      300.1
261.900      299.5
262.000      298.8
262.100      298.1
262.200      298.0
262.300      298.0
262.400      298.1
262.500      298.0
262.600      298.1
262.700      298.2
262.800      298.6
262.900      298.9
263.000      299.1
263.100      299.2
263.200      299.3
263.300      299.5
263.400      299.7
263.500      299.8
263.600      300.1
263.700      300.2
263.800      300.2
263.900      300.2
264.000      300.8
264.100      300.9
264.200      301.0
264.300      301.0
264.400      301.1
264.500      301.1
264.600      301.2
264.700      301.3
264.800      301.3
264.900      301.4
265.000      301.4
265.100      301.5
265.200      301.8
265.300      302.0
265.400      302.1
265.500      302.1
265.600      302.3
265.700      302.3
265.800      302.4
265.900      302.5
266.000      302.5
266.100      302.7
266.200      302.8
266.300      302.9
266.400      303.6
266.500      303.7
266.600      303.9
266.700      303.9
266.800      304.0
266.900      304.0
267.000      304.1
267.100      304.1
267.200      304.2
267.300      304.3
267.400      304.3
267.500      304.3
267.600      304.6
267.700      304.6
267.800      304.7
267.900      304.8
268.000      304.9
268.100      304.9
268.200      305.0
268.300      305.0
268.400      305.0
268.500      304.9
268.600      304.9
268.700      304.9
268.800      305.3
268.900      305.3
269.000      305.3
269.100      305.3
269.200      305.3
269.300      305.2
269.400      305.3
269.500      305.3
269.600      305.3
269.700      305.3
269.800      305.2
269.900      305.2
270.000      305.7
270.100      305.8
270.200      306.0
270.300      306.0
270.400      306.0
270.500      306.0
270.600      306.0
270.700      306.1
270.800      306.2
270.900      306.2
271.000      306.1
271.100      306.0
271.200      305.5
271.300      305.5
271.400      305.5
271.500      305.5
271.600      305.5
271.700      305.5
271.800      305.4
271.900      305.3
272.000      305.3
272.100      305.3
272.200      305.3
272.300      305.3
272.400      305.0
272.500      305.0
272.600      305.1
272.700      305.1
272.800      305.2
272.900      305.2
273.000      305.2
273.100      305.3
273.200      305.3
273.300      305.3
273.400      305.4
273.500      305.4
273.600      305.7
273.700      305.8
273.800      306.0
273.900      306.0
274.000      306.1
274.100      306.2
274.200      306.3
274.300      306.4
274.400      306.6
274.500      306.5
274.600      306.6
274.700      306.6
274.800      307.3
274.900      307.5
275.000      307.7
275.100      307.8
275.200      307.9
275.300      308.0
275.400      308.1
275.500      308.2
275.600      308.3
275.700      308.5
275.800      308.5
275.900      308.3
276.000      308.0
276.100      307.8
276.200      307.8
276.300      307.7
276.400      307.8
276.500      307.8
276.600      307.8
276.700      307.8
276.800      307.7
276.900      307.6
277.000      307.5
277.100      307.5
277.200      306.6
277.300      306.5
277.400      306.4
277.500      306.3
277.600      306.2
277.700      306.2
277.800      306.3
277.900      306.3
278.000      306.3
278.100      306.3
278.200      303.2
278.300      302.6
278.400      300.4
278.500      300.2
278.600      300.1
278.700      300.1
278.800      300.1
278.900      300.0
279.000      299.9
279.100      299.8
279.200      299.9
279.300      299.9
279.400      300.0
279.500      300.1
279.600      300.7
279.700      300.8
279.800      300.9
279.900      300.9
280.000      300.9
280.100      301.0
280.200      301.0
280.300      301.1
280.400      301.1
280.500      301.1
280.600      301.2
280.700      301.3
280.800      302.1
280.900      302.1
281.000      302.1
281.100      302.2
281.200      302.2
281.300      302.3
281.400      302.3
281.500      302.4
281.600      302.4
281.700      302.4
281.800      302.4
281.900      302.5
282.000      303.4
282.100      303.5
282.200      303.6
282.300      303.7
282.400      303.7
282.500      303.8
282.600      303.8
282.700      303.9
282.800      304.0
282.900      304.0
283.000      304.0
283.100      304.0
283.200      304.9
283.300      304.9
283.400      305.1
283.500      305.2
283.600      305.2
283.700      305.2
283.800      305.4
283.900      305.4
284.000      305.5
284.100      305.7
284.200      305.8
284.300      305.9
284.400      306.6
284.500      306.7
284.600      306.8
284.700      307.0
284.800      307.1
284.900      307.2
285.000      308.3
285.100      308.4
285.200      308.6
285.300      308.7
285.400      308.8
285.500      308.9
285.600      309.5
285.700      309.6
285.800      309.8
285.900      309.9
286.000      310.0
286.100      310.2
286.200      310.3
286.300      310.3
286.400      310.4
286.500      310.4
286.600      310.6
286.700      310.6
286.800      311.5
286.900      311.6
287.000      311.7
287.100      311.7
287.200      311.9
287.300      312.0
287.400      312.1
287.500      312.2
287.600      312.3
287.700      312.3
287.800      312.3
287.900      312.4
288.000      313.4
288.100      313.5
288.200      313.7
288.300      313.7
288.400      313.8
288.500      313.9
288.600      314.0
288.700      314.0
288.800      314.0
288.900      314.0
289.000      314.1
289.100      314.1
289.200      314.7
289.300      314.8
289.400      314.9
289.500      315.0
289.600      315.0
289.700      315.0
289.800      315.1
289.900      315.2
290.000      315.4
290.100      315.3
290.200      315.4
290.300      315.4
290.400      315.7
290.500      315.7
290.600      315.8
290.700      315.7
290.800      315.7
290.900      315.8
291.000      315.8
291.100      315.8
291.200      315.8
291.300      315.8
291.400      315.8
291.500      315.9
291.600      315.7
291.700      315.7
291.800      315.8
291.900      315.8
292.000      315.8
292.100      315.8
292.200      315.9
292.300      315.9
292.400      315.9
292.500      315.8
292.600      315.9
292.700      315.9
292.800      316.1
292.900      316.1
293.000      316.2
293.100      316.2
293.200      316.2
293.300      316.2
293.400      316.2
293.500      316.3
293.600      316.3
293.700      316.3
293.800      316.3
293.900      316.4
294.000      316.3
294.100      316.3
294.200      316.4
294.300      316.5
294.400      316.5
294.500      316.2
294.600      309.7
294.700      309.3
294.800      309.1
294.900      309.1
295.000      308.2
295.100      308.3
295.200      307.9
295.300      307.9
295.400      308.0
295.500      308.1
295.600      308.3
295.700      308.4
295.800      308.6
295.900      308.8
296.000      309.0
296.100      309.2
296.200      309.4
296.300      309.6
296.400      310.5
296.500      310.8
296.600      311.1
296.700      311.4
296.800      311.8
296.900      312.2
297.000      312.8
297.100      312.7
297.200      312.8
297.300      312.5
297.400      311.2
297.500      310.5
297.600      310.3
297.700      309.7
297.800      309.8
297.900      310.0
298.000      310.0
298.100      310.1
298.200      310.2
298.300      310.2
298.400      310.3
298.500      310.4
298.600      310.4
298.700      310.5
298.800      310.9
298.900      311.0
299.000      311.1
299.100      311.2
299.200      311.2
299.300      311.3
299.400      311.4
299.500      311.4
299.600      311.5
299.700      311.7
299.800      311.9
299.900      312.2
300.000      312.5
300.100      312.7
300.200      312.9
300.300      313.4
300.400      313.5
300.500      313.1
300.600      313.0
300.700      312.3
300.800      311.7
300.900      311.7
301.000      311.6
301.100      311.5
301.200      311.4
301.300      311.5
