0.000      262.6
0.033      262.9
0.067      262.5
0.100      262.4
0.133      262.2
0.167      262.6
0.200      262.8
0.233      262.5
0.267      262.5
0.300      262.3
0.333      261.8
0.367      261.9
0.400      262.0
0.433      261.9
0.467      262.7
0.500      262.9
0.533      263.1
0.567      263.2
0.600      263.2
0.633      263.2
0.667      263.3
0.700      263.4
0.733      263.0
0.767      263.1
0.800      263.1
0.833      262.0
0.867      262.1
0.900      262.3
0.933      262.7
0.967      262.4
1.000      262.3
1.033      262.5
1.067      262.7
1.100      262.7
1.133      263.3
1.167      262.8
1.200      262.2
1.233      262.7
1.267      262.5
1.300      262.4
1.333      262.3
1.367      261.6
1.400      261.4
1.433      261.3
1.467      261.4
1.500      261.5
1.533      261.0
1.567      261.1
1.600      261.0
1.633      261.1
1.667      261.2
1.700      261.2
1.733      261.2
1.767      261.0
1.800      261.6
1.833      261.5
1.867      261.1
1.900      260.5
1.933      260.2
1.967      260.4
2.000      259.1
2.033      259.5
2.067      260.1
2.100      260.4
2.133      260.7
2.167      260.5
2.200      260.5
2.233      260.1
2.267      260.3
2.300      259.6
2.333      259.4
2.367      259.3
2.400      259.0
2.433      259.3
2.467      259.3
2.500      258.5
2.533      258.5
2.567      258.9
2.600      258.8
2.633      258.7
2.667      258.7
2.700      258.0
2.733      257.1
2.767      256.4
2.800      256.4
2.833      261.3
2.867      260.9
2.900      260.3
2.933      260.9
2.967      260.8
3.000      259.2
3.033      258.0
3.067      256.0
3.100      253.9
3.133      251.5
3.167      249.5
3.200      261.7
3.233      264.0
3.267      267.2
3.300      269.7
3.333      273.1
3.367      276.1
3.400      276.6
3.433      277.5
3.467      276.8
3.500      276.1
3.533      276.2
3.567      275.9
3.600      275.4
3.633      276.5
3.667      275.8
3.700      275.6
3.733      275.5
3.767      274.8
3.800      274.6
3.833      274.4
3.867      274.2
3.900      274.3
3.933      274.4
3.967      274.1
4.000      273.0
4.033      273.1
4.067      273.1
4.100      273.3
4.133      273.3
4.167      273.4
4.200      272.8
4.233      272.8
4.267      272.4
4.300      272.5
4.333      272.2
4.367      271.8
4.400      271.8
4.433      271.5
4.467      271.4
4.500      271.1
4.533      271.4
4.567      271.5
4.600      271.4
4.633      271.0
4.667      270.8
4.700      270.5
4.733      270.1
4.767      270.1
4.800      269.9
4.833      269.5
4.867      269.4
4.900      269.1
4.933      269.7
4.967      270.0
5.000      270.4
5.033      270.8
5.067      271.3
5.100      271.3
5.133      271.5
5.167      271.4
5.200      272.3
5.233      272.0
5.267      271.8
5.300      271.9
5.333      272.3
5.367      272.4
5.400      272.4
5.433      272.6
5.467      272.4
5.500      272.2
5.533      272.3
5.567      273.1
5.600      272.4
5.633      272.1
5.667      272.2
5.700      272.6
5.733      273.4
5.767      274.1
5.800      273.8
5.833      273.7
5.867      272.4
5.900      272.3
5.933      270.9
5.967      269.9
6.000      270.1
6.033      270.3
6.067      270.8
6.100      271.5
6.133      271.3
6.167      270.5
6.200      270.8
6.233      271.3
6.267      272.8
6.300      273.2
6.333      272.9
6.367      272.7
6.400      271.7
6.433      271.5
6.467      270.8
6.500      269.8
6.533      270.3
6.567      271.7
6.600      272.9
6.633      273.7
6.667      274.3
6.700      273.3
6.733      273.2
6.767      273.4
6.800      272.9
6.833      272.8
6.867      272.6
6.900      272.8
6.933      272.5
6.967      272.5
7.000      272.8
7.033      273.5
7.067      274.0
7.100      274.2
7.133      273.9
7.167      273.9
7.200      273.1
7.233      272.2
7.267      271.4
7.300      270.7
7.333      270.1
7.367      268.8
7.400      267.8
7.433      267.1
7.467      266.3
7.500      266.0
7.533      266.8
7.567      267.7
7.600      268.1
7.633      269.1
7.667      270.9
7.700      272.5
7.733      273.0
7.767      273.1
7.800      272.9
7.833      272.6
7.867      272.1
7.900      270.5
7.933      269.8
7.967      268.4
8.000      266.8
8.033      266.4
8.067      265.5
8.100      265.5
8.133      264.8
8.167      265.0
8.200      265.3
8.233      265.4
8.267      266.3
8.300      267.8
8.333      268.1
8.367      268.4
8.400      268.5
8.433      268.8
8.467      268.6
8.500      268.2
8.533      268.4
8.567      268.6
8.600      267.9
8.633      268.1
8.667      267.2
8.700      266.8
8.733      267.8
8.767      268.1
8.800      268.6
8.833      270.9
8.867      272.2
8.900      273.1
8.933      272.9
8.967      271.1
9.000      270.6
9.033      269.9
9.067      269.4
9.100      269.4
9.133      269.4
9.167      270.0
9.200      269.7
9.233      270.1
9.267      270.7
9.300      271.4
9.333      270.8
9.367      269.4
9.400      268.6
9.433      267.4
9.467      266.3
9.500      264.9
9.533      264.2
9.567      263.4
9.600      263.2
9.633      263.2
9.667      263.1
9.700      264.0
9.733      263.8
9.767      264.6
9.800      264.7
9.833      265.1
9.867      265.3
9.900      264.7
9.933      265.4
9.967      265.3
10.000      266.4
10.033      266.8
10.067      267.0
10.100      267.7
10.133      266.6
10.167      267.1
10.200      266.3
10.233      266.0
10.267      265.3
10.300      265.1
10.333      264.1
10.367      263.7
10.400      263.5
10.433      263.6
10.467      263.1
10.500      262.8
10.533      262.6
10.567      263.3
10.600      262.5
10.633      262.2
10.667      261.8
10.700      261.5
10.733      261.3
10.767      261.0
10.800      261.5
10.833      261.6
10.867      262.2
10.900      263.1
10.933      263.8
10.967      265.0
11.000      265.8
11.033      266.4
11.067      267.4
11.100      268.5
11.133      269.1
11.167      256.9
11.200      257.8
11.233      258.2
11.267      258.7
11.300      260.4
11.333      261.3
11.367      262.2
11.400      261.8
11.433      262.5
11.467      262.9
11.500      263.7
11.533      264.3
11.567      264.5
11.600      265.2
11.633      265.3
11.667      266.4
11.700      268.3
11.733      268.5
11.767      269.1
11.800      269.1
11.833      269.3
11.867      269.6
11.900      269.5
11.933      269.6
11.967      269.4
12.000      270.0
12.033      269.7
12.067      269.4
12.100      270.3
12.133      269.5
12.167      269.5
12.200      269.8
12.233      269.7
12.267      270.4
12.300      270.3
12.333      269.9
12.367      270.5
12.400      270.6
12.433      270.9
12.467      270.9
12.500      271.3
12.533      270.4
12.567      270.4
12.600      269.9
12.633      269.7
12.667      269.9
12.700      270.1
12.733      270.4
12.767      270.5
12.800      270.8
12.833      271.3
12.867      271.2
12.900      270.6
12.933      269.9
12.967      269.4
13.000      268.6
13.033      269.3
13.067      269.3
13.100      269.5
13.133      270.0
13.167      270.3
13.200      270.8
13.233      270.6
13.267      270.2
13.300      270.0
13.333      269.8
13.367      269.5
13.400      269.1
13.433      268.9
13.467      268.6
13.500      268.9
13.533      270.2
13.567      269.9
13.600      270.2
13.633      270.1
13.667      269.7
13.700      270.0
13.733      269.6
13.767      269.5
13.800      270.2
13.833      269.9
13.867      270.1
13.900      270.5
13.933      270.2
13.967      270.2
14.000      269.2
14.033      269.8
14.067      269.7
14.100      269.8
14.133      269.5
14.167      269.7
14.200      269.6
14.233      269.0
14.267      268.9
14.300      268.2
14.333      268.1
14.367      267.1
14.400      266.9
14.433      265.9
14.467      265.4
14.500      264.6
14.533      263.4
14.567      262.2
14.600      260.9
14.633      259.7
14.667      257.7
14.700      255.7
14.733      254.0
14.767      251.5
14.800      249.3
14.833      257.5
14.867      257.3
14.900      258.9
14.933      262.3
14.967      266.2
15.000      271.4
15.033      276.6
15.067      281.0
15.100      282.5
15.133      283.2
15.167      283.2
15.200      283.4
15.233      271.3
15.267      271.1
15.300      272.2
15.333      272.8
15.367      272.6
15.400      272.4
15.433      272.3
15.467      273.0
15.500      272.5
15.533      272.4
15.567      271.9
15.600      271.8
15.633      272.3
15.667      272.0
15.700      271.7
15.733      272.9
15.767      271.9
15.800      271.8
15.833      271.6
15.867      271.7
15.900      271.5
15.933      271.6
15.967      271.0
16.000      270.2
16.033      269.9
16.067      269.2
16.100      267.7
16.133      266.7
16.167      264.8
16.200      263.1
16.233      260.9
16.267      271.0
16.300      268.7
16.333      267.4
16.367      268.0
16.400      270.6
16.433      272.7
16.467      274.2
16.500      276.4
16.533      280.3
16.567      285.1
16.600      290.8
16.633      293.5
16.667      294.8
16.700      297.2
16.733      298.1
16.767      299.3
16.800      287.3
16.833      288.3
16.867      287.8
16.900      287.3
16.933      287.3
16.967      288.0
17.000      287.5
17.033      288.6
17.067      288.9
17.100      289.7
17.133      290.9
17.167      291.0
17.200      291.8
17.233      292.0
17.267      292.1
17.300      292.2
17.333      293.1
17.367      294.3
17.400      295.4
17.433      296.6
17.467      297.3
17.500      298.6
17.533      300.1
17.567      301.5
17.600      304.1
17.633      307.2
17.667      309.3
17.700      305.5
17.733      310.9
17.767      313.8
17.800      317.0
17.833      306.1
17.867      309.6
17.900      313.7
17.933      316.5
17.967      319.2
18.000      321.4
18.033      317.2
18.067      319.4
18.100      323.9
18.133      332.4
18.167      304.4
18.200      308.2
18.233      311.5
18.267      306.7
18.300      310.3
18.333      312.6
18.367      317.2
18.400      310.7
18.433      313.2
18.467      319.5
18.500      312.3
18.533      317.0
18.567      322.9
18.600      330.5
18.633      341.8
18.667      335.2
18.700      339.7
18.733      313.6
18.767      317.0
18.800      321.2
18.833      324.7
18.867      336.4
18.900      319.4
18.933      323.7
18.967      328.1
19.000      301.3
19.033      301.8
19.067      299.6
19.100      296.5
19.133      277.8
19.167      278.8
19.200      278.7
19.233      277.8
19.267      279.1
19.300      281.5
19.333      273.1
19.367      275.4
19.400      281.8
19.433      289.0
19.467      299.7
19.500      326.3
19.533      339.0
19.567      321.7
19.600      331.1
19.633      359.8
19.667      358.5
19.700      370.2
19.733      385.8
19.767      392.8
19.800      369.9
19.833      391.0
19.867      397.2
19.900      440.2
19.933      466.1
19.967      339.8
20.000      354.7
20.033      374.1
20.067      387.6
20.100      397.9
20.133      415.8
20.167      431.4
20.200      445.0
20.233      465.4
20.267      476.7
20.300      486.8
20.333      496.9
20.367      509.5
20.400      522.4
20.433      532.8
20.467      537.1
20.500      543.2
20.533      544.6
20.567      550.0
20.600      561.9
20.633      565.8
20.667      569.2
20.700      573.6
20.733      575.7
20.767      579.8
20.800      585.2
20.833      588.5
20.867      594.6
20.900      597.0
20.933      601.1
20.967      602.6
21.000      602.0
21.033      595.6
21.067      588.2
21.100      573.7
21.133      562.0
21.167      560.9
21.200      557.9
21.233      545.6
21.267      535.4
21.300      521.7
21.333      503.8
21.367      489.3
21.400      472.6
21.433      457.9
21.467      440.7
21.500      414.4
21.533      385.3
21.567      366.9
21.600      327.9
21.633      295.1
21.667      277.9
21.700      272.5
21.733      256.6
21.767      311.1
21.800      294.0
21.833      281.3
21.867      268.8
21.900      266.6
21.933      264.8
21.967      262.2
22.000      288.1
22.033      293.1
22.067      312.5
22.100      315.0
22.133      302.5
22.167      278.5
22.200      272.6
22.233      284.8
22.267      264.9
22.300      221.5
22.333      222.8
22.367      198.4
22.400      173.1
22.433      160.0
22.467      162.9
22.500      119.9
22.533      166.5
22.567      156.7
22.600      148.2
22.633      142.3
22.667      195.3
22.700      193.4
22.733      189.0
22.767      183.6
22.800      248.9
22.833      247.7
22.867      243.9
22.900      242.5
22.933      272.6
22.967      272.5
23.000      267.5
23.033      268.4
23.067      294.8
23.100      294.7
23.133      293.4
23.167      292.6
23.200      300.7
23.233      295.6
23.267      309.4
23.300      306.1
23.333      304.2
23.367      300.6
23.400      306.0
23.433      304.8
23.467      303.6
23.500      300.5
23.533      311.5
23.567      310.7
23.600      308.7
23.633      317.8
23.667      317.3
23.700      316.2
23.733      314.8
23.767      324.6
23.800      324.6
23.833      323.4
23.867      321.9
23.900      321.2
23.933      334.0
23.967      334.8
24.000      334.1
24.033      333.6
24.067      333.0
24.100      331.8
24.133      331.2
24.167      330.4
24.200      331.0
24.233      330.0
24.267      330.1
24.300      329.7
24.333      329.8
24.367      328.9
24.400      328.5
24.433      328.1
24.467      327.5
24.500      326.8
24.533      325.3
24.567      324.7
24.600      323.9
24.633      322.0
24.667      320.6
24.700      319.9
24.733      318.8
24.767      317.2
24.800      316.2
24.833      314.9
24.867      314.3
24.900      313.8
24.933      313.4
24.967      312.3
25.000      309.2
25.033      308.8
25.067      308.4
25.100      308.3
25.133      307.5
25.167      307.0
25.200      306.9
25.233      305.5
25.267      305.0
25.300      304.4
25.333      304.1
25.367      304.0
25.400      303.2
25.433      302.4
25.467      301.9
25.500      301.3
25.533      300.9
25.567      301.0
25.600      300.6
25.633      300.1
25.667      299.2
25.700      299.1
25.733      298.0
25.767      297.2
25.800      296.8
25.833      296.8
25.867      296.1
25.900      295.6
25.933      295.9
25.967      296.4
26.000      297.2
26.033      297.4
26.067      297.7
26.100      297.4
26.133      297.8
26.167      298.8
26.200      299.3
26.233      299.9
26.267      300.8
26.300      301.8
26.333      301.8
26.367      302.2
26.400      302.5
26.433      302.7
26.467      303.4
26.500      303.0
26.533      303.1
26.567      303.3
26.600      303.7
26.633      304.4
26.667      304.5
26.700      304.6
26.733      304.9
26.767      304.8
26.800      304.7
26.833      304.9
26.867      305.1
26.900      305.6
26.933      305.8
26.967      306.5
27.000      306.0
27.033      306.9
27.067      307.3
27.100      307.8
27.133      308.4
27.167      309.1
27.200      309.5
27.233      309.6
27.267      309.9
27.300      310.2
27.333      310.2
27.367      310.8
27.400      311.1
27.433      310.9
27.467      310.9
27.500      311.5
27.533      311.3
27.567      311.2
27.600      311.2
27.633      311.2
27.667      311.0
27.700      310.6
27.733      310.2
27.767      309.6
27.800      309.6
27.833      309.1
27.867      308.3
27.900      308.3
27.933      308.0
27.967      308.3
28.000      307.8
28.033      308.7
28.067      309.9
28.100      310.5
28.133      310.6
28.167      311.3
28.200      310.8
28.233      310.7
28.267      311.0
28.300      311.0
28.333      311.2
28.367      310.5
28.400      310.5
28.433      310.0
28.467      309.8
28.500      309.8
28.533      309.3
28.567      309.6
28.600      309.2
28.633      309.2
28.667      308.4
28.700      308.0
28.733      308.1
28.767      308.4
28.800      308.5
28.833      308.4
28.867      308.6
28.900      308.7
28.933      308.5
28.967      308.6
29.000      306.8
29.033      307.3
29.067      307.5
29.100      307.6
29.133      307.7
29.167      307.9
29.200      308.0
29.233      308.1
29.267      308.1
29.300      308.3
29.333      308.1
29.367      308.2
29.400      307.9
29.433      308.0
29.467      308.0
29.500      308.3
29.533      309.1
29.567      308.9
29.600      309.0
29.633      309.3
29.667      309.5
29.700      309.7
29.733      310.3
29.767      310.5
29.800      310.6
29.833      310.7
29.867      310.9
29.900      311.4
29.933      311.5
29.967      312.4
30.000      312.1
30.033      312.6
30.067      312.6
30.100      312.2
30.133      312.1
30.167      311.9
30.200      311.4
30.233      312.0
30.267      311.9
30.300      311.3
30.333      310.4
30.367      309.9
30.400      309.6
30.433      308.9
30.467      308.2
30.500      307.5
30.533      306.9
30.567      306.9
30.600      306.7
30.633      307.0
30.667      307.5
30.700      309.0
30.733      309.4
30.767      309.7
30.800      309.6
30.833      309.8
30.867      309.6
30.900      309.0
30.933      308.3
30.967      308.2
31.000      307.8
31.033      307.7
31.067      307.6
31.100      307.4
31.133      306.9
31.167      307.1
31.200      307.3
31.233      308.0
31.267      307.6
31.300      308.1
31.333      307.8
31.367      307.5
31.400      307.5
31.433      307.7
31.467      307.7
31.500      308.0
31.533      308.0
31.567      308.7
31.600      309.6
31.633      310.7
31.667      310.9
31.700      311.0
31.733      311.0
31.767      310.8
31.800      310.6
31.833      311.2
31.867      310.7
31.900      310.4
31.933      310.3
31.967      310.2
32.000      311.0
32.033      310.4
32.067      310.2
32.100      310.4
32.133      310.2
32.167      309.9
32.200      309.8
32.233      309.8
32.267      309.7
32.300      309.6
32.333      309.9
32.367      309.8
32.400      309.7
32.433      309.8
32.467      309.9
32.500      308.9
32.533      308.8
32.567      308.3
32.600      308.0
32.633      308.1
32.667      307.9
32.700      307.1
32.733      307.6
32.767      307.8
32.800      308.1
32.833      308.2
32.867      308.4
32.900      309.2
32.933      309.7
32.967      309.7
33.000      309.8
33.033      310.4
33.067      310.5
33.100      310.4
33.133      310.2
33.167      309.6
33.200      309.3
33.233      308.8
33.267      309.2
33.300      309.2
33.333      308.9
33.367      308.4
33.400      308.0
33.433      307.7
33.467      307.7
33.500      307.3
33.533      307.1
33.567      307.5
33.600      307.2
33.633      307.3
33.667      307.3
33.700      307.6
33.733      307.3
33.767      307.0
33.800      307.4
33.833      307.1
33.867      307.2
33.900      306.9
33.933      306.5
33.967      306.8
34.000      306.3
34.033      306.8
34.067      307.2
34.100      307.2
34.133      307.3
34.167      307.4
34.200      307.3
34.233      307.1
34.267      307.1
34.300      306.9
34.333      306.7
34.367      306.5
34.400      306.8
34.433      306.9
34.467      306.5
34.500      306.0
34.533      306.4
34.567      305.9
34.600      305.9
34.633      305.8
34.667      305.6
34.700      305.5
34.733      305.1
34.767      305.4
34.800      305.5
34.833      305.2
34.867      305.5
34.900      305.5
34.933      305.9
34.967      306.1
35.000      306.3
35.033      307.0
35.067      307.3
35.100      307.5
35.133      307.6
35.167      308.1
35.200      307.4
35.233      306.9
35.267      306.6
35.300      306.4
35.333      306.4
35.367      305.9
35.400      305.6
35.433      305.5
35.467      305.9
35.500      305.7
35.533      305.1
35.567      305.2
35.600      305.1
35.633      304.9
35.667      305.3
35.700      305.1
35.733      305.1
35.767      305.1
35.800      305.6
35.833      305.2
35.867      305.3
35.900      305.4
35.933      304.9
35.967      305.2
36.000      303.5
36.033      303.7
36.067      303.9
36.100      304.2
36.133      304.6
36.167      304.5
36.200      304.8
36.233      304.4
36.267      304.3
36.300      304.4
36.333      304.6
36.367      304.5
36.400      304.5
36.433      304.2
36.467      304.1
36.500      303.9
36.533      304.2
36.567      304.2
36.600      304.4
36.633      304.2
36.667      303.8
36.700      303.7
36.733      303.9
36.767      304.0
36.800      304.5
36.833      305.3
36.867      305.3
36.900      305.5
36.933      305.3
36.967      305.2
37.000      305.1
37.033      304.9
37.067      305.1
37.100      305.1
37.133      305.4
37.167      305.1
37.200      305.0
37.233      304.7
37.267      305.0
37.300      304.8
37.333      304.8
37.367      304.4
37.400      304.3
37.433      304.5
37.467      304.9
37.500      305.4
37.533      305.3
37.567      305.5
37.600      305.3
37.633      304.5
37.667      304.4
37.700      304.2
37.733      303.8
37.767      303.8
37.800      304.3
37.833      303.8
37.867      304.0
37.900      304.0
37.933      303.7
37.967      303.4
38.000      302.0
38.033      302.8
38.067      303.2
38.100      303.3
38.133      302.9
38.167      302.5
38.200      302.3
38.233      302.8
38.267      303.4
38.300      303.9
38.333      304.5
38.367      304.7
38.400      304.6
38.433      305.0
38.467      305.3
38.500      305.6
38.533      305.6
38.567      306.0
38.600      306.2
38.633      306.2
38.667      306.2
38.700      306.1
38.733      305.7
38.767      305.2
38.800      305.1
38.833      305.0
38.867      305.3
38.900      305.6
38.933      305.6
38.967      305.5
39.000      305.7
39.033      305.4
39.067      305.6
39.100      305.2
39.133      305.2
39.167      305.0
39.200      304.8
39.233      304.8
39.267      304.4
39.300      304.4
39.333      304.5
39.367      305.2
39.400      305.3
39.433      305.6
39.467      305.3
39.500      305.0
39.533      305.3
39.567      304.9
39.600      304.6
39.633      304.7
39.667      304.4
39.700      304.3
39.733      304.3
39.767      304.4
39.800      304.0
39.833      304.2
39.867      304.8
39.900      304.4
39.933      304.8
39.967      304.1
40.000      302.7
40.033      303.0
40.067      303.3
40.100      303.5
40.133      303.5
40.167      303.2
40.200      303.2
40.233      303.5
40.267      302.9
40.300      303.4
40.333      303.4
40.367      303.2
40.400      303.1
40.433      303.1
40.467      303.0
40.500      302.2
40.533      302.3
40.567      302.5
40.600      302.9
40.633      302.8
40.667      303.3
40.700      303.4
40.733      303.3
40.767      303.2
40.800      303.2
40.833      303.3
40.867      303.7
40.900      303.4
40.933      303.1
40.967      303.2
41.000      302.5
41.033      302.7
41.067      302.3
41.100      302.0
41.133      302.2
41.167      302.0
41.200      301.7
41.233      301.7
41.267      301.5
41.300      301.6
41.333      302.0
41.367      302.3
41.400      300.8
41.433      300.6
41.467      300.7
41.500      300.3
41.533      300.5
41.567      300.6
41.600      300.4
41.633      300.9
41.667      300.5
41.700      300.4
41.733      300.3
41.767      300.5
41.800      300.5
41.833      300.6
41.867      301.1
41.900      301.3
41.933      301.6
41.967      301.8
42.000      301.6
42.033      301.5
42.067      301.6
42.100      302.0
42.133      302.1
42.167      301.8
42.200      302.0
42.233      301.8
42.267      302.1
42.300      302.1
42.333      302.1
42.367      301.9
42.400      301.7
42.433      301.8
42.467      302.2
42.500      301.8
42.533      301.8
42.567      302.0
42.600      302.2
42.633      302.0
42.667      302.2
42.700      302.2
42.733      302.3
42.767      302.2
42.800      302.6
42.833      302.5
42.867      302.3
42.900      302.7
42.933      302.5
42.967      302.5
43.000      302.6
43.033      302.3
43.067      303.3
43.100      303.0
43.133      303.0
43.167      303.5
43.200      303.5
43.233      303.6
43.267      303.5
43.300      303.0
43.333      302.7
43.367      302.6
43.400      302.5
43.433      302.8
43.467      302.7
43.500      303.2
43.533      302.9
43.567      302.9
43.600      302.8
43.633      302.6
43.667      302.9
43.700      302.7
43.733      302.6
43.767      302.7
43.800      303.0
43.833      303.6
43.867      303.3
43.900      302.9
43.933      302.8
43.967      302.6
44.000      301.1
44.033      301.2
44.067      301.4
44.100      301.2
44.133      301.6
44.167      301.7
44.200      302.5
44.233      302.0
44.267      302.1
44.300      301.9
44.333      301.8
44.367      302.3
44.400      302.1
44.433      302.0
44.467      302.0
44.500      302.8
44.533      303.2
44.567      303.0
44.600      302.9
44.633      302.9
44.667      302.9
44.700      303.0
44.733      302.8
44.767      303.0
44.800      301.9
44.833      302.1
44.867      302.4
44.900      301.8
44.933      301.6
44.967      302.0
45.000      299.4
45.033      299.6
45.067      299.9
45.100      299.9
45.133      300.3
45.167      300.4
45.200      300.1
45.233      300.4
45.267      300.5
45.300      300.7
45.333      300.9
45.367      301.2
45.400      300.4
45.433      300.2
45.467      300.4
45.500      300.4
45.533      300.5
45.567      300.4
45.600      300.4
45.633      300.6
45.667      300.3
45.700      300.4
45.733      300.3
45.767      300.7
45.800      300.3
45.833      300.1
45.867      300.4
45.900      300.3
45.933      300.1
45.967      300.4
46.000      299.8
46.033      300.2
46.067      300.3
46.100      300.4
46.133      300.5
46.167      300.6
46.200      300.7
46.233      300.8
46.267      301.0
46.300      300.9
46.333      301.1
46.367      301.5
46.400      301.3
46.433      301.2
46.467      301.0
46.500      300.5
46.533      300.7
46.567      300.8
46.600      300.1
46.633      299.9
46.667      299.4
46.700      299.4
46.733      299.2
46.767      299.4
46.800      299.1
46.833      299.1
46.867      299.0
46.900      298.8
46.933      298.7
46.967      299.2
47.000      297.4
47.033      297.4
47.067      297.6
47.100      297.7
47.133      297.6
47.167      297.7
47.200      297.9
47.233      298.0
47.267      298.3
47.300      298.1
47.333      297.9
47.367      298.1
47.400      297.7
47.433      297.7
47.467      297.8
47.500      297.4
47.533      297.5
47.567      297.6
47.600      297.3
47.633      297.0
47.667      297.0
47.700      296.7
47.733      296.4
47.767      296.2
47.800      296.0
47.833      295.9
47.867      295.9
47.900      295.9
47.933      295.6
47.967      295.5
48.000      295.6
48.033      295.3
48.067      295.1
48.100      294.9
48.133      294.8
48.167      294.7
48.200      294.4
48.233      294.2
48.267      294.1
48.300      294.7
48.333      294.4
48.367      294.6
48.400      295.0
48.433      295.4
48.467      295.5
48.500      294.5
48.533      294.4
48.567      294.0
48.600      293.8
48.633      293.4
48.667      293.3
48.700      293.0
48.733      292.1
48.767      291.6
48.800      291.6
48.833      291.0
48.867      290.7
48.900      290.8
48.933      289.8
48.967      289.7
49.000      288.5
49.033      289.4
49.067      290.3
49.100      290.7
49.133      291.6
49.167      291.9
49.200      293.0
49.233      293.6
49.267      294.3
49.300      294.8
49.333      295.8
49.367      296.4
49.400      296.5
49.433      296.9
49.467      296.8
49.500      296.4
49.533      296.0
49.567      295.9
49.600      295.6
49.633      295.1
49.667      295.4
49.700      295.1
49.733      295.2
49.767      295.1
49.800      295.5
49.833      296.2
49.867      296.2
49.900      296.2
49.933      296.3
49.967      296.5
50.000      297.1
50.033      297.0
50.067      297.2
50.100      297.3
50.133      297.6
50.167      297.5
50.200      297.6
50.233      297.7
50.267      297.8
50.300      298.7
50.333      298.9
50.367      299.4
50.400      299.7
50.433      300.3
50.467      300.9
50.500      300.8
50.533      300.8
50.567      300.7
50.600      300.0
50.633      299.9
50.667      299.6
50.700      300.0
50.733      300.5
50.767      300.5
50.800      300.2
50.833      300.2
50.867      300.0
50.900      299.9
50.933      300.2
50.967      300.2
51.000      299.4
51.033      300.3
51.067      300.9
51.100      301.1
51.133      301.4
51.167      301.4
51.200      301.4
51.233      301.7
51.267      301.8
51.300      301.7
51.333      301.7
51.367      301.5
51.400      302.1
51.433      302.3
51.467      302.3
51.500      302.3
51.533      302.2
51.567      303.0
51.600      303.0
51.633      302.7
51.667      302.7
51.700      302.6
51.733      302.7
51.767      302.6
51.800      302.8
51.833      302.4
51.867      302.2
51.900      302.3
51.933      302.4
51.967      302.6
52.000      302.5
52.033      302.8
52.067      303.1
52.100      302.5
52.133      302.4
52.167      301.8
52.200      301.4
52.233      300.5
52.267      299.3
52.300      299.2
52.333      299.6
52.367      300.9
52.400      301.5
52.433      301.5
52.467      301.6
52.500      301.6
52.533      301.7
52.567      302.0
52.600      302.2
52.633      302.2
52.667      302.4
52.700      302.9
52.733      302.8
52.767      302.7
52.800      302.4
52.833      302.3
52.867      302.0
52.900      301.9
52.933      302.1
52.967      302.2
53.000      300.9
53.033      301.8
53.067      302.1
53.100      302.7
53.133      303.1
53.167      303.6
53.200      303.3
53.233      303.3
53.267      302.9
53.300      303.0
53.333      303.2
53.367      303.3
53.400      303.5
53.433      304.1
53.467      304.2
53.500      304.2
53.533      304.4
53.567      305.2
53.600      305.4
53.633      304.7
53.667      304.0
53.700      303.8
53.733      304.6
53.767      304.2
53.800      304.3
53.833      304.1
53.867      303.8
53.900      303.7
53.933      303.9
53.967      303.7
54.000      303.3
54.033      303.6
54.067      303.8
54.100      303.5
54.133      304.2
54.167      304.3
54.200      304.9
54.233      305.2
54.267      305.3
54.300      305.7
54.333      305.5
54.367      305.8
54.400      305.4
54.433      305.1
54.467      305.0
54.500      304.9
54.533      305.1
54.567      305.1
54.600      305.0
54.633      304.6
54.667      305.5
54.700      304.8
54.733      305.1
54.767      305.2
54.800      304.9
54.833      304.7
54.867      304.2
54.900      303.8
54.933      303.6
54.967      303.8
55.000      304.5
55.033      304.7
55.067      305.1
55.100      305.5
55.133      305.9
55.167      305.6
55.200      305.5
55.233      305.7
55.267      305.4
55.300      305.6
55.333      307.2
55.367      307.9
55.400      308.0
55.433      308.2
55.467      308.4
55.500      308.6
55.533      308.3
55.567      308.4
55.600      308.2
55.633      308.0
55.667      307.9
55.700      307.8
55.733      307.5
55.767      308.0
55.800      308.2
55.833      308.5
55.867      308.7
55.900      308.8
55.933      309.0
55.967      309.3
56.000      309.2
56.033      309.4
56.067      309.6
56.100      309.5
56.133      309.6
56.167      309.7
56.200      309.9
56.233      310.3
56.267      310.6
56.300      311.1
56.333      311.5
56.367      312.1
56.400      312.1
56.433      312.3
56.467      312.8
56.500      312.4
56.533      312.3
56.567      312.0
56.600      312.5
56.633      312.0
56.667      312.0
56.700      311.9
56.733      312.0
56.767      312.8
56.800      312.6
56.833      312.2
56.867      312.0
56.900      312.0
56.933      311.9
56.967      312.3
57.000      311.9
57.033      312.5
57.067      313.2
57.100      314.1
57.133      313.9
57.167      313.1
57.200      312.3
57.233      312.1
57.267      312.2
57.300      312.3
57.333      313.2
57.367      314.0
57.400      314.3
57.433      314.7
57.467      315.1
57.500      314.9
57.533      315.0
57.567      315.5
57.600      316.0
57.633      316.1
57.667      316.3
57.700      315.9
57.733      299.6
57.767      299.8
57.800      300.1
57.833      299.2
57.867      298.9
57.900      298.5
57.933      298.7
57.967      298.6
58.000      298.4
58.033      298.2
58.067      298.1
58.100      297.6
58.133      297.4
58.167      297.6
58.200      297.6
58.233      296.9
58.267      296.6
58.300      296.0
58.333      296.3
58.367      296.4
58.400      296.3
58.433      296.9
58.467      297.2
58.500      296.6
58.533      296.1
58.567      295.8
58.600      296.0
58.633      296.7
58.667      296.9
58.700      296.5
58.733      296.7
58.767      296.6
58.800      296.6
58.833      297.0
58.867      296.5
58.900      296.2
58.933      296.5
58.967      296.4
59.000      295.4
59.033      295.5
59.067      295.0
59.100      294.5
59.133      295.2
59.167      294.7
59.200      294.8
59.233      295.4
59.267      296.5
59.300      297.1
59.333      297.4
59.367      296.7
59.400      296.7
59.433      296.4
59.467      296.1
59.500      296.4
59.533      297.6
59.567      297.4
59.600      297.4
59.633      297.8
59.667      298.2
59.700      298.4
59.733      297.8
59.767      297.9
59.800      297.5
59.833      297.4
59.867      296.9
59.900      295.8
59.933      295.2
59.967      294.2
60.000      292.1
60.033      292.5
60.067      293.2
60.100      294.1
60.133      295.0
60.167      296.2
60.200      298.9
60.233      301.0
60.267      302.7
60.300      302.7
60.333      302.8
60.367      303.1
60.400      302.5
60.433      302.5
60.467      302.4
60.500      302.2
60.533      302.0
60.567      301.7
60.600      301.9
60.633      301.3
60.667      301.1
60.700      301.0
60.733      301.6
60.767      301.5
60.800      302.3
60.833      302.0
60.867      302.1
60.900      301.9
60.933      301.4
60.967      301.0
61.000      300.7
61.033      301.5
61.067      301.2
61.100      301.1
61.133      301.0
61.167      301.0
61.200      300.6
61.233      300.8
61.267      300.7
61.300      300.5
61.333      300.0
61.367      300.0
61.400      299.7
61.433      299.5
61.467      299.0
61.500      299.2
61.533      299.9
61.567      299.6
61.600      299.4
61.633      299.0
61.667      298.8
61.700      298.6
61.733      299.7
61.767      300.1
61.800      300.0
61.833      300.1
61.867      300.1
61.900      300.2
61.933      300.2
61.967      300.4
62.000      299.3
62.033      300.5
62.067      300.1
62.100      300.1
62.133      300.1
62.167      299.9
62.200      300.0
62.233      299.5
62.267      299.4
62.300      299.5
62.333      299.3
62.367      299.2
62.400      299.4
62.433      299.8
62.467      299.8
62.500      300.2
62.533      300.3
62.567      300.4
62.600      300.6
62.633      300.5
62.667      300.6
62.700      300.6
62.733      300.4
62.767      299.5
62.800      299.2
62.833      298.7
62.867      298.1
62.900      297.7
62.933      298.0
62.967      297.1
63.000      296.7
63.033      297.1
63.067      296.8
63.100      296.8
63.133      296.0
63.167      295.5
63.200      295.0
63.233      294.8
63.267      294.5
63.300      293.9
63.333      293.0
63.367      289.2
63.400      286.6
63.433      286.0
63.467      287.5
63.500      290.2
63.533      294.5
63.567      294.5
63.600      295.0
63.633      294.4
63.667      294.3
63.700      294.1
63.733      294.8
63.767      294.8
63.800      294.4
63.833      294.5
63.867      294.5
63.900      294.4
63.933      294.6
63.967      294.9
64.000      295.1
64.033      295.2
64.067      295.4
64.100      295.0
64.133      295.1
64.167      295.9
64.200      295.7
64.233      295.9
64.267      295.9
64.300      295.7
64.333      296.2
64.367      296.7
64.400      296.6
64.433      296.5
64.467      296.5
64.500      296.8
64.533      297.4
64.567      297.5
64.600      297.2
64.633      297.0
64.667      296.5
64.700      296.4
64.733      296.3
64.767      296.7
64.800      296.8
64.833      296.7
64.867      296.8
64.900      297.2
64.933      296.8
64.967      297.0
65.000      297.3
65.033      297.4
65.067      297.3
65.100      297.0
65.133      296.9
65.167      297.2
65.200      297.1
65.233      296.8
65.267      297.0
65.300      296.6
65.333      297.2
65.367      296.9
65.400      295.9
65.433      295.4
65.467      295.1
65.500      294.7
65.533      295.0
65.567      295.1
65.600      295.1
65.633      295.5
65.667      295.8
65.700      295.9
65.733      296.0
65.767      296.2
65.800      296.0
65.833      295.5
65.867      295.9
65.900      295.4
65.933      295.2
65.967      294.7
66.000      293.3
66.033      293.8
66.067      293.5
66.100      293.4
66.133      293.4
66.167      293.2
66.200      293.7
66.233      293.5
66.267      293.0
66.300      292.7
66.333      292.3
66.367      291.6
66.400      291.2
66.433      291.0
66.467      291.7
66.500      291.8
66.533      292.1
66.567      292.6
66.600      292.8
66.633      292.8
66.667      293.0
66.700      293.0
66.733      293.2
66.767      293.3
66.800      294.0
66.833      294.4
66.867      294.1
66.900      294.7
66.933      294.5
66.967      294.6
67.000      294.4
67.033      293.8
67.067      293.6
67.100      293.3
67.133      293.3
67.167      293.6
67.200      293.7
67.233      293.6
67.267      293.5
67.300      293.4
67.333      293.1
67.367      293.4
67.400      292.9
67.433      293.0
67.467      292.9
67.500      293.7
67.533      293.3
67.567      293.7
67.600      293.4
67.633      293.2
67.667      292.9
67.700      292.7
67.733      292.0
67.767      292.2
67.800      292.1
67.833      292.0
67.867      292.4
67.900      292.5
67.933      292.7
67.967      293.0
68.000      291.6
68.033      292.1
68.067      292.2
68.100      292.0
68.133      291.9
68.167      292.1
68.200      292.1
68.233      292.3
68.267      291.6
68.300      291.2
68.333      291.5
68.367      291.3
68.400      290.9
68.433      291.1
68.467      290.8
68.500      290.8
68.533      290.3
68.567      290.5
68.600      290.1
68.633      289.9
68.667      290.2
68.700      290.2
68.733      290.4
68.767      290.2
68.800      290.3
68.833      290.0
68.867      289.8
68.900      289.7
68.933      289.6
68.967      289.4
69.000      289.2
69.033      289.1
69.067      289.6
69.100      289.4
69.133      289.1
69.167      289.1
69.200      288.8
69.233      288.6
69.267      288.5
69.300      288.6
69.333      288.9
69.367      288.7
69.400      288.8
69.433      289.3
69.467      289.6
69.500      289.8
69.533      289.9
69.567      289.7
69.600      289.5
69.633      289.6
69.667      289.8
69.700      290.1
69.733      289.7
69.767      289.6
69.800      289.9
69.833      290.3
69.867      290.2
69.900      290.4
69.933      290.2
69.967      290.6
70.000      288.9
70.033      289.3
70.067      289.4
70.100      289.5
70.133      289.1
70.167      288.8
70.200      288.6
70.233      289.2
70.267      288.9
70.300      288.6
70.333      288.7
70.367      288.4
70.400      303.4
70.433      303.1
70.467      303.3
70.500      313.2
70.533      314.6
70.567      314.8
70.600      313.8
70.633      313.7
70.667      314.3
70.700      314.2
70.733      313.8
70.767      325.1
70.800      325.8
70.833      326.9
70.867      328.1
70.900      328.1
70.933      327.8
70.967      327.7
71.000      327.8
71.033      327.7
71.067      327.9
71.100      327.9
71.133      327.9
71.167      327.7
71.200      327.9
71.233      328.3
71.267      328.6
71.300      328.4
71.333      328.9
71.367      329.0
71.400      328.8
71.433      328.5
71.467      327.7
71.500      327.0
71.533      327.2
71.567      326.8
71.600      327.4
71.633      328.0
71.667      327.7
71.700      327.1
71.733      327.2
71.767      327.1
71.800      326.8
71.833      326.5
71.867      325.7
71.900      325.8
71.933      326.2
71.967      326.4
72.000      325.8
72.033      325.6
72.067      325.4
72.100      325.0
72.133      325.2
72.167      325.2
72.200      325.2
72.233      325.0
72.267      324.7
72.300      324.8
72.333      324.8
72.367      325.2
72.400      325.4
72.433      325.1
72.467      325.2
72.500      324.8
72.533      325.2
72.567      325.4
72.600      326.0
72.633      326.3
72.667      326.6
72.700      326.2
72.733      326.2
72.767      326.0
72.800      326.3
72.833      326.7
72.867      326.8
72.900      326.7
72.933      326.7
72.967      326.8
73.000      326.9
73.033      326.6
73.067      326.3
73.100      326.3
73.133      326.2
73.167      326.2
73.200      326.2
73.233      325.7
73.267      325.7
73.300      325.2
73.333      325.3
73.367      324.9
73.400      324.7
73.433      324.4
73.467      325.2
73.500      324.6
73.533      324.4
73.567      324.8
73.600      324.6
73.633      324.5
73.667      324.7
73.700      325.3
73.733      325.2
73.767      325.4
73.800      325.9
73.833      325.4
73.867      325.3
73.900      325.2
73.933      325.0
73.967      325.4
74.000      324.3
74.033      324.7
74.067      324.5
74.100      324.3
74.133      324.9
74.167      324.8
74.200      324.7
74.233      324.9
74.267      324.2
74.300      324.2
74.333      324.3
74.367      324.1
74.400      324.4
74.433      323.9
74.467      324.0
74.500      323.8
74.533      323.7
74.567      323.6
74.600      323.8
74.633      323.9
74.667      323.9
74.700      323.6
74.733      323.4
74.767      323.3
74.800      323.5
74.833      323.6
74.867      323.2
74.900      323.2
74.933      323.1
74.967      323.1
75.000      323.1
75.033      322.4
75.067      322.2
75.100      322.7
75.133      322.2
75.167      321.6
75.200      321.1
75.233      320.8
75.267      320.7
75.300      320.4
75.333      319.2
75.367      319.8
75.400      319.4
75.433      319.0
75.467      319.5
75.500      319.7
75.533      319.4
75.567      319.8
75.600      320.2
75.633      320.2
75.667      320.0
75.700      319.8
75.733      319.8
75.767      320.6
75.800      320.7
75.833      320.4
75.867      320.1
75.900      319.8
75.933      320.1
75.967      320.1
76.000      320.1
76.033      319.3
76.067      318.7
76.100      317.9
76.133      317.4
76.167      317.4
76.200      317.4
76.233      318.0
76.267      317.7
76.300      317.9
76.333      317.5
76.367      317.6
76.400      317.3
76.433      317.0
76.467      316.9
76.500      316.7
76.533      316.5
76.567      316.7
76.600      315.8
76.633      316.2
76.667      316.1
76.700      316.3
76.733      316.1
76.767      315.5
76.800      315.3
76.833      315.3
76.867      315.0
76.900      327.4
76.933      328.5
76.967      328.3
77.000      328.1
77.033      328.1
77.067      328.4
77.100      328.5
77.133      328.1
77.167      328.2
77.200      328.0
77.233      328.1
77.267      328.4
77.300      327.5
77.333      327.1
77.367      327.0
77.400      326.2
77.433      325.9
77.467      325.8
77.500      325.3
77.533      325.6
77.567      325.4
77.600      325.5
77.633      325.2
77.667      324.7
77.700      324.3
77.733      324.1
77.767      323.6
77.800      323.2
77.833      323.4
77.867      323.1
77.900      323.2
77.933      324.0
77.967      324.3
78.000      324.1
78.033      323.8
78.067      324.7
78.100      324.8
78.133      324.8
78.167      325.0
78.200      325.3
78.233      325.4
78.267      324.7
78.300      324.6
78.333      324.3
78.367      324.4
78.400      324.6
78.433      324.7
78.467      324.1
78.500      324.2
78.533      324.5
78.567      324.4
78.600      324.5
78.633      324.6
78.667      324.5
78.700      324.3
78.733      324.6
78.767      323.9
78.800      323.6
78.833      323.3
78.867      323.0
78.900      322.5
78.933      322.1
78.967      322.0
79.000      320.2
79.033      319.9
79.067      319.7
79.100      319.9
79.133      319.8
79.167      319.7
79.200      319.1
79.233      318.6
79.267      318.3
79.300      318.1
79.333      318.0
79.367      318.0
79.400      318.8
79.433      318.9
79.467      318.8
79.500      318.2
79.533      318.1
79.567      317.6
79.600      317.4
79.633      317.2
79.667      316.7
79.700      316.4
79.733      316.0
79.767      315.9
79.800      315.4
79.833      315.4
79.867      315.8
79.900      315.4
79.933      315.4
79.967      314.4
80.000      314.5
80.033      314.8
80.067      316.9
80.100      317.2
80.133      317.3
80.167      317.2
80.200      317.1
80.233      317.1
80.267      316.9
80.300      316.6
80.333      316.4
80.367      316.2
80.400      316.7
80.433      316.4
80.467      316.3
80.500      316.0
80.533      316.1
80.567      316.1
80.600      316.2
80.633      316.3
80.667      316.2
80.700      316.4
80.733      315.9
80.767      316.4
80.800      316.2
80.833      316.3
80.867      316.3
80.900      316.4
80.933      316.2
80.967      316.4
81.000      315.7
81.033      316.9
81.067      316.7
81.100      316.9
81.133      317.2
81.167      317.1
81.200      317.5
81.233      316.2
81.267      315.7
81.300      315.4
81.333      325.0
81.367      325.7
81.400      325.9
81.433      326.9
81.467      326.5
81.500      326.2
81.533      326.1
81.567      326.0
81.600      325.3
81.633      324.4
81.667      324.4
81.700      323.3
81.733      322.5
81.767      321.7
81.800      321.2
81.833      320.2
81.867      318.8
81.900      317.9
81.933      316.8
81.967      316.8
82.000      316.2
82.033      316.2
82.067      317.1
82.100      317.1
82.133      316.2
82.167      316.0
82.200      316.4
82.233      316.7
82.267      317.2
82.300      317.5
82.333      317.4
82.367      318.1
82.400      304.7
82.433      304.3
82.467      304.5
82.500      304.5
82.533      305.2
82.567      315.8
82.600      318.4
82.633      319.2
82.667      331.6
82.700      333.4
82.733      334.4
82.767      335.9
82.800      326.0
82.833      326.7
82.867      326.3
82.900      326.0
82.933      325.5
82.967      325.1
83.000      322.4
83.033      322.5
83.067      322.1
83.100      321.4
83.133      320.5
83.167      319.4
83.200      318.6
83.233      318.1
83.267      316.6
83.300      315.6
83.333      313.6
83.367      312.3
83.400      311.8
83.433      310.4
83.467      309.4
83.500      308.0
83.533      307.7
83.567      307.1
83.600      306.8
83.633      306.2
83.667      305.4
83.700      304.9
83.733      305.0
83.767      305.4
83.800      306.9
83.833      308.3
83.867      309.0
83.900      309.5
83.933      310.3
83.967      310.5
84.000      310.7
84.033      311.5
84.067      311.4
84.100      311.7
84.133      312.2
84.167      312.3
84.200      312.6
84.233      313.3
84.267      314.6
84.300      314.9
84.333      316.5
84.367      316.5
84.400      317.0
84.433      317.6
84.467      318.2
84.500      319.0
84.533      319.5
84.567      307.6
84.600      307.3
84.633      308.1
84.667      308.6
84.700      309.3
84.733      309.9
84.767      311.0
84.800      312.1
84.833      312.9
84.867      314.0
84.900      315.3
84.933      316.8
84.967      318.2
85.000      319.0
85.033      321.2
85.067      322.4
85.100      310.6
85.133      311.2
85.167      311.7
85.200      311.3
85.233      311.9
85.267      311.9
85.300      312.2
85.333      312.4
85.367      311.2
85.400      311.1
85.433      311.0
85.467      311.5
85.500      310.3
85.533      310.6
85.567      311.2
85.600      311.5
85.633      312.2
85.667      312.9
85.700      313.5
85.733      313.7
85.767      313.8
85.800      302.8
85.833      303.8
85.867      305.0
85.900      305.8
85.933      307.2
85.967      307.1
86.000      307.2
86.033      307.5
86.067      307.6
86.100      307.9
86.133      308.7
86.167      320.5
86.200      321.1
86.233      321.5
86.267      322.4
86.300      323.4
86.333      324.3
86.367      313.0
86.400      312.9
86.433      313.0
86.467      312.6
86.500      312.8
86.533      313.5
86.567      313.4
86.600      313.3
86.633      313.2
86.667      313.0
86.700      323.3
86.733      323.6
86.767      324.2
86.800      325.3
86.833      315.5
86.867      315.2
86.900      315.5
86.933      315.5
86.967      315.6
87.000      313.8
87.033      314.3
87.067      314.3
87.100      315.3
87.133      315.7
87.167      316.5
87.200      316.7
87.233      317.1
87.267      317.5
87.300      316.9
87.333      316.6
87.367      316.5
87.400      316.8
87.433      316.4
87.467      316.4
87.500      316.5
87.533      317.2
87.567      317.7
87.600      318.5
87.633      318.9
87.667      310.3
87.700      311.0
87.733      310.2
87.767      309.7
87.800      309.3
87.833      309.4
87.867      309.3
87.900      309.4
87.933      309.5
87.967      308.8
88.000      307.9
88.033      307.8
88.067      307.4
88.100      307.8
88.133      308.9
88.167      309.8
88.200      310.9
88.233      311.5
88.267      311.1
88.300      311.3
88.333      311.0
88.367      311.2
88.400      310.9
88.433      311.0
88.467      310.4
88.500      310.1
88.533      309.6
88.567      309.5
88.600      309.1
88.633      309.4
88.667      309.7
88.700      309.8
88.733      310.1
88.767      309.5
88.800      309.0
88.833      308.5
88.867      308.8
88.900      309.1
88.933      308.9
88.967      308.8
89.000      307.6
89.033      308.2
89.067      308.5
89.100      307.9
89.133      307.7
89.167      307.4
89.200      308.1
89.233      309.8
89.267      310.1
89.300      309.5
89.333      308.8
89.367      309.1
89.400      309.6
89.433      309.7
89.467      309.9
89.500      310.2
89.533      310.1
89.567      310.3
89.600      309.7
89.633      310.0
89.667      309.8
89.700      310.5
89.733      310.6
89.767      310.0
89.800      310.6
89.833      310.5
89.867      311.5
89.900      311.9
89.933      311.1
89.967      311.6
90.000      309.5
90.033      308.8
90.067      305.2
90.100      305.8
90.133      306.5
90.167      305.7
90.200      305.1
90.233      304.5
90.267      304.8
90.300      305.1
90.333      304.8
90.367      304.8
90.400      304.1
90.433      303.6
90.467      302.4
90.500      300.4
90.533      299.6
90.567      299.7
90.600      300.1
90.633      302.0
90.667      302.0
90.700      302.6
90.733      302.9
90.767      302.4
90.800      302.4
90.833      302.4
90.867      310.1
90.900      310.5
90.933      311.3
90.967      311.7
91.000      311.5
91.033      312.4
91.067      312.2
91.100      312.4
91.133      312.4
91.167      312.4
91.200      312.3
91.233      312.4
91.267      312.3
91.300      312.2
91.333      304.7
91.367      304.1
91.400      305.0
91.433      305.9
91.467      306.3
91.500      306.9
91.533      307.2
91.567      307.1
91.600      307.4
91.633      307.4
91.667      307.8
91.700      307.2
91.733      307.2
91.767      307.4
91.800      307.6
91.833      308.1
91.867      309.4
91.900      309.6
91.933      310.4
91.967      310.9
92.000      297.3
92.033      297.0
92.067      296.9
92.100      297.2
92.133      297.0
92.167      297.2
92.200      297.7
92.233      297.8
92.267      297.9
92.300      297.7
92.333      297.9
92.367      298.3
92.400      298.7
92.433      299.4
92.467      299.6
92.500      299.7
92.533      299.7
92.567      299.6
92.600      299.4
92.633      301.3
92.667      301.2
92.700      301.5
92.733      302.1
92.767      302.9
92.800      304.0
92.833      304.2
92.867      304.0
92.900      303.8
92.933      304.2
92.967      304.0
93.000      304.3
93.033      304.4
93.067      304.7
93.100      305.5
93.133      304.9
93.167      305.2
93.200      305.0
93.233      304.5
93.267      305.4
93.300      305.8
93.333      305.2
93.367      305.3
93.400      305.8
93.433      306.1
93.467      306.8
93.500      306.6
93.533      306.1
93.567      306.4
93.600      306.4
93.633      306.4
93.667      306.6
93.700      306.1
93.733      306.3
93.767      307.3
93.800      308.2
93.833      309.2
93.867      310.6
93.900      310.6
93.933      310.8
93.967      311.5
94.000      311.1
94.033      311.0
94.067      310.9
94.100      310.8
94.133      310.9
94.167      311.2
94.200      311.2
94.233      311.9
94.267      312.3
94.300      312.3
94.333      312.0
94.367      312.1
94.400      312.5
94.433      311.9
94.467      311.9
94.500      311.4
94.533      310.6
94.567      310.4
94.600      311.0
94.633      311.1
94.667      311.5
94.700      312.4
94.733      312.4
94.767      312.2
94.800      313.0
94.833      312.5
94.867      312.1
94.900      311.8
94.933      311.1
94.967      301.1
95.000      299.3
95.033      298.5
95.067      297.7
95.100      297.6
95.133      297.7
95.167      298.7
95.200      300.4
95.233      300.8
95.267      300.8
95.300      300.9
95.333      301.6
95.367      301.5
95.400      302.0
95.433      301.6
95.467      301.2
95.500      301.0
95.533      300.3
95.567      299.8
95.600      299.3
95.633      298.9
95.667      298.5
95.700      297.8
95.733      297.1
95.767      296.5
95.800      295.7
95.833      294.9
95.867      294.4
95.900      294.0
95.933      294.1
95.967      294.0
96.000      293.6
96.033      294.3
96.067      295.3
96.100      296.2
96.133      296.8
96.167      296.9
96.200      297.7
96.233      298.5
96.267      298.7
96.300      299.8
96.333      300.8
96.367      301.7
96.400      303.4
96.433      304.4
96.467      306.1
96.500      307.5
96.533      308.4
96.567      310.1
96.600      310.8
96.633      311.8
96.667      312.5
96.700      313.1
96.733      313.2
96.767      313.5
96.800      313.6
96.833      314.3
96.867      314.4
96.900      314.9
96.933      315.5
96.967      315.6
97.000      316.1
97.033      317.1
97.067      317.7
97.100      318.3
97.133      319.2
97.167      307.8
97.200      307.2
97.233      306.8
97.267      306.4
97.300      306.2
97.333      305.8
97.367      305.4
97.400      306.0
97.433      306.0
97.467      305.9
97.500      306.1
97.533      306.0
97.567      304.9
97.600      304.9
97.633      304.5
97.667      304.7
97.700      305.5
97.733      305.7
97.767      306.0
97.800      307.0
97.833      306.5
97.867      306.2
97.900      305.6
97.933      304.9
97.967      304.6
98.000      303.1
98.033      303.6
98.067      303.5
98.100      303.4
98.133      303.7
98.167      303.5
98.200      304.0
98.233      303.9
98.267      304.2
98.300      303.9
98.333      304.4
98.367      304.8
98.400      305.3
98.433      305.9
98.467      306.1
98.500      306.9
98.533      307.1
98.567      307.1
98.600      307.7
98.633      307.5
98.667      307.6
98.700      307.8
98.733      307.1
98.767      306.8
98.800      307.3
98.833      306.9
98.867      307.0
98.900      306.9
98.933      307.3
98.967      308.0
99.000      308.1
99.033      308.4
99.067      308.5
99.100      308.8
99.133      308.4
99.167      308.1
99.200      308.4
99.233      308.5
99.267      308.7
99.300      309.5
99.333      309.4
99.367      309.2
99.400      309.6
99.433      309.3
99.467      308.8
99.500      309.0
99.533      308.7
99.567      308.8
99.600      308.7
99.633      308.8
99.667      309.3
99.700      309.7
99.733      309.7
99.767      310.3
99.800      310.2
99.833      309.8
99.867      309.6
99.900      309.6
99.933      310.2
99.967      311.1
100.000      311.1
100.033      310.8
100.067      311.8
100.100      311.7
100.133      311.7
100.167      312.2
100.200      311.8
100.233      311.4
100.267      311.5
100.300      311.4
100.333      311.5
100.367      311.7
100.400      311.5
100.433      311.4
100.467      311.7
100.500      311.6
100.533      311.5
100.567      311.2
100.600      310.0
100.633      309.3
100.667      309.4
100.700      310.1
100.733      309.6
100.767      309.5
100.800      308.9
100.833      307.4
100.867      304.4
100.900      302.4
100.933      299.6
100.967      297.0
101.000      293.8
101.033      289.4
101.067      284.1
101.100      276.1
101.133      267.2
101.167      258.3
101.200      262.6
101.233      259.9
101.267      260.7
101.300      263.6
101.333      278.4
101.367      301.7
101.400      318.3
101.433      334.0
101.467      337.4
101.500      327.9
101.533      327.9
101.567      327.9
101.600      327.8
101.633      316.6
101.667      316.6
101.700      316.8
101.733      317.2
101.767      317.3
101.800      317.3
101.833      304.8
101.867      304.9
101.900      304.0
101.933      304.3
101.967      304.5
102.000      303.3
102.033      303.3
102.067      303.5
102.100      303.5
102.133      303.6
102.167      303.4
102.200      303.3
102.233      302.8
102.267      303.1
102.300      303.5
102.333      305.1
102.367      305.8
102.400      306.4
102.433      306.4
102.467      306.4
102.500      306.5
102.533      306.5
102.567      306.5
102.600      306.8
102.633      306.9
102.667      307.6
102.700      307.5
102.733      308.0
102.767      307.8
102.800      307.8
102.833      307.7
102.867      307.3
102.900      306.7
102.933      306.4
102.967      306.5
103.000      305.5
103.033      305.7
103.067      306.3
103.100      306.9
103.133      307.7
103.167      308.5
103.200      309.6
103.233      309.8
103.267      310.4
103.300      311.4
103.333      311.8
103.367      311.3
103.400      312.4
103.433      312.9
103.467      312.7
103.500      312.0
103.533      311.2
103.567      310.6
103.600      309.8
103.633      309.4
103.667      308.6
103.700      308.6
103.733      309.6
103.767      310.3
103.800      310.2
103.833      310.8
103.867      311.3
103.900      311.9
103.933      311.6
103.967      311.2
104.000      308.3
104.033      307.3
104.067      306.2
104.100      305.7
104.133      305.9
104.167      303.4
104.200      299.5
104.233      296.3
104.267      296.1
104.300      298.1
104.333      300.1
104.367      304.5
104.400      313.2
104.433      314.1
104.467      314.3
104.500      313.5
104.533      312.1
104.567      310.9
104.600      309.4
104.633      308.3
104.667      307.1
104.700      307.7
104.733      308.0
104.767      308.7
104.800      310.1
104.833      310.8
104.867      311.9
104.900      312.7
104.933      313.6
104.967      314.2
105.000      314.7
105.033      314.6
