0.000      362.8
0.100      363.0
0.200      363.0
0.300      363.0
0.400      363.0
0.500      363.1
0.600      363.0
0.700      362.9
0.800      362.9
0.900      362.9
1.000      362.8
1.100      362.8
1.200      362.8
1.300      362.9
1.400      362.9
1.500      362.9
1.600      362.9
1.700      362.8
1.800      362.7
1.900      362.6
2.000      362.6
2.100      362.6
2.200      362.6
2.300      362.6
2.400      362.5
2.500      362.5
2.600      362.5
2.700      362.5
2.800      362.6
2.900      362.7
3.000      362.8
3.100      362.8
3.200      362.8
3.300      364.3
3.400      364.8
3.500      365.1
3.600      365.4
3.700      365.6
3.800      364.7
3.900      364.3
4.000      364.0
4.100      363.9
4.200      363.9
4.300      363.5
4.400      363.3
4.500      363.2
4.600      363.2
4.700      363.2
4.800      363.2
4.900      363.2
5.000      363.0
5.100      364.3
5.200      364.8
5.300      365.1
5.400      365.3
5.500      365.8
5.600      365.9
5.700      366.0
5.800      366.1
5.900      366.2
6.000      366.3
6.100      366.4
6.200      366.4
6.300      365.1
6.400      364.7
6.500      364.5
6.600      364.4
6.700      363.8
6.800      363.6
6.900      363.5
7.000      363.5
7.100      363.5
7.200      363.6
7.300      363.6
7.400      363.7
7.500      363.8
7.600      363.9
7.700      364.0
7.800      364.0
7.900      364.0
8.000      364.1
8.100      364.1
8.200      364.1
8.300      364.1
8.400      364.2
8.500      364.2
8.600      364.3
8.700      364.3
8.800      364.4
8.900      364.5
9.000      364.6
9.100      364.8
9.200      364.8
9.300      364.9
9.400      365.0
9.500      359.2
9.600      358.2
9.700      357.4
9.800      357.1
9.900      356.9
10.000      355.8
10.100      356.0
10.200      356.1
10.300      356.5
10.400      356.6
10.500      357.0
10.600      357.3
10.700      357.6
10.800      358.2
10.900      358.8
11.000      359.7
11.100      360.6
11.200      361.7
11.300      362.7
11.400      359.7
11.500      358.4
11.600      358.3
11.700      358.8
11.800      359.9
11.900      361.1
12.000      361.8
12.100      360.6
12.200      360.4
12.300      360.7
12.400      361.9
12.500      363.7
12.600      366.3
12.700      362.9
12.800      362.7
12.900      365.7
13.000      370.2
13.100      371.1
13.200      374.5
13.300      374.9
13.400      372.9
13.500      383.8
13.600      382.2
13.700      384.8
13.800      381.2
13.900      379.1
14.000      382.7
14.100      381.9
14.200      372.5
14.300      379.6
14.400      381.5
14.500      375.5
14.600      371.4
14.700      370.8
14.800      375.2
14.900      384.6
15.000      420.5
15.100      446.3
15.200      463.6
15.300      472.1
15.400      472.1
15.500      496.0
15.600      500.2
15.700      505.5
15.800      507.0
15.900      594.0
16.000      509.7
16.100      472.6
16.200      473.2
16.300      493.9
16.400      497.7
16.500      520.9
16.600      524.1
16.700      518.2
16.800      490.8
16.900      462.4
17.000      435.7
17.100      381.2
17.200      344.4
17.300      270.2
17.400      254.1
17.500      244.9
17.600      247.9
17.700      252.7
17.800      266.6
17.900      271.4
18.000      221.2
18.100      198.5
18.200      162.1
18.300      112.3
18.400       86.9
18.500       89.1
18.600       92.1
18.700      106.6
18.800      116.6
18.900      133.4
19.000      166.8
19.100      178.0
19.200      207.3
19.300      218.0
19.400      247.1
19.500      289.3
19.600      324.4
19.700      352.1
19.800      376.4
19.900      375.7
20.000      375.5
20.100      375.2
20.200      374.8
20.300      374.1
20.400      373.5
20.500      372.6
20.600      371.6
20.700      370.2
20.800      369.1
20.900      368.2
21.000      367.0
21.100      365.3
21.200      364.5
21.300      364.1
21.400      361.6
21.500      360.5
21.600      359.5
21.700      358.7
21.800      358.2
21.900      357.5
22.000      357.0
22.100      356.6
22.200      356.1
22.300      355.1
22.400      354.7
22.500      354.4
22.600      354.0
22.700      353.8
22.800      353.6
22.900      353.5
23.000      353.4
23.100      353.3
23.200      353.1
23.300      352.9
23.400      352.9
23.500      352.3
23.600      352.0
23.700      352.0
23.800      352.0
23.900      351.9
24.000      351.7
24.100      351.7
24.200      351.7
24.300      351.7
24.400      351.7
24.500      351.7
24.600      351.7
24.700      351.4
24.800      351.4
24.900      351.4
25.000      350.8
25.100      350.9
25.200      350.9
25.300      350.9
25.400      350.9
25.500      351.0
25.600      351.0
25.700      351.1
25.800      351.1
25.900      351.0
26.000      351.0
26.100      350.9
26.200      350.9
26.300      350.9
26.400      350.9
26.500      351.0
26.600      351.0
26.700      351.1
26.800      351.1
26.900      351.1
27.000      351.3
27.100      351.3
27.200      351.3
27.300      351.3
27.400      351.3
27.500      351.4
27.600      351.5
27.700      351.5
27.800      351.5
27.900      351.5
28.000      351.5
28.100      351.5
28.200      351.4
28.300      351.3
28.400      351.2
28.500      351.2
28.600      351.2
28.700      351.3
28.800      351.3
28.900      351.3
29.000      351.2
29.100      351.3
29.200      351.4
29.300      351.4
29.400      351.4
29.500      351.4
29.600      351.4
29.700      351.4
29.800      351.5
29.900      351.6
30.000      351.4
30.100      351.4
30.200      351.6
30.300      351.7
30.400      351.8
30.500      351.9
30.600      352.1
30.700      352.2
30.800      352.2
30.900      352.3
31.000      352.3
31.100      352.4
31.200      352.4
31.300      352.4
31.400      352.5
31.500      352.6
31.600      352.7
31.700      352.7
31.800      352.7
31.900      352.6
32.000      352.7
32.100      352.8
32.200      352.9
32.300      352.9
32.400      353.0
32.500      353.0
32.600      353.1
32.700      353.1
32.800      353.2
32.900      353.2
33.000      353.3
33.100      353.4
33.200      353.5
33.300      353.5
33.400      353.6
33.500      353.5
33.600      353.6
33.700      353.6
33.800      353.6
33.900      353.6
34.000      353.7
34.100      353.7
34.200      353.7
34.300      353.8
