 0.0     111.68     179.41       0.62
 0.1     119.27     189.49       0.63
 0.2     119.20     189.41       0.63
 0.3     119.30     188.85       0.63
 0.4     119.30     187.57       0.64
 0.5     119.22     186.13       0.64
 0.6     119.44     185.94       0.64
 0.7     119.59     186.26       0.64
 0.8     121.86     191.61       0.64
 0.9     121.99     191.96       0.64
 1.0     122.42     190.88       0.64
 1.1     125.80     193.01       0.65
 1.2     126.63     191.72       0.66
 1.3     126.25     191.17       0.66
 1.4     125.80     191.26       0.66
 1.5     125.47     191.95       0.65
 1.6     125.18     192.58       0.65
 1.7     125.02     192.65       0.65
 1.8     124.95     192.35       0.65
 1.9     124.91     191.33       0.65
 2.0     124.41     191.28       0.65
 2.1     124.73     190.91       0.65
 2.2     124.83     190.84       0.65
 2.3     124.95     190.75       0.66
 2.4     125.21     190.29       0.66
 2.5     125.44     189.78       0.66
 2.6     125.64     189.90       0.66
 2.7     125.79     189.44       0.66
 2.8     125.93     189.38       0.66
 2.9     126.00     189.17       0.67
 3.0     126.06     188.60       0.67
 3.1     126.28     188.30       0.67
 3.2     126.40     187.98       0.67
 3.3     126.55     187.52       0.67
 3.4     126.67     187.03       0.68
 3.5     126.75     186.37       0.68
 3.6     126.85     186.18       0.68
 3.7     126.94     186.08       0.68
 3.8     127.00     185.90       0.68
 3.9     127.07     185.81       0.68
 4.0     126.12     184.86       0.68
 4.1     126.56     185.47       0.68
 4.2     126.90     185.18       0.69
 4.3     127.11     185.32       0.69
 4.4     127.30     185.09       0.69
 4.5     127.36     184.91       0.69
 4.6     127.63     184.73       0.69
 4.7     127.94     184.59       0.69
 4.8     128.38     184.29       0.70
 4.9     128.60     184.19       0.70
 5.0     128.86     184.02       0.70
 5.1     129.13     181.04       0.71
 5.2     129.46     174.17       0.74
 5.3     129.90     164.49       0.79
 5.4     130.40     151.58       0.86
 5.5     127.97     131.28       0.97
 5.6     128.32     114.39       1.12
 5.7     125.50      97.66       1.29
 5.8     125.70      85.22       1.47
 5.9     126.17      75.48       1.67
 6.0     125.77      67.40       1.87
 6.1     126.83      63.07       2.01
 6.2     119.99      53.18       2.26
 6.3     120.83      53.21       2.27
 6.4     121.55      53.13       2.29
 6.5     113.20      43.76       2.59
 6.6     114.37      42.92       2.66
 6.7     115.30      42.93       2.69
 6.8     116.12      42.66       2.72
 6.9     117.09      43.98       2.66
 7.0     108.05      37.56       2.88
 7.1     109.26      39.72       2.75
 7.2     110.13      41.63       2.65
 7.3     111.16      43.05       2.58
 7.4     112.24      43.05       2.61
 7.5     101.20      34.50       2.93
 7.6     102.48      36.15       2.84
 7.7     103.60      37.09       2.79
 7.8     104.85      37.12       2.82
 7.9     105.93      35.95       2.95
 8.0     106.72      34.77       3.07
 8.1     108.23      36.59       2.96
 8.2     109.81      37.27       2.95
 8.3     106.34      33.19       3.20
 8.4     107.86      32.92       3.28
 8.5     109.36      32.72       3.34
 8.6     101.18      26.87       3.77
 8.7     102.32      26.88       3.81
 8.8     103.50      26.64       3.88
 8.9     104.78      28.12       3.73
 9.0     106.17      35.23       3.01
 9.1     100.46      40.57       2.48
 9.2     101.25      45.73       2.21
 9.3     102.24      48.77       2.10
 9.4     102.97      49.80       2.07
 9.5     103.55      46.66       2.22
 9.6      95.27      33.22       2.87
 9.7      96.19      29.56       3.25
 9.8      97.60      29.27       3.33
 9.9      98.56      29.47       3.34
10.0      98.86      29.32       3.37
10.1      99.80      33.97       2.94
10.2     100.76      37.65       2.68
10.3     101.65      40.72       2.50
10.4     102.70      40.41       2.54
10.5     103.46      38.83       2.66
10.6     104.60      37.35       2.80
10.7     105.46      36.92       2.86
10.8     106.15      39.37       2.70
10.9      95.62      33.47       2.86
11.0      96.41      36.31       2.65
11.1      97.07      39.39       2.46
11.2      97.72      41.66       2.35
11.3      97.87      41.37       2.37
11.4      98.17      41.54       2.36
11.5      98.80      42.13       2.35
11.6      99.22      43.40       2.29
11.7      99.35      43.75       2.27
11.8      99.54      44.10       2.26
11.9      99.90      43.96       2.27
12.0      99.31      44.07       2.25
12.1      99.58      47.54       2.09
12.2      99.41      51.26       1.94
12.3      99.04      54.93       1.80
12.4      98.83      56.23       1.76
12.5      98.36      60.12       1.64
12.6      97.89      65.54       1.49
12.7      97.92      70.89       1.38
12.8      98.17      74.96       1.31
12.9      98.66      77.57       1.27
13.0      98.53      78.61       1.25
13.1      98.14      78.90       1.24
13.2      98.09      78.82       1.24
13.3      98.39      79.16       1.24
13.4      98.55      80.43       1.23
13.5      98.50      81.19       1.21
13.6      98.59      81.39       1.21
13.7      98.65      80.77       1.22
13.8      98.63      80.66       1.22
13.9      98.16      80.82       1.21
14.0      96.79      80.88       1.20
14.1      96.81      80.79       1.20
14.2      96.56      80.81       1.19
14.3      96.15      80.67       1.19
14.4      95.77      80.39       1.19
14.5      95.68      81.29       1.18
14.6      95.85      81.54       1.18
14.7      95.85      81.64       1.17
14.8      95.94      81.46       1.18
14.9      96.08      81.55       1.18
15.0      95.42      81.62       1.17
15.1      95.92      81.85       1.17
15.2      95.92      82.38       1.16
15.3      95.96      82.46       1.16
15.4      96.03      82.24       1.17
15.5      95.79      82.20       1.17
15.6      96.14      81.59       1.18
15.7      96.66      81.47       1.19
15.8      96.69      79.72       1.21
15.9      96.45      80.43       1.20
16.0      94.95      15.33       6.19
16.1      95.43      21.35       4.47
16.2      95.39      34.97       2.73
16.3      96.24      52.36       1.84
16.4      97.17      71.51       1.36
16.5      97.37      81.83       1.19
16.6      97.33      82.01       1.19
16.7      97.39      82.11       1.19
16.8      97.58      82.18       1.19
16.9      97.70      82.34       1.19
17.0      97.65      82.62       1.18
17.1      97.85      82.91       1.18
17.2      97.98      82.72       1.18
17.3      98.23      83.29       1.18
17.4      98.49      83.39       1.18
17.5      98.96      83.27       1.19
17.6      99.59      83.41       1.19
17.7     100.14      83.87       1.19
17.8     100.70      83.92       1.20
17.9     101.51      83.98       1.21
18.0     102.72      85.80       1.20
18.1     103.57      85.99       1.20
18.2     105.20      87.03       1.21
18.3     106.11      87.44       1.21
18.4     100.76      79.84       1.26
18.5     101.51      79.97       1.27
18.6     101.80      80.40       1.27
18.7     102.44      80.94       1.27
18.8     103.70      81.48       1.27
18.9      96.88      72.20       1.34
19.0      96.14      71.94       1.34
19.1      95.67      71.75       1.33
19.2      95.64      71.85       1.33
19.3      95.93      71.97       1.33
19.4      97.34      72.98       1.33
19.5      99.73      74.38       1.34
19.6     102.74      76.43       1.34
19.7      99.04      69.45       1.43
19.8     101.30      71.67       1.41
19.9      96.32      63.61       1.51
20.0     100.74      66.16       1.52
20.1     107.13      71.84       1.49
20.2      96.32      56.50       1.70
20.3     104.89      64.13       1.64
20.4     109.87      68.54       1.60
20.5      90.12      46.20       1.95
20.6      97.12      50.95       1.91
20.7      82.29      38.48       2.14
20.8      85.97      40.98       2.10
20.9      87.08      40.98       2.12
21.0      84.46      38.66       2.18
21.1      82.87      38.01       2.18
21.2      81.72      36.97       2.21
21.3      71.86      30.91       2.32
21.4      66.21      28.46       2.33
21.5      61.58      26.25       2.35
21.6      52.75      22.17       2.38
21.7      42.16      18.42       2.29
21.8      45.23      21.74       2.08
21.9      41.20      20.50       2.01
22.0      56.79      32.25       1.76
22.1      56.56      31.76       1.78
22.2      56.63      31.10       1.82
22.3      70.77      43.74       1.62
22.4      67.85      41.23       1.65
22.5      66.01      39.71       1.66
22.6      68.07      45.52       1.50
22.7      65.53      43.21       1.52
22.8      76.35      57.09       1.34
22.9      75.95      56.67       1.34
23.0      75.29      55.76       1.35
23.1      90.63      74.83       1.21
23.2      90.56      74.49       1.22
23.3      90.42      74.50       1.21
23.4      90.30      74.53       1.21
23.5      90.14      74.12       1.22
23.6      90.03      74.01       1.22
23.7      89.95      74.04       1.21
23.8      89.91      74.03       1.21
23.9      96.16      82.20       1.17
24.0      96.23      82.44       1.17
24.1      96.29      82.49       1.17
24.2      96.32      82.52       1.17
24.3      96.32      82.43       1.17
24.4      96.33      82.38       1.17
24.5      96.34      82.55       1.17
24.6      96.34      82.35       1.17
24.7      96.35      82.46       1.17
24.8      96.37      82.51       1.17
24.9      96.37      82.54       1.17
25.0      96.46      82.38       1.17
25.1      96.49      82.56       1.17
25.2      96.47      82.59       1.17
25.3      96.47      82.65       1.17
25.4      96.47      82.62       1.17
25.5      96.49      82.62       1.17
25.6      96.52      82.44       1.17
25.7      96.50      82.43       1.17
25.8      96.43      82.46       1.17
25.9      96.37      82.54       1.17
26.0      96.37      82.62       1.17
26.1      96.39      82.66       1.17
26.2      96.39      82.55       1.17
26.3      96.40      82.45       1.17
26.4      96.39      82.57       1.17
26.5      96.36      82.57       1.17
26.6      96.34      82.47       1.17
26.7      96.36      82.37       1.17
26.8      96.34      82.37       1.17
26.9      96.33      82.28       1.17
27.0      96.24      82.33       1.17
27.1      96.30      82.40       1.17
27.2      96.33      82.45       1.17
27.3      96.35      82.50       1.17
27.4      96.35      82.46       1.17
27.5      96.36      82.57       1.17
27.6      96.37      82.48       1.17
27.7      96.39      82.49       1.17
27.8      96.40      82.45       1.17
27.9      96.41      82.58       1.17
28.0      96.41      82.65       1.17
28.1      96.43      82.66       1.17
28.2      96.43      82.76       1.17
28.3      96.43      82.72       1.17
28.4      96.44      82.80       1.16
28.5      96.46      82.69       1.17
28.6      96.47      82.77       1.17
28.7      96.47      82.80       1.17
28.8      96.49      82.78       1.17
28.9      96.48      82.96       1.16
29.0      96.45      83.01       1.16
29.1      96.48      83.26       1.16
29.2      96.46      83.20       1.16
29.3      96.42      83.28       1.16
29.4      96.37      83.26       1.16
29.5      96.35      83.30       1.16
29.6      96.36      83.33       1.16
29.7      96.35      83.29       1.16
29.8      96.36      83.24       1.16
29.9      96.37      83.24       1.16
30.0      96.18      82.86       1.16
30.1      96.34      82.92       1.16
30.2      96.33      82.86       1.16
30.3      96.34      83.08       1.16
30.4      96.39      83.00       1.16
30.5      96.42      83.03       1.16
30.6      96.47      83.15       1.16
30.7      96.49      83.06       1.16
30.8      96.54      82.91       1.16
30.9      96.55      83.07       1.16
31.0      96.54      83.15       1.16
31.1      96.60      83.13       1.16
31.2      96.68      83.27       1.16
31.3      96.70      83.14       1.16
31.4      96.73      83.28       1.16
31.5      96.73      83.34       1.16
31.6      96.79      83.46       1.16
31.7      96.80      83.24       1.16
31.8      96.84      83.66       1.16
31.9      96.91      83.43       1.16
32.0      96.76      83.19       1.16
32.1      96.99      83.23       1.17
32.2      97.15      83.61       1.16
32.3      97.29      83.43       1.17
32.4      97.44      83.34       1.17
32.5      97.54      83.26       1.17
32.6      97.72      83.35       1.17
32.7      97.86      83.33       1.17
32.8      98.01      83.42       1.17
32.9      98.15      83.38       1.18
33.0      98.20      83.11       1.18
33.1      98.31      83.09       1.18
33.2      98.44      83.16       1.18
33.3      98.58      83.24       1.18
33.4      98.69      83.13       1.19
33.5      98.83      83.21       1.19
33.6      98.93      83.29       1.19
33.7      99.00      83.37       1.19
33.8      99.15      83.29       1.19
33.9      99.26      83.51       1.19
34.0      98.93      82.47       1.20
34.1      99.24      82.70       1.20
34.2      99.39      82.88       1.20
34.3      99.51      83.00       1.20
34.4      99.56      82.95       1.20
34.5      99.60      83.00       1.20
34.6      99.69      83.30       1.20
34.7      99.76      83.67       1.19
34.8      99.82      83.89       1.19
34.9      99.86      83.80       1.19
35.0      99.83      84.08       1.19
35.1      99.91      84.31       1.19
35.2      99.85      84.38       1.18
35.3      99.89      84.56       1.18
35.4      99.87      84.66       1.18
35.5      99.87      85.24       1.17
35.6      99.85      85.11       1.17
35.7      99.90      85.27       1.17
35.8      99.90      85.52       1.17
35.9      99.95      85.73       1.17
36.0      99.51      85.61       1.16
36.1      99.70      85.73       1.16
36.2      99.84      86.28       1.16
36.3      99.92      86.35       1.16
36.4      99.98      86.30       1.16
36.5     100.03      86.17       1.16
36.6     100.08      86.21       1.16
36.7     100.10      86.05       1.16
36.8     100.01      86.16       1.16
36.9     100.10      86.31       1.16
37.0     100.01      86.37       1.16
37.1     100.02      86.58       1.16
37.2     100.09      86.69       1.15
37.3     100.11      86.67       1.16
37.4     100.16      86.87       1.15
37.5     100.17      86.93       1.15
37.6     100.02      86.93       1.15
37.7      99.98      87.13       1.15
37.8     100.03      87.04       1.15
37.9      99.99      87.18       1.15
38.0      99.70      86.86       1.15
38.1      99.70      86.89       1.15
38.2      99.82      86.98       1.15
38.3     100.03      87.35       1.15
38.4     100.04      87.21       1.15
38.5      99.98      87.23       1.15
38.6      99.96      87.42       1.14
38.7      99.98      87.34       1.14
38.8      99.97      87.34       1.14
38.9      99.97      87.18       1.15
39.0      99.96      87.23       1.15
39.1      99.98      87.41       1.14
39.2     100.00      87.37       1.14
39.3      99.99      87.28       1.15
39.4     100.00      86.99       1.15
39.5     100.02      87.10       1.15
39.6     100.00      87.51       1.14
39.7     100.01      87.55       1.14
39.8     100.01      87.43       1.14
39.9     100.03      87.56       1.14
40.0      99.90      87.42       1.14
40.1      99.94      87.17       1.15
40.2      99.99      87.32       1.15
40.3     100.00      87.27       1.15
40.4     100.01      87.23       1.15
40.5     100.02      87.60       1.14
40.6     100.02      87.31       1.15
40.7     100.05      87.41       1.14
40.8     100.04      87.46       1.14
40.9     100.07      87.66       1.14
41.0     100.08      87.59       1.14
41.1     100.07      87.36       1.15
41.2     100.09      87.69       1.14
41.3     100.08      87.67       1.14
41.4     100.07      87.66       1.14
41.5     100.06      87.61       1.14
41.6     100.02      87.66       1.14
41.7     100.05      87.65       1.14
41.8     100.02      87.47       1.14
41.9     100.00      87.43       1.14
42.0      99.87      87.48       1.14
42.1      99.96      87.66       1.14
42.2      99.96      87.87       1.14
42.3      99.94      88.02       1.14
42.4      99.95      88.04       1.14
42.5      99.98      88.05       1.14
42.6      99.97      87.99       1.14
42.7     100.00      87.95       1.14
42.8     100.06      87.93       1.14
42.9     100.30      88.08       1.14
43.0     100.34      88.10       1.14
43.1     100.28      88.01       1.14
43.2     100.35      87.89       1.14
43.3     100.37      87.88       1.14
43.4     100.36      88.12       1.14
43.5     100.33      87.97       1.14
43.6     101.71      87.64       1.16
43.7     101.74      87.28       1.17
