 0.0      45.00      76.10       0.59
 0.1      45.01      76.10       0.59
 0.2      45.01      75.99       0.59
 0.3      44.99      75.85       0.59
 0.4      44.99      75.85       0.59
 0.5      44.96      75.69       0.59
 0.6      44.95      75.61       0.59
 0.7      44.96      75.58       0.59
 0.8      44.98      75.62       0.59
 0.9      45.00      75.70       0.59
 1.0      45.00      75.57       0.60
 1.1      45.02      75.81       0.59
 1.2      45.05      75.68       0.60
 1.3      45.09      75.68       0.60
 1.4      45.11      75.81       0.60
 1.5      45.13      75.78       0.60
 1.6      45.17      75.86       0.60
 1.7      45.20      75.86       0.60
 1.8      45.22      75.89       0.60
 1.9      45.24      75.67       0.60
 2.0      45.16      75.75       0.60
 2.1      45.20      75.75       0.60
 2.2      45.25      75.75       0.60
 2.3      45.30      76.00       0.60
 2.4      45.34      75.81       0.60
 2.5      45.39      75.84       0.60
 2.6      45.44      75.89       0.60
 2.7      45.48      75.98       0.60
 2.8      45.52      75.98       0.60
 2.9      45.57      76.10       0.60
 3.0      45.61      76.15       0.60
 3.1      45.65      76.03       0.60
 3.2      45.69      76.05       0.60
 3.3      45.75      76.08       0.60
 3.4      45.80      76.07       0.60
 3.5      45.86      76.09       0.60
 3.6      45.92      76.17       0.60
 3.7      45.95      76.22       0.60
 3.8      46.02      76.36       0.60
 3.9      46.09      76.32       0.60
 4.0      46.25      76.23       0.61
 4.1      46.31      76.25       0.61
 4.2      46.39      76.20       0.61
 4.3      46.49      76.45       0.61
 4.4      46.58      76.57       0.61
 4.5      46.71      76.69       0.61
 4.6      46.83      76.82       0.61
 4.7      46.94      77.00       0.61
 4.8      47.11      77.01       0.61
 4.9      47.26      77.19       0.61
 5.0      47.47      76.82       0.62
 5.1      47.67      77.21       0.62
 5.2      47.82      77.32       0.62
 5.3      48.09      77.59       0.62
 5.4      48.26      77.72       0.62
 5.5      48.52      77.47       0.63
 5.6      48.66      77.74       0.63
 5.7      48.66      77.63       0.63
 5.8      48.46      76.95       0.63
 5.9      48.31      76.34       0.63
 6.0      47.61      74.88       0.64
 6.1      47.48      74.27       0.64
 6.2      47.40      73.63       0.64
 6.3      46.88      72.65       0.65
 6.4      46.69      72.25       0.65
 6.5      46.64      71.61       0.65
 6.6      46.79      71.09       0.66
 6.7      47.34      70.84       0.67
 6.8      47.53      70.84       0.67
 6.9      47.72      70.41       0.68
 7.0      48.15      70.19       0.69
 7.1      48.56      70.15       0.69
 7.2      49.94      70.13       0.71
 7.3      50.74      70.24       0.72
 7.4      51.18      70.33       0.73
 7.5      52.98      69.92       0.76
 7.6      53.87      70.27       0.77
 7.7      53.98      70.16       0.77
 7.8      54.23      69.30       0.78
 7.9      54.43      68.95       0.79
 8.0      51.79      66.12       0.78
 8.1      49.84      63.19       0.79
 8.2      47.60      60.38       0.79
 8.3      46.77      59.64       0.78
 8.4      46.61      59.15       0.79
 8.5      47.92      59.78       0.80
 8.6      50.19      62.84       0.80
 8.7      54.75      66.87       0.82
 8.8      57.92      70.12       0.83
 8.9      57.50      68.30       0.84
 9.0      59.51      69.62       0.85
 9.1      66.63      77.85       0.86
 9.2      67.75      78.29       0.87
 9.3      70.08      80.87       0.87
 9.4      74.66      85.86       0.87
 9.5      73.93      84.93       0.87
 9.6      69.09      78.88       0.88
 9.7      59.13      67.16       0.88
 9.8      53.42      61.12       0.87
 9.9      52.48      60.81       0.86
10.0      53.86      64.51       0.83
10.1      53.97      64.87       0.83
10.2      50.44      62.04       0.81
10.3      44.57      52.73       0.85
10.4      37.53      42.12       0.89
10.5      30.94      30.01       1.03
10.6      25.51      22.12       1.15
10.7      19.55      12.88       1.52
10.8      14.14       3.91       3.62
10.9      11.32       0.98      11.51
11.0       9.99       0.42      23.60
11.1      10.19       0.41      24.93
11.2      12.36       4.58       2.70
11.3      14.55       8.33       1.75
11.4      16.67      11.94       1.40
11.5      16.57      12.71       1.30
11.6      15.67      12.33       1.27
11.7      15.38      12.00       1.28
11.8      16.34      14.83       1.10
11.9      19.20      21.43       0.90
12.0      24.31      32.05       0.76
12.1      27.35      40.35       0.68
12.2      29.45      45.02       0.65
12.3      31.24      48.71       0.64
12.4      31.90      50.86       0.63
12.5      32.70      52.37       0.62
12.6      33.45      54.47       0.61
12.7      33.96      55.20       0.62
12.8      34.74      56.46       0.62
12.9      35.16      58.16       0.60
13.0      35.84      59.30       0.60
13.1      36.06      59.77       0.60
13.2      36.39      60.35       0.60
13.3      37.18      61.58       0.60
13.4      37.54      62.26       0.60
13.5      37.92      62.63       0.61
13.6      38.25      63.90       0.60
13.7      38.84      65.00       0.60
13.8      39.71      66.07       0.60
13.9      39.87      66.31       0.60
14.0      41.12      68.08       0.60
14.1      41.18      68.46       0.60
14.2      41.55      69.17       0.60
14.3      42.12      70.12       0.60
14.4      42.65      71.85       0.59
14.5      43.11      72.54       0.59
14.6      43.24      72.63       0.60
14.7      43.30      72.69       0.60
14.8      43.31      72.65       0.60
14.9      43.34      72.65       0.60
