   0.000  108.508  105.678   97.067   85.576   80.327   74.287   80.218   82.877   78.188   78.368   84.248   80.487
   0.100  108.045  105.635   97.725   85.710   80.466   74.417   78.528   83.228   78.188   78.575   84.455   80.695
   0.200  106.683  106.133   97.743   85.631   80.373   74.267   79.220   83.160   78.190   78.610   84.550   80.490
   0.300  106.900  106.350   97.960   85.679   80.421   74.319   79.332   83.183   79.013   78.972   84.713   80.343
   0.400  106.645  106.385   97.945   85.701   80.443   74.341   79.383   83.172   79.013   78.987   84.728   80.358
   0.500  107.038  106.288   97.957   85.681   80.406   74.303   79.427   83.218   79.058   78.963   85.052   79.683
   0.600  106.940  106.330   97.990   85.678   80.429   74.309   79.523   83.442   78.993   79.080   85.150   79.800
   0.700  106.918  106.468   98.148   85.424   81.291   73.771   79.445   83.385   79.085   78.713   84.862   79.823
   0.800  106.433  106.603   98.142   85.458   81.338   73.791   78.640   83.470   79.570   78.653   84.802   79.793
   0.900  105.938  106.608   98.168   85.517   81.383   73.837   77.990   83.750   79.390   78.528   85.067   79.968
   1.000  106.472  106.433   97.823   85.518   81.251   74.087   77.933   83.532   79.892   78.615   85.265   79.815
   1.100  106.688  106.178   97.728   85.687   81.420   74.251   77.957   83.058   80.838   78.795   85.325   79.975
   1.200  106.907  106.038   97.888   85.714   81.683   73.990   76.955   82.985   80.515   78.862   85.392   80.043
   1.300  107.008  106.108   97.987   85.696   81.602   73.918   76.625   82.675   80.205   78.925   85.455   80.105
   1.400  107.138  105.987   97.877   85.631   81.582   73.889   76.185   82.505   78.895   78.942   85.472   80.123
   1.500  107.088  106.188   98.047   85.669   81.433   74.371   76.850   81.700   79.740   78.868   85.067   79.968
   1.600  106.862  106.263   98.073   85.669   81.433   74.371   76.638   81.148   79.968   78.963   85.163   80.062
   1.700  107.093  106.293   98.073   85.667   81.440   74.356   77.130   80.850   78.960   78.987   85.188   80.088
   1.800  106.862  106.263   98.073   85.800   81.587   74.484   77.183   80.513   79.263   79.347   85.188   80.127
   1.900  107.317  105.767   97.688   85.728   81.523   74.368   76.760   79.990   78.730   79.445   85.115   80.075
   2.000  107.332  105.743   97.703   85.627   81.413   74.253   75.695   80.595   76.685   79.660   85.430   80.210
   2.100  107.415  105.875   97.825   85.620   81.402   74.282   75.532   80.362   76.642   80.025   85.795   80.575
   2.200  107.938  105.707   97.778   85.579   81.370   74.250   75.080   80.050   75.600   79.782   85.913   80.633
   2.300  107.328  106.047   97.907   85.691   81.464   74.349   75.540   79.720   75.400   79.100   85.910   80.540
   2.400  107.328  106.047   97.907   85.748   81.766   74.059   75.145   79.665   75.255   79.263   85.722   80.343
   2.500  107.860  106.160   98.080   85.809   81.827   74.120   74.765   79.125   74.565   79.308   85.817   80.398
   2.600  107.918  106.017   98.097   85.817   81.603   74.563   74.320   78.640   74.060   79.308   85.817   80.398
   2.700  108.008  105.978   98.067   85.649   81.444   74.409   74.252   78.773   73.763   79.308   85.817   80.398
   2.800  107.965  105.965   98.025   85.744   81.513   74.487   74.180   78.680   73.670   78.582   84.802   79.543
   2.900  108.120  105.850   97.960   85.714   81.497   74.466   74.095   78.615   73.585   78.502   84.722   79.463
   3.000  106.252  106.353   98.043   85.571   81.358   74.291   73.903   78.343   73.203   79.043   84.163   78.802
   3.100  106.410  106.510   98.200   85.537   81.332   74.261   72.663   77.733   72.733   78.155   83.505   78.525
   3.200  106.330  106.550   97.950   86.224   81.353   74.393   72.017   77.278   72.698   77.442   82.573   78.073
   3.300  106.838  107.028   98.428   86.951   81.893   75.493   72.800   77.990   73.620   77.970   82.490   78.500
   3.400  106.838  107.028   98.428   87.280   82.209   75.800   73.157   78.347   73.898   78.172   82.422   78.453
   3.500  107.430  107.110   98.600   87.494   82.432   76.050   74.400   78.290   73.980   77.820   82.320   77.660
   3.600  107.430  107.110   98.600   87.842   82.807   76.424   74.312   78.073   74.433   77.365   82.035   76.585
   3.700  107.665  107.165   98.715   87.840   82.796   76.413   75.165   78.305   74.815   76.515   81.595   75.535
   3.800  107.405  107.095   98.615   87.859   82.828   76.441   74.570   77.650   74.100   73.250   78.630   72.790
   3.900  106.638  107.258   98.648   86.782   82.364   75.880   74.593   77.672   74.123   72.328   77.838   71.668
   4.000  107.248  107.428   98.778   86.601   82.183   75.699   74.430   77.480   73.930   71.255   76.705   70.735
   4.100  107.295  107.475   98.825   86.504   82.100   75.602   75.525   76.695   73.405   70.788   76.058   70.388
   4.200  107.655  107.425   98.825   86.403   82.017   75.412   75.455   76.695   73.425   70.550   76.040   69.930
   4.300  107.860  107.000   98.580   86.072   81.712   75.077   73.690   77.040   72.590   70.538   75.938   69.767
   4.400  107.740  106.910   98.480   86.473   81.464   74.944   74.335   76.795   72.535   70.845   75.985   70.285
   4.500  107.502  106.743   98.392   86.418   81.413   74.862   74.150   76.670   71.540   71.082   75.172   70.323
   4.600  107.110  106.680   98.300   86.464   81.460   74.909   74.180   76.640   71.550   71.112   75.323   70.032
   4.700  107.655  106.745   98.455   86.358   81.380   74.807   74.683   76.743   71.633   71.433   75.552   70.392
   4.800  107.603  106.823   98.502   86.324   81.324   74.764   73.510   76.730   72.520   70.547   75.648   70.508
   4.900  108.025  106.685   98.695   86.292   81.297   74.732   73.510   76.730   72.520   70.605   75.905   70.075
   5.000  108.017  105.907   99.198   86.334   81.232   73.979   74.425   76.225   71.145   72.215   75.635   73.245
   5.100  108.000  106.210   99.440   86.642   81.593   74.327   75.728   76.657   72.028   73.405   77.215   73.905
   5.200  107.100  106.400   99.440   87.236   82.187   74.920   75.880   76.810   72.110   73.935   78.165   74.865
   5.300  106.928  106.517   99.547   87.622   82.587   75.316   75.938   77.308   72.418   75.255   79.375   76.055
   5.400  107.672  106.483   99.623   87.759   82.723   75.452   76.097   77.278   72.418   76.668   81.828   77.618
   5.500  108.338  106.358   99.668   87.999   82.763   76.052   75.498   77.627   71.918   77.972   83.043   78.722
   5.600  108.453  106.483   99.782   88.176   82.931   76.220   75.177   77.938   72.588   79.165   84.135   79.775
   5.700  107.580  106.950   99.980   88.359   83.088   76.417   75.480   78.230   72.900   80.112   84.422   80.523
   5.800  107.680  107.050  100.080   88.413   83.142   76.471   75.588   78.058   73.498   80.177   84.657   81.198
   5.900  107.885  106.915  100.055   88.383   83.112   76.441   74.785   78.135   73.475   79.475   84.695   81.165
   6.000  108.405  106.885  100.055   87.697   83.519   76.746   74.730   78.170   73.350   79.523   85.153   81.502
   6.100  108.183  106.883  100.032   87.938   83.764   76.987   74.802   77.843   73.082   79.775   85.355   81.685
   6.200  108.213  106.913  100.062   87.901   83.728   76.950   74.597   77.677   72.797   79.795   85.375   81.705
   6.300  107.790  106.470   99.880   87.078   82.878   76.082   72.760   76.020   71.170   78.570   84.730   80.800
   6.400  107.612  106.282   99.722   86.940   82.771   75.962   72.165   75.245   70.335   78.487   84.648   80.758
   6.500  107.750  106.270   99.750   86.902   82.747   75.911   72.013   75.093   70.082   78.453   84.763   80.953
   6.600  108.100  106.170   99.750   86.592   82.446   75.619   72.062   75.243   70.163   79.023   84.933   81.222
   6.700  106.870  106.130   99.600   86.330   82.152   75.361   70.670   75.040   69.510   79.093   84.483   80.913
   6.800  107.058  105.828   99.428   86.346   82.408   74.946   71.525   75.335   69.895   79.448   84.758   81.188
   6.900  107.058  105.828   99.428   86.219   82.281   74.828   70.802   74.653   69.123   79.543   84.832   81.263
   7.000  107.407  105.838   99.517   86.853   82.262   74.902   70.730   74.030   68.610   79.388   84.907   81.297
   7.100  107.133  106.013   99.612   86.499   81.957   74.574   70.655   74.115   68.745   79.168   84.918   81.237
   7.200  107.047  105.928   99.528   86.440   81.920   74.542   72.050   74.190   68.840   79.245   84.945   81.275
   7.300  106.778  105.838   99.388   86.861   81.777   74.506   71.680   73.960   68.500   79.335   85.035   81.365
   7.400  106.570  105.970   99.440   87.014   81.943   74.677   72.525   73.965   68.635   79.335   85.035   81.365
   7.500  106.660  105.980   99.210   86.990   81.857   74.728   72.160   74.570   69.170   79.565   85.235   81.565
   7.600  106.300  106.110   99.250   86.876   81.729   74.609   72.748   75.338   69.838   79.562   85.233   81.562
   7.700  106.890  106.210   99.440   86.873   81.709   74.642   72.517   75.138   70.597   79.767   85.058   81.457
   7.800  106.890  106.210   99.440   86.932   81.768   74.701   72.562   75.192   70.722   79.778   85.118   81.508
   7.900  106.928  106.228   99.457   86.974   82.063   74.290   72.065   75.455   71.615   79.133   84.942   81.483
   8.000  107.565  105.955   99.365   86.847   82.007   74.189   70.963   76.293   71.472   79.332   84.903   81.483
   8.100  107.785  105.915   99.365   86.431   82.231   74.231   71.392   76.532   71.953   79.265   85.155   80.965
   8.200  106.515  106.165   99.395   86.524   82.396   74.307   71.260   76.130   72.190   79.260   84.910   81.310
   8.300  106.127  106.038   99.178   86.004   82.129   74.973   71.198   76.407   71.267   79.355   85.005   81.405
   8.400  107.008  105.828   99.178   85.986   82.092   74.919   73.745   76.255   71.365   79.517   85.177   81.578
   8.500  107.165  105.805   99.195   86.178   82.276   75.102   74.282   76.263   71.582   79.407   85.418   81.698
   8.600  106.890  105.990   99.290   86.200   82.293   75.124   74.377   76.177   72.088   79.525   85.525   81.805
   8.700  107.070  106.170   99.470   86.246   82.299   75.143   74.347   76.218   72.028   79.830   85.820   82.090
   8.800  107.075  106.035   99.345   86.279   82.346   75.297   74.498   76.267   72.347   80.112   85.733   82.062
   8.900  107.665  105.905   99.365   86.229   82.287   75.238   74.508   76.698   71.468   79.752   85.793   82.142
   9.000  106.465  106.405   99.535   86.308   82.423   75.352   73.688   76.608   71.278   80.707   85.808   82.218
   9.100  106.825  106.545   99.735   86.178   82.493   74.804   71.907   77.448   71.907   80.293   85.793   82.252
   9.200  106.955  106.675   99.865   86.274   82.839   74.612   72.015   77.595   72.045   80.358   85.858   82.317
   9.300  107.657  106.838  100.088   86.212   82.768   74.546   72.260   77.440   72.840   80.328   85.828   82.288
   9.400  108.463  106.812  100.013   86.196   82.760   74.538   71.907   77.868   73.148   80.513   85.853   82.422
   9.500  103.930  103.820   96.780   84.576   81.024   72.762   70.760   75.940   71.070   78.858   83.688   80.588
   9.600  103.478  104.058   96.838   84.174   80.632   72.352   70.155   75.335   70.465   78.218   83.898   80.267
   9.700  103.310  103.950   96.570   84.211   80.678   72.398   69.945   75.165   70.245   77.335   83.655   79.995
   9.800  103.500  104.160   96.780   84.076   80.431   72.227   69.892   75.243   69.683   77.088   83.358   79.957
   9.900  103.528  104.108   96.907   84.147   80.502   72.298   70.773   75.293   69.812   77.302   83.312   79.983
  10.000  104.188  104.547   95.297   84.160   79.284   71.920   71.528   74.148   70.157   76.950   83.340   78.830
  10.100  104.230  104.590   95.340   84.263   79.388   72.023   72.280   74.060   70.230   76.968   83.358   78.847
  10.200  104.555  104.915   95.665   84.223   79.339   71.974   72.163   73.993   70.142   77.028   83.328   79.028
  10.300  104.120  105.640   96.180   84.048   79.177   71.759   72.480   74.590   70.470   77.050   83.180   78.200
  10.400  104.308  105.828   96.368   83.442   79.211   71.620   72.010   74.950   70.640   77.472   83.722   78.513
  10.500  105.153  106.493   97.062   82.681   79.254   72.228   71.153   75.752   71.112   77.957   83.957   79.067
  10.600  104.250  106.910   97.310   82.288   79.586   71.821   71.547   76.188   71.338   77.498   83.707   79.267
  10.700  104.413  107.073   97.472   82.479   79.728   71.977   71.797   76.398   71.517   77.705   83.915   79.475
  10.800  104.877  107.528   97.938   82.464   79.713   71.962   72.237   76.838   72.038   77.597   83.627   79.237
  10.900  105.365  107.865   98.275   82.511   79.800   72.044   72.325   76.975   71.965   78.000   84.030   79.640
  11.000  105.600  108.100   98.510   82.484   79.582   72.484   72.567   76.938   72.677   78.310   84.340   79.950
  11.100  106.185  108.685   99.095   82.689   79.796   72.729   72.567   76.938   72.677   78.442   84.472   80.082
  11.200  107.053  109.553   99.963   82.871   79.987   72.920   72.935   77.715   72.585   77.855   84.895   80.325
  11.300  107.255  110.395  100.755   83.177   80.283   73.243   73.355   78.455   73.255   78.175   85.165   80.605
  11.400  105.112  110.683  100.663   82.517   79.477   72.454   73.430   78.450   73.270   77.623   84.612   80.192
  11.500  104.210  111.130  100.960   82.063   79.303   71.579   70.778   78.547   73.228   77.677   85.258   80.968
  11.600  103.733  110.972  101.562   81.988   79.303   71.557   70.812   78.483   73.593   77.635   85.215   80.925
  11.700  104.850  111.700  103.420   82.046   79.370   71.503   71.612   78.293   74.172   77.828   85.407   81.118
  11.800  105.803  112.233  105.273   82.224   79.544   71.664   72.127   79.237   74.347   78.150   85.730   81.440
  11.900  107.282  113.553  108.062   82.414   79.774   71.917   71.938   79.737   75.028   78.633   86.093   81.763
  12.000  106.600  114.180  108.520   81.960   79.547   72.844   72.332   79.873   76.362   78.567   86.297   82.218
  12.100  106.672  114.233  108.593   81.684   79.276   72.569   71.843   79.243   76.543   77.310   85.850   81.280
  12.200  104.588  114.528  108.868   81.470   79.146   72.412   71.095   79.375   76.505   77.273   85.642   81.903
  12.300  105.383  115.293  109.642   81.478   79.158   72.416   71.282   79.163   77.663   77.707   85.877   82.517
  12.400  105.907  117.668  112.737   81.546   79.194   72.483   71.620   79.170   78.510   77.808   85.748   83.168
  12.500  106.675  119.275  115.845   81.636   79.284   72.560   71.362   79.362   79.433   79.093   86.903   84.362
  12.600  109.940  123.060  121.060   82.006   79.637   72.974   73.088   81.338   81.407   77.918   87.998   86.377
  12.700  108.150  122.600  122.200   81.438   79.087   72.482   72.545   81.005   81.215   77.690   87.800   86.070
  12.800  107.120  123.020  122.870   80.872   78.863   72.783   72.350   80.940   81.140   77.580   87.690   85.960
  12.900  110.468  127.038  126.737   80.832   78.623   73.126   73.195   82.355   83.295   78.760   88.610   87.680
  13.000  112.975  131.855  132.095   80.416   78.682   73.624   75.445   85.115   85.765   78.082   90.233   89.722
  13.100  113.993  133.363  134.343   80.390   78.643   73.603   75.170   85.470   87.010   78.675   90.825   90.315
  13.200  116.123  141.123  141.442   80.400   78.369   73.973   75.765   87.245   89.165   79.435   92.215   92.015
  13.300  116.487  141.218  143.358   80.474   78.479   74.092   74.540   88.060   91.470   79.305   92.485   92.185
  13.400  115.737  139.588  147.298   79.109   78.269   73.718   73.177   88.388   91.578   78.243   92.273   92.653
  13.500  124.200  150.180  163.820   80.774   79.081   75.974   73.925   90.715   97.895   79.062   95.603  100.123
  13.600  122.718  150.558  163.938   80.648   78.963   75.861   73.750   90.840   98.530   78.805   95.125  101.215
  13.700  122.692  152.873  171.002   80.084   78.289   77.351   72.715   92.155  101.675   77.047   95.888  105.567
  13.800  122.105  152.035  172.825   78.499   78.206   77.094   71.740   91.350  102.470   76.890   95.870  105.650
  13.900  122.273  152.132  172.583   76.480   76.960   77.084   70.865   91.403  102.312   74.773   96.413  107.323
  14.000  122.015  156.015  177.155   75.880   76.609   77.760   73.052   91.685  105.605   75.133   96.312  109.653
  14.100  123.303  157.123  178.192   75.279   76.777   77.786   70.720   92.127  105.898   75.343   96.233  110.323
  14.200  120.368  154.585  181.148   72.143   73.263   75.837   67.340   89.685  104.005   69.308   95.913  109.453
  14.300  122.898  158.858  186.920   72.776   73.673   77.291   67.540   90.140  107.110   71.013   97.888  110.698
  14.400  123.660  159.715  187.643   72.486   74.552   77.979   67.990   90.520  107.520   71.415   98.280  111.100
  14.500  117.355  153.903  180.490   71.139   74.112   76.810   66.545   88.775  105.925   69.773   95.517  108.767
  14.600  117.578  150.083  177.322   69.887   72.967   74.518   65.008   87.825  102.765   69.255   95.010  108.250
  14.700  117.150  150.075  177.355   69.527   72.611   74.158   65.275   88.002  102.963   69.225   94.980  108.220
  14.800  117.380  150.575  177.805   69.699   72.774   74.321   66.265   89.013  104.013   70.302   95.748  108.957
  14.900  120.748  154.093  181.333   72.142   73.809   75.529   69.220   92.493  107.203   72.070   97.465  111.265
  15.000  132.798  171.815  200.085   83.988   84.628   88.014   82.650  104.610  119.010   86.275  112.765  130.125
  15.100  145.950  184.697  212.317   93.662   90.747   93.882   88.900  110.278  126.013   94.445  119.685  137.785
  15.200  154.252  193.835  219.455   97.713   95.269   97.467   95.858  117.265  132.852  101.750  128.610  146.328
  15.300  154.255  193.838  219.447  100.936  100.048  100.752   96.685  119.502  134.885  103.358  130.208  147.917
  15.400  154.270  193.942  219.495  101.332  100.449  101.136   96.707  119.095  135.923  103.735  130.585  148.252
  15.500  161.940  201.995  227.257  108.043  105.756  106.633  103.442  125.868  142.588  115.415  142.655  160.390
  15.600  161.562  202.518  227.600  109.438  107.571  107.058  103.513  125.913  142.632  115.263  143.263  160.838
  15.700  161.763  202.718  227.810  110.743  108.948  108.421  103.428  127.190  143.705  115.612  143.623  161.188
  15.800  161.930  205.435  223.208  112.009  110.169  109.651  103.850  127.905  142.917  116.225  144.235  161.778
  15.900  202.233  242.218  247.530  150.812  146.226  139.098  126.525  152.685  163.140  145.138  178.660  196.898
  16.000  158.132  196.343  208.472  115.084  112.920  106.400  102.918  128.477  138.968  120.183  147.062  161.975
  16.100  134.912  173.268  185.248  102.084  100.858   95.680   87.582  112.850  123.368  105.312  133.530  143.885
  16.200  138.028  172.548  185.248  102.138  101.347   94.987   87.838  113.082  123.627  103.433  130.820  139.423
  16.300  145.222  179.273  189.572  115.857  109.870   99.870   89.722  115.910  123.385  104.310  129.250  132.368
  16.400  146.722  179.393  189.953  116.488  111.017   99.634   91.725  116.428  122.703  104.335  128.535  131.475
  16.500  154.900  187.660  199.170  127.328  120.159  109.334   98.032  120.213  127.020  105.252  128.983  129.735
  16.600  155.197  187.958  199.468  128.411  121.260  110.463   98.945  121.155  127.953  106.625  130.863  133.012
  16.700  149.640  182.740  193.890  127.914  121.234  109.096   97.913  119.823  126.657  110.413  134.580  138.970
  16.800  133.423  164.993  177.013  115.932  110.772   97.023   88.948  110.425  119.000  112.053  137.530  142.627
  16.900  115.558  148.980  160.610  103.943  100.090   91.881   73.198   96.290  108.490  106.103  133.433  142.303
  17.000  104.873  133.815  154.515   92.274   90.768   85.448   64.575   85.500   98.490   98.663  126.433  136.692
  17.100   75.905  104.350  138.300   69.298   72.080   77.573   36.428   55.060   85.308   75.987  105.945  128.655
  17.200   59.023   91.715  124.775   51.809   57.840   67.827   27.855   46.163   77.075   63.293   94.618  118.207
  17.300   29.345   62.505  107.885   15.508   33.938   57.942   17.605   32.065   63.580   41.140   69.640  102.730
  17.400   30.925   64.050  101.660    9.670   20.600   49.912   16.098   31.720   68.388   39.837   67.627   99.418
  17.500   28.288   58.565   96.335   23.864   37.250   53.970   13.258   30.178   65.130   38.025   65.127   94.407
  17.600   32.570   59.640   93.800   29.613   37.076   52.338   13.970   32.672   62.517   45.462   68.670   94.370
  17.700   35.250   62.040   90.390   33.579   39.370   49.774   19.060   35.855   61.095   49.615   73.407   97.578
  17.800   39.775   65.365   84.055   40.657   47.706   49.412   23.602   38.828   61.468   56.895   80.898   98.797
  17.900   41.968   66.767   85.528   42.443   48.354   50.181   25.428   42.215   58.865   59.352   80.892   99.163
  18.000   31.225   48.830   67.380   32.629   32.659   36.597   20.448   26.125   46.850   46.898   64.980   84.500
  18.100   25.768   41.568   62.197   28.353   20.447   36.614   15.088   22.050   42.730   35.837   54.438   76.487
  18.200    9.367   32.712   57.653    8.827   11.217   37.024    8.277   14.377   41.238   19.515   45.807   70.543
  18.300    5.048    7.683   49.242    4.459    5.411   23.690    4.043    7.670   23.395    6.043    8.150   53.568
  18.400    1.863    6.035   22.073    2.513    7.920    8.438    2.225    8.370    8.380    1.485    6.128   24.873
  18.500   11.107   11.338   22.988   10.283   15.697   12.679   10.342   15.232   14.053    8.195    9.953   26.527
  18.600   13.078   13.478   24.838   10.096   15.722   12.562    9.885   16.095   14.895    8.705   12.018   23.900
  18.700   18.143   14.183   27.913   14.288    9.397   11.808    8.915   10.500   12.800    9.138   11.300   25.652
  18.800   23.865   20.295   32.215   13.666   11.554   10.994    8.123   11.193   11.433   10.265   11.508   29.070
  18.900   31.453   28.733   33.953   16.302   13.360   13.364    6.902   12.683   14.863   19.567   13.947   32.852
  19.000   38.285   35.715   44.625   24.336   15.567   20.589   18.265   10.453   22.235   26.082   21.512   39.718
  19.100   43.047   38.258   47.898   30.923   17.070   24.386   20.365   11.545   25.525   27.413   23.562   42.138
  19.200   53.915   53.645   55.865   42.761   36.339   36.063   35.998   32.587   35.017   38.185   38.057   48.535
  19.300   58.055   56.335   56.665   46.202   39.171   38.096   38.562   35.672   39.212   41.377   41.032   51.288
  19.400   70.758   65.398   64.558   55.210   46.886   44.992   47.117   42.508   46.547   50.102   48.843   58.553
  19.500   79.838   77.528   75.078   66.509   61.389   56.020   59.032   56.642   55.593   61.242   62.422   65.953
  19.600   94.660   89.540   89.280   79.398   70.696   64.736   69.135   65.325   66.305   73.630   74.410   77.850
  19.700  106.793   99.703   98.172   87.263   78.597   72.068   78.440   73.060   74.340   81.008   81.758   86.138
  19.800  114.058  108.418  105.188   94.962   85.540   79.091   84.047   81.888   81.388   90.058   89.157   93.538
  19.900  113.915  108.605  104.495   94.544   85.384   78.264   85.743   81.112   81.032   89.648   89.078   92.328
  20.000  114.112  107.123  103.993   94.408   83.826   78.137   84.653   78.763   77.703   90.523   89.043   90.043
  20.100  114.015  107.025  103.895   94.408   83.826   78.137   84.627   78.737   77.677   90.523   89.043   90.043
  20.200  114.103  107.112  103.983   94.327   83.753   78.051   84.517   78.748   77.328   90.523   89.043   90.043
  20.300  114.785  106.745  103.845   93.963   83.399   77.679   84.425   78.665   77.235   90.175   88.695   89.695
  20.400  114.415  106.525  103.595   93.928   83.363   77.643   84.032   78.312   77.002   89.800   88.040   88.980
  20.500  114.578  106.498  103.517   93.839   83.270   77.559   84.050   78.600   76.530   89.547   87.828   88.888
  20.600  113.995  105.925  102.955   93.651   83.082   77.371   83.758   78.297   76.258   89.535   87.775   88.875
  20.700  114.002  105.913  102.963   93.362   82.789   77.087   83.245   77.695   75.735   88.972   87.203   87.883
  20.800  113.525  105.635  102.585   93.238   82.664   76.962   83.248   77.707   75.698   88.495   87.095   86.215
  20.900  113.525  105.635  102.585   93.108   82.534   76.832   82.875   77.455   75.075   88.025   86.475   85.745
  21.000  113.445  105.085  102.145   92.663   82.410   75.414   82.752   77.383   74.963   89.145   86.215   84.745
  21.100  112.585  105.215  100.215   92.399   81.581   74.546   82.520   76.860   75.090   88.748   87.377   81.998
  21.200  111.800  105.210  100.050   92.482   81.664   74.629   82.468   77.028   74.767   88.748   87.377   81.998
  21.300  111.395  104.805   99.645   92.593   81.767   74.722   82.465   77.155   74.355   88.645   87.275   81.895
  21.400  110.243  104.112   98.713   91.183   80.397   73.343   80.980   75.850   72.400   85.610   84.740   79.300
  21.500  109.377  103.108   97.808   90.427   79.813   72.200   79.845   74.735   71.225   86.050   84.880   79.640
  21.600  109.097  102.547   97.338   90.710   79.217   71.230   79.722   74.543   71.183   86.532   83.953   79.073
  21.700  109.110  102.560   97.350   90.452   78.963   70.972   79.355   74.115   71.395   86.340   83.760   78.870
  21.800  109.085  102.535   97.325   90.194   78.723   70.732   79.073   73.733   71.093   85.847   83.267   78.377
  21.900  108.835  102.285   97.075   90.038   78.589   70.593   79.002   73.933   70.422   85.547   83.398   78.377
  22.000  108.635  102.085   96.875   89.963   78.523   70.528   78.745   73.465   70.665   85.180   82.940   77.950
  22.100  108.635  102.085   96.875   90.479   78.292   70.483   78.987   73.427   70.638   85.892   82.733   77.883
  22.200  108.323  101.773   96.562   89.940   78.371   70.460   78.593   73.062   70.422   85.892   82.733   77.883
  22.300  107.870  101.160   95.760   89.506   77.754   70.368   78.073   73.552   68.523   85.510   82.230   77.420
  22.400  107.950  101.240   95.840   89.432   77.841   69.921   77.970   73.200   68.940   85.070   82.160   77.280
  22.500  107.933  101.362   95.582   88.834   77.848   69.803   79.455   73.925   68.205   85.043   82.282   77.052
  22.600  107.775  101.205   95.425   88.893   77.827   69.791   78.870   73.570   68.710   85.045   82.285   77.055
  22.700  107.720  101.150   95.380   88.866   77.768   69.746   78.920   73.420   69.310   84.913   82.153   76.922
  22.800  107.720  101.150   95.380   88.823   77.699   69.672   78.380   73.840   68.520   84.913   82.153   76.922
  22.900  107.722  101.153   95.383   88.627   77.502   69.471   78.285   73.865   68.415   84.913   82.153   76.922
  23.000  107.895  101.345   95.525   88.627   77.502   69.471   78.290   74.050   68.080   85.020   82.270   76.710
  23.100  107.895  101.345   95.525   88.699   77.574   69.543   77.657   74.198   68.108   85.020   82.270   76.710
  23.200  107.895  101.345   95.525   88.701   77.670   69.608   76.670   74.390   68.350   85.020   82.270   76.710
  23.300  107.895  101.345   95.525   88.710   77.679   69.617   77.035   73.905   68.915   84.933   82.233   76.722
  23.400  107.895  101.345   95.525   88.736   77.669   69.616   77.035   73.905   68.915   84.910   82.100   76.620
  23.500  107.410  101.090   94.580   88.540   77.558   69.033   77.133   74.112   68.873   84.780   82.070   75.940
  23.600  107.410  101.090   94.580   88.507   77.524   69.000   77.052   74.103   68.853   84.720   82.010   75.880
  23.700  107.550  101.100   94.760   88.492   77.652   68.594   77.047   74.138   68.877   84.375   81.995   75.835
  23.800  107.550  101.100   94.760   88.369   77.476   68.982   77.078   74.078   68.868   84.722   81.823   75.782
  23.900  107.350  100.900   94.560   88.407   77.522   69.029   77.078   74.008   68.998   84.017   81.657   75.508
  24.000  107.192  100.743   94.403   88.436   77.551   69.031   77.200   74.100   68.580   83.705   80.815   75.675
  24.100  107.275  100.825   94.485   88.486   77.588   69.072   77.052   73.953   68.573   83.345   80.415   75.305
  24.200  107.275  100.825   94.485   88.486   77.588   69.072   76.970   73.890   68.500   83.112   80.453   75.422
  24.300  106.750  100.470   94.080   88.494   77.432   69.468   76.828   73.767   68.338   83.213   80.312   75.192
  24.400  106.612  100.312   93.942   88.533   77.471   69.507   76.625   73.345   68.655   83.203   80.273   75.203
  24.500  106.395  100.415   94.005   88.480   77.231   69.920   76.625   73.525   68.445   83.230   80.210   75.090
  24.600  106.672  100.523   94.163   88.450   77.192   69.899   76.625   73.525   68.445   82.840   79.770   74.580
  24.700  105.870   99.330   92.840   88.129   77.076   69.147   76.582   73.442   68.552   81.847   79.987   73.648
  24.800  106.520   99.110   91.930   88.248   77.186   69.234   76.430   73.280   68.360   81.725   79.855   73.655
  24.900  107.323   99.332   91.362   87.808   77.439   69.354   76.400   73.150   68.250   81.918   79.487   73.608
  25.000  104.715   97.925   87.115   87.649   77.391   69.876   76.835   72.995   68.145   82.433   78.123   75.763
  25.100  105.125   95.775   84.745   87.649   77.391   69.876   76.835   72.995   68.145   82.618   78.157   75.698
  25.200  104.725   93.985   82.135   87.649   77.391   69.876   76.865   73.025   68.175   82.600   78.250   75.580
  25.300  102.838   90.968   80.427   87.638   77.362   69.856   76.865   73.025   68.175   82.588   78.168   75.957
  25.400  102.243   90.302   81.093   87.504   77.229   69.722   76.785   72.985   68.185   82.585   78.285   75.915
  25.500  101.218   88.778   82.860   87.723   77.443   69.941   77.170   73.190   68.520   82.843   78.672   76.133
  25.600  100.303   88.023   83.233   87.712   77.428   69.934   77.170   73.190   68.520   82.345   78.925   76.235
  25.700  100.847   88.938   85.078   87.717   77.450   69.957   77.250   73.190   68.470   82.448   79.028   76.338
  25.800  100.005   89.895   86.395   87.721   77.454   69.943   77.362   73.302   68.582   83.112   79.332   76.683
  25.900   99.205   90.165   85.135   87.551   77.800   68.947   77.235   73.055   68.865   83.180   79.570   76.430
  26.000  100.745   92.315   87.655   87.512   77.712   68.899   76.448   73.038   68.728   83.718   80.108   76.957
  26.100  101.655   93.825   88.925   87.494   77.566   69.326   76.398   72.978   68.707   83.830   80.220   77.070
  26.200  102.353   95.933   90.543   87.523   77.630   69.372   76.073   72.823   67.793   84.148   80.088   77.207
  26.300  103.588   97.508   91.517   87.469   77.598   69.304   76.233   72.942   67.903   83.877   80.237   77.237
  26.400  104.428   98.428   92.097   87.473   77.607   69.273   76.305   72.995   67.765   83.935   80.295   77.295
  26.500  105.890   99.800   93.060   87.481   77.623   69.277   76.265   72.875   67.575   84.278   80.218   77.338
  26.600  107.860  101.820   94.500   87.622   77.564   69.818   76.058   72.627   67.328   84.293   80.383   77.142
  26.700  109.210  102.038   94.767   87.616   77.602   69.807   75.910   72.480   67.180   84.043   80.562   77.323
  26.800  110.460  103.097   95.427   87.583   77.583   69.797   76.205   72.505   67.975   84.097   80.547   77.338
  26.900  112.860  104.978   96.767   87.583   77.583   69.797   76.032   72.312   67.692   84.252   80.703   77.483
  27.000  113.883  105.735   96.965   87.796   77.693   69.929   76.020   71.740   67.180   84.188   80.778   77.278
  27.100  111.597  104.835   96.705   88.370   77.574   70.032   76.205   71.945   67.255   84.495   80.655   76.695
  27.200  113.745  106.933   99.392   88.392   77.606   70.063   76.578   72.317   67.627   84.240   80.700   76.990
  27.300  115.105  107.788  102.505   88.441   77.654   70.112   76.580   72.400   67.490   84.305   80.765   77.055
  27.400  116.778  107.825  103.750   88.364   77.600   70.031   76.487   72.288   67.347   84.330   80.640   77.280
  27.500  115.788  106.405  102.980   88.417   77.426   70.319   76.395   72.125   67.155   84.410   80.720   77.360
  27.600  113.840  104.243  101.573   88.626   77.634   70.528   76.773   72.843   66.972   84.375   80.675   77.345
  27.700  111.468  102.860  100.683   88.590   77.594   70.497   76.413   72.463   66.582   84.392   80.743   77.282
  27.800  108.183  100.748  100.487   88.529   77.556   70.458   76.080   72.130   66.250   84.398   80.748   77.288
  27.900  105.530   99.325   97.638   88.529   77.556   70.458   75.320   72.170   66.140   84.398   80.748   77.288
  28.000  104.970   98.922   95.840   88.531   77.558   70.460   76.043   72.023   66.142   84.398   80.748   77.288
  28.100  104.820   98.180   95.332   88.484   77.511   70.413   76.358   72.297   66.438   84.082   80.642   77.483
  28.200  103.782   96.930   93.330   88.337   77.337   70.261   76.275   72.215   66.355   84.118   80.677   77.517
  28.300  104.612   96.593   92.362   88.152   77.574   69.379   76.442   72.733   66.912   84.015   80.945   76.815
  28.400  104.035   97.130   92.720   88.244   77.604   69.462   76.810   72.840   67.110   84.220   80.420   77.250
  28.500  103.788   97.180   93.020   88.296   77.571   69.473   75.938   72.677   68.017   84.410   80.460   77.670
  28.600  104.597   97.500   92.940   88.304   77.802   68.976   75.933   72.672   68.013   84.258   80.608   77.487
  28.700  106.120   97.928   93.165   88.374   77.837   69.090   75.995   72.765   68.055   84.370   80.720   77.600
  28.800  105.898   97.812   92.082   88.496   77.918   69.251   75.183   72.812   67.942   84.502   80.862   77.692
  28.900  104.457   96.810   90.330   88.457   77.848   69.226   75.922   72.892   67.433   84.510   80.860   77.710
  29.000  104.680   97.090   91.010   88.462   77.853   69.236   76.362   73.582   67.403   84.615   80.885   77.745
  29.100  104.330   96.700   90.730   88.462   77.631   69.707   76.362   73.582   67.403   84.615   80.885   77.745
  29.200  104.547   96.948   91.058   88.456   77.633   69.687   76.362   73.582   67.383   84.615   80.885   77.745
  29.300  104.615   97.285   91.355   88.456   77.633   69.687   75.663   73.743   67.383   84.615   80.885   77.745
  29.400  104.880   97.590   91.680   88.493   77.671   69.724   75.450   72.990   68.210   84.578   80.817   77.688
  29.500  105.112   98.233   91.532   88.516   77.796   69.898   75.310   72.880   68.070   84.608   80.847   77.718
  29.600  105.345   98.465   91.765   88.512   77.792   69.894   75.320   72.870   68.090   84.918   80.797   77.728
  29.700  105.355   98.475   91.775   88.512   77.792   69.894   75.320   72.870   68.090   84.675   80.915   77.785
  29.800  104.615   98.605   91.775   88.547   77.827   69.929   75.320   72.870   68.090   84.442   80.903   77.703
  29.900  104.615   98.605   91.775   88.547   77.827   69.929   75.320   72.870   68.090   84.597   80.957   77.838
  30.000  105.605   98.445   92.665   88.114   77.959   70.097   76.338   72.838   67.287   84.260   81.370   78.360
  30.100  105.080   97.900   92.160   88.124   77.969   70.107   76.160   72.860   67.290   84.498   81.368   78.228
  30.200  103.358   96.118   90.517   88.123   77.794   70.034   76.160   72.880   67.270   84.237   81.567   78.237
  30.300  101.597   94.328   88.877   88.171   77.842   70.082   76.025   72.785   66.955   84.263   81.523   78.422
  30.400   99.573   91.743   87.993   88.211   77.860   70.122   76.148   72.868   67.008   84.265   81.685   78.725
  30.500   97.510   89.870   85.570   88.259   77.886   70.170   76.148   72.767   67.168   84.243   81.653   78.743
  30.600   96.550   88.830   84.810   87.664   78.011   70.144   76.177   72.767   67.168   84.347   81.758   78.847
  30.700   96.390   88.770   84.550   88.287   77.891   70.211   76.698   73.468   67.427   84.153   82.103   78.263
  30.800   96.843   89.233   85.002   88.356   77.907   70.293   76.695   73.255   67.875   84.183   82.002   78.552
  30.900   97.853   90.743   85.142   88.362   77.936   70.402   77.373   72.692   68.672   84.843   81.763   78.463
  31.000   99.090   92.710   86.690   88.324   77.973   70.329   76.860   73.170   68.680   85.110   81.600   78.370
  31.100  100.875   94.355   87.865   88.356   77.991   70.324   76.767   73.097   68.538   84.922   81.573   78.273
  31.200  102.278   95.778   88.778   88.299   77.908   70.254   76.820   73.420   68.260   84.285   81.865   78.125
  31.300  103.483   97.183   89.252   88.292   77.883   70.274   76.910   73.630   68.410   84.175   81.865   78.125
  31.400  103.698   98.317   90.067   88.387   77.960   70.404   76.953   73.573   68.433   83.975   81.905   78.125
  31.500  104.530   99.150   90.920   88.659   77.659   70.219   76.305   73.675   68.795   84.002   81.903   78.142
  31.600  104.118   99.388   91.038   88.756   77.951   69.898   76.172   73.213   69.493   84.580   81.800   78.100
  31.700  104.280   99.550   91.200   88.729   77.924   69.871   76.588   73.248   69.228   84.487   81.707   78.008
  31.800  104.678   99.948   91.597   88.692   77.888   69.834   76.582   73.323   69.222   84.615   82.185   77.605
  31.900  104.968   99.797   92.148   88.543   78.050   69.961   76.050   73.930   68.660   84.183   82.263   77.233
  32.000  104.898   99.998   92.317   87.792   78.214   70.517   76.608   73.868   68.037   84.168   82.008   77.347
  32.100  104.938  100.047   92.148   87.789   78.207   70.442   76.538   73.987   67.748   84.390   81.950   78.370
  32.200  105.100  100.210   92.320   87.993   78.416   70.633   76.055   73.455   67.335   83.808   82.138   78.427
  32.300  105.148  100.258   92.368   87.948   78.361   70.570   77.058   73.317   67.418   83.808   82.138   78.427
  32.400  105.210  100.320   92.430   88.319   78.154   70.492   77.817   73.278   67.457   83.692   81.983   78.273
  32.500  105.640  100.780   92.920   88.304   78.149   70.460   77.008   72.398   66.787   83.910   81.940   78.290
  32.600  105.950  101.000   93.170   88.392   77.974   70.943   75.927   71.567   67.118   83.950   81.980   78.330
  32.700  106.080  100.960   93.420   88.386   77.977   70.946   75.933   70.752   66.302   84.002   82.002   78.353
  32.800  106.338  101.157   93.638   88.386   77.977   70.946   75.922   70.593   66.273   83.960   81.900   78.270
  32.900  106.073  101.653   93.933   88.413   78.004   70.973   76.605   70.835   66.755   83.953   81.953   77.963
  33.000  106.750  101.630   94.070   88.509   78.109   71.082   76.118   71.127   66.847   83.953   81.953   77.963
  33.100  106.780  101.670   94.160   87.981   78.119   70.937   75.922   70.953   67.403   83.853   81.892   77.953
  33.200  106.575  101.495   94.005   87.972   78.074   70.990   75.865   71.585   68.065   83.830   82.110   78.230
  33.300  106.517  101.398   93.817   87.979   78.081   70.997   76.043   72.433   68.883   84.728   82.517   77.978
  33.400  106.735  101.645   94.005   88.021   78.123   71.039   76.185   72.575   69.035   84.865   82.555   78.025
  33.500  106.800  101.920   94.220   88.098   78.204   71.116   76.455   72.845   69.255   84.650   82.700   78.050
  33.600  106.965  102.045   94.105   88.171   78.091   71.598   77.030   73.790   69.230   84.670   82.740   78.090
  33.700  107.297  102.288   94.078   88.213   78.396   71.191   77.168   73.648   69.778   84.550   82.620   77.970
  33.800  108.300  103.110   94.750   88.211   78.389   71.216   77.040   73.550   69.670   84.530   82.600   77.950
  33.900  109.730  104.390   95.680   88.267   78.444   71.271   77.040   73.550   69.670   84.582   82.653   78.002
  34.000  111.960  106.310   97.410   88.267   78.444   71.271   77.052   73.562   69.683   84.730   82.800   78.130
  34.100  112.688  106.778   97.948   88.267   78.231   71.716   77.023   73.532   69.703   84.730   82.800   78.130
  34.200  112.100  105.910   97.170   88.267   78.231   71.716   77.020   73.530   69.700   84.730   82.800   78.130
  34.300  109.995  105.625   97.035   88.267   78.231   71.716   76.990   73.500   69.670   84.728   82.797   78.127
