9.967305216063619966e-01
9.891050686390134850e-01
9.807639549602381601e-01
9.737147174876631395e-01
9.792601738482591411e-01
9.660074573374138884e-01
9.460649534693427176e-01
9.603842258357848660e-01
9.220069742803811419e-01
9.133975295752423396e-01
9.138881624890577982e-01
9.636883933789150980e-01
9.782442987424742054e-01
9.399218526657702188e-01
9.326392860554751918e-01
9.338491153660384292e-01
9.405054180436809297e-01
9.475102451380597035e-01
9.411308316308479860e-01
9.095594510842608393e-01
8.993990381680183610e-01
9.033949948589599099e-01
9.079740884067448725e-01
8.797358153475085540e-01
8.748830204285351630e-01
8.301459635288040984e-01
8.051374712262331368e-01
6.594843981920501808e-01
5.056496604826765662e-01
3.700663735750041594e-01
5.887716220521944654e-01
1.224886809944793820e+00
1.560426589237203121e+00
1.542917762840465556e+00
8.339043034313464720e-01
9.270639438422098588e-02
1.309944692917996423e-01
3.345112282510789153e-02
7.488411218593218899e-02
5.442320941691329850e-01
1.107075690571024618e+00
1.095877353028403167e+00
1.063089593653356424e+00
9.908770989371544768e-01
9.656923776203301113e-01
9.517674180294765085e-01
9.480610603990601293e-01
9.390672713132465210e-01
9.332408407189722865e-01
7.776248807115140327e-01
0.000000000000000000e+00
1.115372721745440865e-03
8.579978112476044361e-03
1.177701262414840647e-02
1.596602290656553430e-02
1.087891784702404822e-02
1.703552050670957552e-02
2.222384454934232811e-02
1.789775774702924427e-02
2.503446889954253490e-02
2.381963444735150232e-02
2.777361433014889636e-02
1.956393966492841335e-02
2.116364335867495367e-02
3.126792948360919422e-02
3.253602720159205069e-02
3.060316596778571083e-02
3.079351131650892581e-02
2.697685279608236231e-02
3.163356516672961860e-02
2.610952610053442896e-02
2.326829618601698041e-02
3.782611389513054062e-02
4.543933015584113166e-02
7.916487824151523245e-02
1.282932756076910485e-01
2.118932125760960294e-01
3.893158204069570583e-01
9.806523374031472784e-01
1.654023157892871687e+00
2.435971667069679825e+00
1.895457476536177577e+00
1.147310360145800345e+00
6.867319158936291412e-01
5.518591236886611906e-01
6.420661641856409974e-01
2.482240097963100744e+00
8.748487933104323044e-01
2.324575215612334766e-01
4.783265340885332617e-01
1.631205787102352894e-02
2.261875094844445662e-03
1.810719811054141946e-03
6.183485358691636138e-04
8.931120208303302416e-04
5.890377023951532624e-04
5.897327689640853706e-04
5.754708021663418327e-04
5.502277897530846815e-04
3.414198070231597572e-04
1.206637847750103854e-01
3.006361940321773396e-01
4.441763596218404886e-01
3.579663091108635509e-02
4.196333783129478634e-02
4.804724726394699053e-02
1.936183323009550358e-02
7.114574100391815592e-02
1.230668454665268530e-01
5.034178094974353646e-02
1.150076224347748310e-01
1.706846749455381285e-01
