9.999969318933281670e-01
9.999640842478080272e-01
9.998335993554107182e-01
9.999858832641327355e-01
9.998812167529862460e-01
9.994338924475735242e-01
9.991831722539226135e-01
9.989001682833220652e-01
9.999887658049793071e-01
9.999954062141495070e-01
9.999056781379085379e-01
9.995996857797183610e-01
9.999993165331568790e-01
9.999994310411610687e-01
9.999918748116485290e-01
9.998435373132010806e-01
9.996460660690009714e-01
9.999774625470531086e-01
9.999813145355884725e-01
9.999865558604639215e-01
9.999893073433101520e-01
9.999996032860108963e-01
9.999997481271174493e-01
9.999975034483622460e-01
9.999907963727237004e-01
9.999956896806063700e-01
9.999999548543774264e-01
9.999999676955079186e-01
9.999981422266075448e-01
1.000000041819043339e+00
9.999970912530899980e-01
9.999983344355154458e-01
9.999997785936027839e-01
9.999984121835476802e-01
9.999974926327723779e-01
9.999997816682772989e-01
9.999985259058910003e-01
9.999974434069234253e-01
9.999973310534598925e-01
9.999998718810680920e-01
9.999995512306525391e-01
9.999998881001560536e-01
9.999997962797195772e-01
9.999999756901621906e-01
9.999999604951725907e-01
9.999999979005961270e-01
9.999997327340324205e-01
1.000000007569626259e+00
1.000000044901959484e+00
9.999991540211718988e-01
1.000000021203027778e+00
9.999999801856738202e-01
1.000000037309552781e+00
1.000000001057165244e+00
1.000000020779813203e+00
1.000000018593416584e+00
9.999999290920289496e-01
9.999998332480184438e-01
9.999999831175764298e-01
9.999999150126981373e-01
1.000000039890930115e+00
1.000000039757758419e+00
9.999999498022502653e-01
1.000000019796360551e+00
9.999999817220990295e-01
9.999999271725990013e-01
1.000000028366874627e+00
1.000000063507705539e+00
9.999999153697827214e-01
1.000000025096274392e+00
1.000000041637947312e+00
1.000000093027038961e+00
1.000000032000347261e+00
1.000000032915042469e+00
1.000000008559589926e+00
1.000000028183374301e+00
1.000000050775632365e+00
9.999999883678500900e-01
1.000000041199039735e+00
1.000000034058168286e+00
1.000000076407087324e+00
1.000000029614559249e+00
1.000000181911403274e+00
1.000000056575839569e+00
1.000000082195156459e+00
1.000000134164506171e+00
1.000000084195696193e+00
1.000000073657959065e+00
1.000000035981645219e+00
1.000000043532264904e+00
9.942241079243925306e-01
9.885852772874086369e-01
9.842242423603546619e-01
9.777122658880770256e-01
9.675015272943217060e-01
9.415446873261894556e-01
9.356166634683165118e-01
9.316783450237686726e-01
9.214452379967796869e-01
9.167011851333535244e-01
9.176791367422816315e-01
9.116683823077507132e-01
8.949293364676361717e-01
8.901384201596266310e-01
8.886146726134797058e-01
8.854068638516617851e-01
8.815078075350223363e-01
8.828734572063430264e-01
8.780008316164548132e-01
8.738515723565976057e-01
8.651477605345707644e-01
8.504946857795101511e-01
8.507342758984794973e-01
8.462218038617572713e-01
8.373787337985294510e-01
8.190484002083735504e-01
7.921556284365125489e-01
7.673741268396310211e-01
7.486711906143945772e-01
7.300427542698855188e-01
6.859809579745601571e-01
6.623974723782056762e-01
6.297763126299067427e-01
5.883556294884886295e-01
5.835135273073609463e-01
5.618111926159061742e-01
5.504784515954994628e-01
5.369588125529841660e-01
5.406403320948929281e-01
5.211048274387743984e-01
5.361468897632186703e-01
5.532007623973180799e-01
5.435763221625014019e-01
5.250444597436957350e-01
5.063882740666310056e-01
4.865802863328378969e-01
5.226967848631898228e-01
5.102326444516660509e-01
4.979543337101446365e-01
4.910285580138661343e-01
5.077196159155435984e-01
4.939348231681452983e-01
4.675167496642974596e-01
4.003924756407906127e-01
3.542384057674385356e-01
3.008282215050731567e-01
2.471016930847708126e-01
1.985323617018255882e-01
1.954711067898277643e-01
1.952332951854260368e-01
1.959754484518210771e-01
1.987987763982377309e-01
1.921233687416241120e-01
1.676084675913645794e-01
1.347771470244358838e-01
1.272319237434630934e-01
1.028896509835248718e-01
8.182747767875227229e-02
6.888379277217940300e-02
5.647373276357750549e-02
4.200025419355969680e-02
3.002694702845803282e-02
2.402102976904327974e-02
2.035785802647081810e-02
1.697105610465058853e-02
1.445765684337805765e-02
1.579195503446080562e-02
2.038506246803101218e-02
2.743920645226888971e-02
4.116607249135816049e-02
4.713729413965384030e-02
6.395697665268049170e-02
7.509183129799279488e-02
8.328362090713742338e-02
9.145030930702352512e-02
9.783486200072552541e-02
1.150349419372074244e-01
1.405180555420627586e-01
1.791104832260166924e-01
2.377117337457838597e-01
3.018793146528832017e-01
3.442302285301710452e-01
4.036174701629980932e-01
4.414488881157425659e-01
4.774126012677740727e-01
4.990950065879979358e-01
5.089007441378675667e-01
5.237422272501730536e-01
5.495059354676656849e-01
5.575449628777389144e-01
5.693241455261273121e-01
5.904668278369606949e-01
6.016328523001797102e-01
6.091967077865488855e-01
6.152149633889981706e-01
6.307440784405203837e-01
6.407297844763779615e-01
6.499997473718959196e-01
6.567838161642309824e-01
6.728766063335497316e-01
6.878347538436972997e-01
6.935707734924139167e-01
7.035096095118089643e-01
7.168968889083215945e-01
7.218033500558412863e-01
7.328564279010005844e-01
7.441893308793443573e-01
7.629031222951057067e-01
7.678881047477679189e-01
7.812736067320851241e-01
8.125282117456535946e-01
8.180175554867370469e-01
8.244501213539772166e-01
8.364014152931196211e-01
8.512677687576725161e-01
8.700654970949048828e-01
8.790144982286480779e-01
8.892466500219711190e-01
8.958792426317634394e-01
8.994911286882384394e-01
9.000309319114010442e-01
9.005543172664485230e-01
9.006003944149038043e-01
9.007855874409966823e-01
9.036327344997925337e-01
9.223710130564614085e-01
9.252629448029355830e-01
9.247131145945375330e-01
9.244890399740789411e-01
9.235041844030980052e-01
9.203336190592795729e-01
9.182656020550394871e-01
9.180394459180369893e-01
9.199338442883432387e-01
9.234836190294184455e-01
9.242542264043790423e-01
9.244096113888076172e-01
9.242704716113643304e-01
9.229643118776140742e-01
9.230442838138060990e-01
9.225553544584317311e-01
9.231098308222507320e-01
9.231471330354223959e-01
9.228160117980790389e-01
9.228117126573813778e-01
9.222195605041549893e-01
9.222068094796291859e-01
9.216567526876371375e-01
9.222846829276891700e-01
9.210407050354956215e-01
1.000000000000000000e+00
2.989427098540338791e-06
1.541366204337112322e-05
3.035564386806037296e-05
3.671700269621325555e-05
1.169850447251576515e-05
5.622420872603544072e-07
4.965248587022271545e-06
4.333714120111655972e-06
7.359020282278787196e-07
3.310498825757518906e-07
4.032247260428219868e-07
1.468708573112731230e-07
3.553389666615305733e-07
4.850728724803788954e-06
1.115189177041145447e-07
1.010903209043994150e-07
6.382389311441992228e-08
-8.343010348679319947e-08
1.032663118359722057e-05
2.651065471158167009e-06
6.550670382124955302e-07
4.421836673210014199e-07
1.306187161296314356e-06
3.728337476134474893e-07
7.408910783113657166e-07
1.250107340483689325e-06
1.905060200616219246e-06
2.469725735452069227e-06
1.067951298083848136e-06
6.448848273695783436e-07
1.614997709433325847e-03
1.665397522357565940e-03
1.486446156783489828e-03
1.477549963613136643e-03
1.312994088331675578e-03
1.377330961087912774e-03
1.248725318096656229e-03
1.238918142042107120e-03
2.139416303479174837e-03
1.864415925547898215e-03
2.429070843758420091e-03
2.436132065813141102e-03
2.092059306607629322e-03
2.089944585808095438e-03
2.078411136487043950e-03
1.152210812887364492e-03
1.129511594680065968e-03
1.476843734393522810e-03
1.459716975799022539e-03
1.891956485118435199e-03
2.198006367134828793e-03
2.270435201426650867e-03
2.587895531560726204e-03
2.383514906084872702e-03
2.671245925909454619e-03
2.673899578656289532e-03
2.708971607035006585e-03
2.901963882737476456e-03
2.816815604278670795e-03
3.406340906588263117e-03
8.166046755487401526e-03
8.160745157348030937e-03
8.064944641793789226e-03
8.146447301075915304e-03
8.377458228854439692e-03
8.525441443578123807e-03
8.639451135978915008e-03
8.844975870388169237e-03
1.147898952116766132e-02
1.190152333716007482e-02
1.192246056961569767e-02
1.192099945252600088e-02
1.214468126731756657e-02
1.273164619729036384e-02
1.387974107017616449e-02
1.792267142257646800e-02
2.005231577832688669e-02
2.154505654913045631e-02
2.246210072278934100e-02
2.646263643023561915e-02
3.000448121917263788e-02
3.087466633673015964e-02
3.319390602001504043e-02
3.589581068251862517e-02
3.855214507256540801e-02
3.875472018794523521e-02
3.961370027439801988e-02
4.011903803553630576e-02
3.990751208746052409e-02
3.975578383514162539e-02
3.875680033910576527e-02
4.104485006499340033e-02
4.318248888954989706e-02
4.623242135537872916e-02
5.119951120454311472e-02
5.809933462205333493e-02
6.129682089781873788e-02
6.360694873182620723e-02
6.838631815939945346e-02
7.301209957296296571e-02
8.901907107921523676e-02
1.045401768910279028e-01
1.206111044975335944e-01
1.334078092879271149e-01
1.518536556485050593e-01
1.722943718466302121e-01
1.906333745600221063e-01
2.385975886990712724e-01
2.707573772625310182e-01
3.093482869555144177e-01
3.377585295502774088e-01
3.772102830179842603e-01
4.567146488087703293e-01
5.179101226380471434e-01
5.638108137169519640e-01
6.116778455820818250e-01
6.617616403002350989e-01
7.206698047608421920e-01
7.642702846461653099e-01
7.827557611188133979e-01
7.655719644615111008e-01
7.287199413848226559e-01
7.081446276841654175e-01
6.979716682805043870e-01
6.980249856853882884e-01
6.908019831312826042e-01
7.110211701573809773e-01
7.683339494682219772e-01
8.740758385788875984e-01
9.738804562007629118e-01
1.098280264263450379e+00
1.195677445069229794e+00
1.238861682216744864e+00
1.269069290121451754e+00
1.323948238209592621e+00
1.411962850300912731e+00
1.535827444978749234e+00
1.605657365562950689e+00
1.654676635868837176e+00
1.713225163579713550e+00
1.792758371623471181e+00
1.871575821453682842e+00
1.968993151533419805e+00
2.074300469925598023e+00
2.182361064960710806e+00
2.276893958488535041e+00
2.349235756518727847e+00
2.393113168296109095e+00
2.414280343182362287e+00
2.413242738557706435e+00
2.391123064002599996e+00
2.349015703562091772e+00
2.288383114943750130e+00
2.219208086964667537e+00
2.151940298728413303e+00
2.087471832543372763e+00
2.016636179842985044e+00
1.934759059935913239e+00
1.838017466711668657e+00
1.725274477715224242e+00
1.598499152085138819e+00
1.461102245614143369e+00
1.316977688578174543e+00
1.170662431940969306e+00
1.025340137092711101e+00
8.844724835891936143e-01
7.513092303808435179e-01
6.276817694692651273e-01
5.138325521988926781e-01
4.120324314013726896e-01
3.210104974004834300e-01
2.408192298193106429e-01
1.700331550097780031e-01
1.102031039784274885e-01
6.168577110072559488e-02
2.572102025358526806e-02
4.795056318650174620e-03
2.624383621950923661e-06
5.435027308012837644e-07
3.660792748099329981e-06
2.799121879349091368e-07
2.063810999138013140e-07
6.188601072972838303e-07
4.892869526927584066e-07
2.363489705354000941e-09
-1.606109118959543106e-08
-1.802245143275587164e-08
2.616562020194406920e-07
6.844965152743098522e-07
6.879438605608677407e-09
5.791855558179899703e-08
-3.451169692247863572e-08
1.074033134286682301e-07
-1.503894113487440045e-08
-3.420255334641925524e-08
4.895645849722919709e-08
6.744076830326263074e-08
-1.089036454341990377e-08
2.561300759486292871e-08
-1.705401546005739212e-08
6.653059445001974901e-08
-3.905552360839850651e-08
-4.059390693012503233e-09
-2.406478112060708618e-08
1.869543866502066821e-08
9.577424732646992413e-09
-1.650687796788491554e-08
-2.951370157936695201e-08
6.824260946327736033e-08
-5.160494246145452933e-08
-2.558953536328835491e-08
4.011629310423912443e-09
-3.652336592519063218e-08
-5.671823309061049279e-08
3.133169613506970146e-08
-7.160758343048204688e-08
-6.071669612598561200e-08
-4.348085872517221479e-08
-6.959320903949092294e-08
-1.210294729197036489e-08
-5.649631826987412743e-08
6.612903467033579998e-08
-1.823824996523438422e-09
1.219712055525902161e-07
2.597758312486885477e-08
8.350869444681416640e-08
-2.579407520362515878e-08
-5.061698399095418848e-08
-6.300648482906103623e-08
2.976516860343822882e-08
7.411887071938270818e-08
1.844054310326544081e-07
-4.841641211231316136e-08
1.951144919438803291e-07
2.089707412657746586e-08
4.184790282247328694e-08
-1.577957620779366620e-08
-4.455666522298433071e-08
6.934366665941930006e-08
1.137910314813060935e-08
2.127177282198223349e-09
-6.696801439506936743e-08
-7.274348838965446875e-09
1.661641927921644953e-07
-4.576736940182984008e-08
7.482653067650687805e-07
-1.956670494872762767e-08
7.595173034662684349e-09
8.606823018865034490e-07
1.387440531763964443e-03
3.334187087780826619e-02
2.341435802197612270e-01
3.679245852811117157e-01
1.004716572255413582e-05
3.384610803353386987e-02
3.346118963344660857e-01
5.274800850022226539e-01
-5.861648301532914702e-07
8.843273705649461192e-03
3.786739992603848082e-01
6.165620098588285858e-01
