9.994475352514287092e-01
9.978744910295873627e-01
9.993531147303869044e-01
9.976601006298904117e-01
9.936820474874479281e-01
9.991032319482040513e-01
9.953195845514191120e-01
9.977712240674738720e-01
9.982686394909816574e-01
2.020261386218889232e-01
8.255823593034796737e-01
9.991830511022430361e-01
5.646186729663182913e-01
9.996588996312749664e-01
9.991734839189672090e-01
9.949151070577895162e-01
9.991372946726146953e-01
9.991457332411004533e-01
5.910190197895226483e-01
9.973230322400318260e-01
9.973701416512708029e-01
9.662687734047971100e-01
9.992644181855387941e-01
9.256282029246083454e-01
9.984343379459612589e-01
9.993843845224381628e-01
3.026259409748870421e-01
9.997168410291306095e-01
9.964127028275315823e-01
9.991783513214702594e-01
1.629199769950241961e-01
9.987379120975343749e-01
9.992550942036528827e-01
9.593347418349529310e-01
9.998561851222182995e-01
9.980976243335009102e-01
9.776073491072561072e-01
9.616976329040936022e-01
9.971816227198742055e-01
9.990827908522388334e-01
9.995567882463665121e-01
9.996615527664143297e-01
9.990014622896107310e-01
9.997393564471683813e-01
9.979483005169074161e-01
9.994738419522561923e-01
9.989266629981804479e-01
9.762031891767901648e-01
9.987841763738534162e-01
9.904835071691959758e-01
9.994373105640645960e-01
1.806814776256326083e-01
9.986780873773415390e-01
4.265006262619668864e-01
9.995708711652606659e-01
9.997203466959256879e-01
9.988454192978578616e-01
9.994740594617268492e-01
9.990796289774489525e-01
9.992240884739168605e-01
9.980648815824058051e-01
9.980811421993697197e-01
9.989270224640296458e-01
9.990464024890411965e-01
9.981435222371779492e-01
8.947503234654171633e-01
7.808735192970959194e-01
9.987239892928985174e-01
8.413914794109973450e-01
9.994163054159375115e-01
5.328729906866330746e-01
9.990825359911448267e-01
9.988979441008042359e-01
9.962116740836589601e-01
9.993618708326564848e-01
9.993853192984711864e-01
9.985984398325260525e-01
9.996416999623001232e-01
9.972050972650672307e-01
9.990843392661271638e-01
9.985647411530753637e-01
9.991777011300083666e-01
8.296332567884276976e-01
9.997006097909839628e-01
9.997988788849294650e-01
9.995850077869695705e-01
9.986144785485369102e-01
9.997254566367368422e-01
9.996240837538965529e-01
9.946012630561855694e-01
9.986684429746927050e-01
4.253813577015731484e-01
9.997828993414206167e-01
8.953015352654096759e-01
8.755884161430438350e-01
9.989257485494019706e-01
9.756476918867652559e-01
9.988896476242017375e-01
9.973595664637198155e-01
9.989590743192784394e-01
9.994618426343806483e-01
9.998706816322462387e-01
3.578812244119567998e-01
9.995384421059443358e-01
9.995063761865932150e-01
9.996282323665388603e-01
5.393964318486663689e-01
9.988768390826309185e-01
8.324232670214508634e-01
9.996531641727095518e-01
8.574335401222035191e-01
9.986642698316168243e-01
9.997478468646106009e-01
9.992156465480003247e-01
9.999907020522837975e-01
3.639176963289977862e-01
9.994954264586857207e-01
9.912448209883673034e-01
5.361160605093215903e-01
9.789806761575328142e-01
2.123852678051075527e-01
2.401650618962655193e-01
9.992871752361460747e-01
9.999589691110006839e-01
9.999598639126929811e-01
9.994900311780960944e-01
9.999598593236429522e-01
9.998344853082158368e-01
9.994690361525757627e-01
9.991905199274095928e-01
9.993139447123231545e-01
9.998324613268980698e-01
1.416735990262120159e-01
2.213470665901142165e-01
9.810301773862030172e-01
9.992078795193783947e-01
9.959896880817558085e-01
9.932347287378655576e-01
9.993376137554111915e-01
9.829156690463985990e-01
8.766321712145741518e-01
9.991832626208357881e-01
9.874812686313741983e-01
9.999630752439001569e-01
9.994658150785445949e-01
6.957420189173776359e-01
9.992764349431160209e-01
9.991728715954386608e-01
9.990291206124940482e-01
8.095160474457325783e-01
9.991368813884344835e-01
9.978134460147771723e-01
9.999413276138993112e-01
9.999146709017774359e-01
9.998222101442397758e-01
9.995884765557900842e-01
9.999507980026153264e-01
3.119861009445545896e-01
9.992529573407955557e-01
9.676592716018783680e-01
9.998614909794301120e-01
9.997648379140779973e-01
9.989921984182266179e-01
8.742194173221018438e-01
4.628160166311693358e-01
9.878309723002325349e-01
9.996048120300711215e-01
9.994370688877516340e-01
9.999808330838944048e-01
9.992371395220132069e-01
9.993945679167112184e-01
9.994091638640422159e-01
9.853203999654829293e-01
9.984309727353209984e-01
9.991812369009300809e-01
9.991547808974943212e-01
6.897336339295268015e-01
9.981954334247107319e-01
9.981561845911892661e-01
9.996836345566866289e-01
9.917306327481661965e-01
9.982442904844992526e-01
9.833014012837467677e-01
9.487135416867404913e-01
9.713275534736743877e-01
9.611188475566789791e-01
9.885769009434790533e-01
9.603090538606282589e-01
9.408868048615208757e-01
9.024370978478570837e-01
9.183771138923730870e-01
8.904989967650502880e-01
9.167743996752186764e-01
7.625384065806857237e-01
9.076705412125367634e-01
7.720572367634884747e-01
8.830392318429777232e-01
2.609240589355678042e-01
8.882794130370721408e-01
6.298592081147975641e-01
3.772312253051857134e-01
7.030955247470023206e-01
8.587889185009978110e-01
8.442098013101450027e-01
8.167639756339811763e-01
7.908310854867124373e-01
8.029300299405487396e-01
7.947785325229655973e-01
7.819902091864993077e-01
7.765321910306357545e-01
7.295694035533748512e-01
7.268158658291627994e-01
7.360459829895670270e-01
7.412332978928690697e-01
7.062556133601887165e-01
6.818621509121709501e-01
6.699216797321566608e-01
5.279253094394512624e-01
5.103357477301966316e-01
6.081659443487056338e-01
5.833797717612115852e-01
6.014707087818462750e-01
5.542945453638066233e-01
3.740148689036024154e-01
4.865894739078504561e-01
4.667182222611206410e-01
4.861225725773085649e-01
3.937303890198393663e-01
4.828576728150161257e-01
4.003519700661971603e-01
4.132379199418790838e-01
4.245366967433455430e-01
4.153314405550806443e-01
4.293406818751679399e-01
3.698706907342774186e-01
2.225806429277164544e-01
3.586125832560727589e-01
3.828733717957910621e-01
2.263813739977062478e-01
3.495201813012551728e-01
3.389708041051396337e-01
3.623861061117685800e-01
3.377224651651250520e-01
2.721869560671378863e-01
3.328021628035002788e-01
3.215708575663346336e-01
3.073387729027541315e-01
3.073687253995395219e-01
3.276578150840036008e-01
2.988573607388592679e-01
3.019375428853854348e-01
3.022801618896427955e-01
2.967570158895351806e-01
2.972801666806250687e-01
2.906221958270891470e-01
2.796036501828085274e-01
2.990238820358291916e-01
2.810302365193135810e-01
2.846616985621444607e-01
2.824463598123566621e-01
2.948602355115239604e-01
2.971948500853272002e-01
2.822696983643236956e-01
2.878316897833231858e-01
2.828156474442462542e-01
2.930422032966817913e-01
2.789945837531877526e-01
2.808754992995616262e-01
2.785576977825246492e-01
2.716196335420306140e-01
2.679072037299435882e-01
2.864312674985196594e-01
2.749280042012606229e-01
2.863644067246677305e-01
2.836107184785000568e-01
2.765996074986644127e-01
2.843711125502175752e-01
2.781983898489152063e-01
1.951644882203362463e-01
2.747787399702494859e-01
2.992039398463534061e-01
2.986093839652750326e-01
2.869295419370971878e-01
2.759626603042643067e-01
2.907822515624973736e-01
2.291747609587868884e-01
2.662387888869043318e-01
2.556878451928560336e-01
2.550582023155761879e-01
2.375679808513266045e-01
2.258382832190558021e-01
1.751118384796871985e-01
2.161312125048344135e-01
1.802973855075886700e-01
1.977229052565474543e-01
1.937888827219510501e-01
1.934369220976194514e-01
1.920377985204042848e-01
1.658390585906500403e-01
1.790153058270457509e-01
2.666419913484915361e-01
3.716977368177823982e-01
1.818079924385485047e-01
1.949532691894317882e-01
1.635960166886027134e-01
1.845219380777268214e-01
1.559473993124843028e-01
1.662035779009663483e-01
1.219642518150191035e-01
1.592755467316721296e-01
1.533492451786226396e-01
1.454767255571465523e-01
1.380408979992967522e-01
6.635143504223489641e-02
8.197033254942928671e-02
7.837678604962081130e-02
3.306393231290065404e-02
6.639228000531771645e-02
8.052412372910805471e-02
4.026103091452622185e-02
6.816901639358635689e-02
5.966049535511129542e-02
1.507225767002331671e-02
1.585134374057012990e-02
3.454140843316109988e-02
1.925821978012512425e-02
2.645558764757372297e-02
9.993869572522306316e-03
1.750825372168230559e-02
1.590006557571561896e-02
1.611365895462589894e-04
4.263523359298996770e-03
4.802898538552811611e-03
6.580749280168669835e-03
8.907437555324963785e-03
1.654344740357898205e-02
1.388020099093366030e-02
1.181102793439037929e-02
3.816977147972260009e-02
2.384142956031404248e-02
3.958178188948063142e-02
4.669602686987441020e-02
1.325254735362703384e-02
2.794430478406400437e-02
4.112487207385359667e-02
3.803943531014955526e-02
5.047593374514453002e-02
7.129150285970128897e-02
7.548263120423848171e-02
1.569913115217388966e-02
7.878940773359413563e-02
7.357802858973244708e-02
8.282244323401874442e-02
9.212060775941384450e-02
1.138922092819608517e-01
1.356994274044035775e-01
1.585993612741083969e-01
1.764070841944527235e-01
1.223749615600309704e-01
2.355734490259419611e-01
2.801905285890586295e-01
3.179006088116039797e-01
3.188327803206819633e-01
3.555853359960302607e-01
2.068626866340178005e-01
4.002154748759584324e-01
4.143106727271832490e-01
4.470247429966893726e-01
4.648988362360557680e-01
4.433736229120501804e-01
4.745679462156445760e-01
4.510956986264297308e-01
1.541761302925340471e-01
5.093606515927689982e-01
4.983201174564614311e-01
1.250099981983859299e-01
1.159006399861774173e-01
6.404846712434246470e-02
5.278963479731494379e-01
5.489321457949478678e-01
5.381788243891190149e-01
5.159484965458025485e-01
5.879531156602978426e-01
5.909316735146441513e-01
2.670649339401981459e-01
5.874467653762411867e-01
6.058871070331695030e-01
5.000926759710420111e-01
5.532193169927461796e-01
5.982675941699715505e-01
4.779699303874700433e-01
6.323918080550696708e-01
6.182732844352032409e-01
6.382794934170419321e-01
6.525783699556305661e-01
4.961364934114851355e-01
6.134256667364130777e-01
6.256801407275316418e-01
6.436749017879622725e-01
3.263171470103340410e-01
6.867140236179803958e-01
6.874327276928109409e-01
6.685422205127939943e-01
6.724983578640421067e-01
6.841337315960581700e-01
7.143620330182682832e-01
1.389211313130537251e-01
7.110534510651972395e-01
6.277616721671793742e-01
7.257092365487511909e-01
7.244710129029230394e-01
7.219706017003990617e-01
4.091140420938484956e-01
7.086938635970182476e-01
7.609017813492179316e-01
7.375488200392672500e-01
7.391608715616685421e-01
7.704931901204707945e-01
7.381377461660615369e-01
7.117558067323617177e-01
8.035505906741573501e-01
8.052711706520930823e-01
8.127841953576180334e-01
8.146927389981639678e-01
2.565286687464368720e-01
8.130383025461282998e-01
8.296208474613626649e-01
8.113822868867086591e-01
8.491882197621474226e-01
4.130293660590033111e-01
8.690364513374890798e-01
4.480219105997023665e-01
8.515285629097630871e-01
8.906777409681519986e-01
9.035334369972964907e-01
8.914056295163105270e-01
8.590674788715753074e-01
8.781523798553866333e-01
8.815489783705938720e-01
3.499930114949034721e-01
6.992966386940449031e-01
7.256024951676189882e-01
8.515216809267802667e-01
5.355886022561510140e-01
8.893716703542139390e-01
2.229159733485414074e-01
9.159765445055235711e-01
8.863786157415434186e-01
8.812160345122066474e-01
9.320522381828606484e-01
3.671425995108519302e-01
9.466307733865987339e-01
2.441049380094995613e-01
9.286946119049144244e-01
8.796203682107957000e-01
8.866418464176942793e-01
9.568326919638923123e-01
9.226459300196618862e-01
9.093269696432764171e-01
9.163593799293137110e-01
9.275003439506657177e-01
9.046538070622707206e-01
9.203910649876264616e-01
9.132882721844650664e-01
5.033017429243253904e-01
7.998244566305985348e-01
8.446445479530482192e-01
9.134625692046324241e-01
9.226514747589237286e-01
9.134573197743165451e-01
8.856938694097573617e-01
9.277334860942558770e-01
8.586767115136382245e-01
9.230408294390732848e-01
9.111903033693844467e-01
9.213747403330803110e-01
8.566098970954391101e-01
9.268346825436349912e-01
9.232228385573338914e-01
8.991723008016212493e-01
9.407138626837255879e-01
9.268768562230111918e-01
7.474402181296850856e-01
1.605193814498779292e-01
9.380623451734755314e-01
9.351439365572493667e-01
9.330255397233170322e-01
9.058016410887382852e-01
9.460200137604293236e-01
9.198512528722611048e-01
9.253983413896109678e-01
9.181263198021454297e-01
2.019151928756205139e-01
9.179292376642628204e-01
8.985941521472451399e-01
9.515071034691168217e-01
9.276607961189066165e-01
9.265469649269317820e-01
9.190224474140147315e-01
5.825586975293768344e-01
0.000000000000000000e+00
1.239722267473750139e-03
4.741391356949800628e-03
3.011392429275240243e-03
1.077099270634954749e-03
3.867182582040152227e-04
1.038561826546655249e-03
1.296643359408549464e-03
4.409701547630732348e-04
1.078296160338197869e-03
1.544032895312706710e+00
7.184622140955733427e-02
1.940667254987951413e-03
2.942356141910822398e-01
6.314874870312296024e-04
1.374875331304878509e-03
7.873969714298387993e-04
1.459559816171511698e-03
2.041727524487065015e-03
2.659966668013573621e-01
8.104178840298959614e-04
7.230083235881465398e-04
2.183261124397698014e-03
3.121487714578895668e-03
2.408358541726919252e-02
6.319765053518389564e-04
1.007972657175585832e-04
8.892106583304321132e-01
1.843336200207643105e-03
5.784160827484259495e-04
2.169469187504134006e-04
1.983588002699404829e+00
4.753402410250020258e-04
3.280894349588974433e-03
2.987812955219804468e-04
1.867807915896616770e-03
4.078280343232610836e-04
4.469686378610074340e-03
2.974265443527216932e-04
5.430435516513992551e-04
2.417954761610795200e-03
1.108728377078299805e-03
3.227364194179391677e-03
1.644440686790173069e-04
1.515541579894289295e-03
9.258895508607438993e-04
1.203107154137804218e-03
1.084360448018045330e-03
2.703125241190727779e-04
7.594768575884031005e-04
4.187243287502265699e-04
3.660727250788080311e-04
1.772122715876932597e+00
4.070295343818670399e-03
5.336954012580792384e-01
5.522183131481547824e-03
3.698770753106769751e-04
3.029734580190038013e-03
1.477110835956654388e-03
3.084991914006059675e-03
3.223484119968208529e-03
2.293711979203053204e-03
2.259993435686562420e-03
2.211105374854359026e-03
3.827976540138656320e-03
3.084104102144764924e-04
3.560081325186192219e-02
9.951997640072676732e-02
3.645041611699839992e-03
6.137677968212647273e-02
2.862869593662029782e-04
3.434649103714851881e-01
2.935928864474890952e-03
6.492622762997961447e-04
4.605613305819695677e-03
4.666577437599413181e-04
4.297463992085002972e-04
2.754865322075433602e-03
2.061640207318387284e-03
3.208894688284420673e-03
6.976109689173230072e-03
3.706235748041252420e-04
4.307399946342467013e-03
6.757012377838031436e-02
5.525004990012878994e-03
1.099615285856206728e-03
6.438377531017933520e-04
1.594431587931805124e-03
5.430369150809595709e-03
6.286477059218890592e-04
3.654290243875378368e-03
2.699364077783226144e-03
5.448715600901672396e-01
8.615970656851044615e-05
3.536996477312068232e-02
4.438764615423444054e-02
4.033743854210855052e-03
1.067898750634760710e-02
1.658168816490807052e-03
4.045119086351935817e-03
5.983610185274891233e-03
5.579927539508939410e-03
3.100637402176254810e-03
7.249797779343445381e-01
6.122804938112941416e-04
5.259117399934454262e-03
1.531250105758317093e-03
3.361522379312658071e-01
3.953416492440258237e-03
6.997681986785347918e-02
6.355681326789965058e-03
6.025748164544554586e-02
1.625375247067196213e-03
1.856091222518623787e-03
1.448753155244905579e-03
4.476251649753142450e-03
6.924368325832470639e-01
1.635645430849177757e-03
5.727904966422709028e-03
3.528950698189332047e-01
1.115736449287400844e-02
1.482959255188112113e+00
1.288256203800503208e+00
7.708184548240197900e-03
4.651156427907945229e-03
4.650611454227083705e-03
7.623550162566341236e-03
4.650614249162927233e-03
9.885283061516897396e-03
8.217960777327771443e-03
1.313013486289148907e-02
1.081136487270996718e-02
1.053515556413545280e-02
2.353701048201875423e+00
1.426403784004996123e+00
1.223857940090241833e-02
1.471745669642226390e-02
9.406931191778772003e-03
1.117118048647638626e-02
1.222219483936285572e-02
1.557238640288505921e-02
5.359075597571293093e-02
1.000176076687595526e-02
1.214541912686591639e-02
2.839443074173038026e-03
1.018888386319347084e-02
1.744851977411084887e-01
8.531803385303541806e-03
1.404264867732750617e-02
1.970860347397759837e-02
1.012052809364654832e-01
1.188141387775498888e-02
1.488061247087790057e-02
1.951712661194805395e-02
2.374330342140477251e-02
1.040485118011133525e-02
2.190002676409955051e-02
1.523262022150234651e-02
9.455831994036136834e-01
2.301201006647933880e-02
2.700140076624773719e-02
2.048997462776962208e-02
3.013999068540271220e-02
1.383283500844116262e-02
6.957747955588799993e-02
5.136164338290122311e-01
1.817155875697886239e-02
2.609323082909722341e-02
2.760809629152307168e-02
2.085479498140185156e-02
3.863283768570190124e-02
3.254395300938971169e-02
3.586036511011296557e-02
3.510905990419192768e-02
2.907693751718427172e-02
3.002321581063130754e-02
2.992859668186233224e-02
2.076422998013918164e-01
2.638540230543190424e-02
2.737135387301676409e-02
1.803860953096172309e-02
2.528067925652593279e-02
1.650213200392848870e-02
2.786451835906952196e-02
4.030101496671720240e-02
3.143513270759468181e-02
3.286607234373273290e-02
2.175104158276493574e-02
3.512924016482382727e-02
4.295569721852639244e-02
5.071626212956072133e-02
4.553475633311140913e-02
5.681746272307537649e-02
4.608981247516667074e-02
1.199450052730524213e-01
4.878996367786680305e-02
1.121332304671797814e-01
5.679069704575249317e-02
1.137107002333948902e+00
5.731016727046071152e-02
2.484090357829856210e-01
7.087639800705308746e-01
1.793776039029662539e-01
9.003946567334203399e-02
9.738556460754713151e-02
1.103995477296597916e-01
1.308696327947412863e-01
1.265556545026821356e-01
1.329788856767493976e-01
1.513271794363663103e-01
1.556325538912128326e-01
1.997801745833822085e-01
2.075393216712862754e-01
2.037569790010697879e-01
2.059953151314968811e-01
2.681479827895740797e-01
3.078226580851876615e-01
3.278538747249761798e-01
5.514762722469244149e-01
5.871025582298010637e-01
4.383562289932869671e-01
4.744834236003996342e-01
4.603522273348511495e-01
5.437716707430201302e-01
1.034082976704467027e+00
7.542496208869149399e-01
8.496616787260085069e-01
8.035801350987448188e-01
1.108987185238123896e+00
8.427269714056941918e-01
1.104700910741492237e+00
1.078297465195099836e+00
1.032267375123178565e+00
1.078928565006268769e+00
1.032006662726279611e+00
1.273770171013718588e+00
2.399446354438312223e+00
1.337054154023564756e+00
1.219517871805626541e+00
2.340155732642546837e+00
1.348647039925203739e+00
1.277808632665073052e+00
1.139058849540288243e+00
1.199734660837806999e+00
1.504189081284400320e+00
1.113063051310139162e+00
1.154828995435922323e+00
1.119434454384369948e+00
1.116309574000991400e+00
1.017984857035866497e+00
1.091656494824285506e+00
1.071730897557657602e+00
1.070131284085397594e+00
1.091307923149428261e+00
1.094826893966389214e+00
1.141317006674555712e+00
1.236329944582243323e+00
1.214473590937005021e+00
1.322963489232060974e+00
1.331512570829159747e+00
1.378729811026060625e+00
1.458034111693642387e+00
1.471455091863382414e+00
1.716020323772073475e+00
1.681872808065961067e+00
1.723545656629002387e+00
1.653445733468758450e+00
1.714290181471739061e+00
1.685728694518221715e+00
1.709184714106349201e+00
1.749967424970675589e+00
1.782680126556245082e+00
1.813442196667720108e+00
2.028740339910716894e+00
1.945367054280716435e+00
1.976889355600837117e+00
2.032580834461546360e+00
1.949029120886904609e+00
2.012635306762954990e+00
3.096978679638985099e+00
2.064513028664222816e+00
2.002486413973408652e+00
2.086761985684783216e+00
2.134670511973279172e+00
2.201332698212064010e+00
2.052679556799453131e+00
2.668890133268586595e+00
1.981065460411000512e+00
2.093024789729879931e+00
1.897861986484963071e+00
1.764224605289908432e+00
1.870154845749613104e+00
2.059846498325540232e+00
1.589803820081909347e+00
1.533980647938467445e+00
1.359796037538183011e+00
1.398952999613859882e+00
1.386487801546870458e+00
1.400476629863003808e+00
1.652322738419443660e+00
1.532215562075125215e+00
8.585162016708103305e-01
4.559373383298529481e-01
1.488040946879390258e+00
1.325131742440243343e+00
1.572966259921881216e+00
1.233330828077292329e+00
1.367140886889670170e+00
1.019762741939191475e+00
1.351683475922105693e+00
9.136964584061831873e-01
8.697660205668971134e-01
7.777405120652410853e-01
6.657508671155554225e-01
1.687265095253953628e+00
9.885275446846473191e-01
9.313949079959981114e-01
2.668903632713782059e+00
8.163652273828390094e-01
4.012776542108299482e-01
9.242358236239751612e-01
1.804102755012136627e-01
1.405965459579541499e-01
1.556118381470025680e+00
9.729655143344160262e-01
4.384883722320079280e-02
1.910278481382113314e-01
2.311866629929011999e-02
7.144742035875306652e-01
7.740906039622527657e-02
1.702258323630393144e-01
1.714367420119303098e+00
2.041339315932930720e-01
1.077672113777733420e+00
7.967912342047099861e-01
5.808112582032212146e-01
8.421220845771642052e-03
4.139570657033471157e-01
9.423838595455952261e-01
2.472988355640767452e-02
1.736151655920802339e-01
2.401075450714428711e-02
2.710814701034661156e-02
1.561857093631738636e+00
5.909648968041936179e-01
3.101553270326936618e-01
3.728055537805291531e-01
1.216914794720377890e-01
2.160313765159298932e-02
1.524437042389138047e-02
1.476556472538141929e+00
7.653088237264754450e-03
5.492480939449526783e-02
2.855161729257729708e-02
3.656396052424574356e-03
3.094268356815677370e-02
1.004458395994721823e-02
3.774093208750444080e-04
3.238576182243779050e-03
3.369196782398122814e-01
1.112137444129610063e-03
3.617702912519830949e-03
1.459257793464530453e-03
1.338112404591549308e-03
1.045118696071498099e-02
3.842935847875700306e-01
6.546855821341216256e-04
1.305108030116094650e-03
1.173561597647469062e-02
7.106311980525634783e-04
1.877769200031033023e-02
2.782217880739622532e-04
4.921511029217210840e-04
8.664611852472119402e-01
7.776161247489396565e-04
4.158790881845261626e-04
1.219615858067171654e+00
1.405927656628928935e+00
2.750886604477078556e+00
2.193301731528546003e-03
4.705343901747953070e-03
5.816412348491683615e-04
2.614464876372469648e-04
5.277223986184997537e-04
2.222258204658372456e-04
5.013860503138949376e-01
2.916860786727799078e-03
2.801295771155833505e-04
7.624399573812551401e-02
2.762271624401824860e-02
4.715168560918756371e-03
1.206980011487144983e-01
7.852934173672196198e-05
4.325588926007832048e-04
4.889529336768517250e-04
1.092469628965861861e-04
1.374759901032502063e-01
9.923085664614323537e-03
3.273679001806512230e-04
5.627566957887301837e-05
4.381332431298300412e-01
8.135905621669471568e-05
3.730474164058352089e-04
1.105564258143349778e-02
1.191702824858329016e-04
1.608222271259166793e-04
6.545556459692071852e-05
1.594669060030640795e+00
1.902271242671303383e-04
4.267106848283393206e-02
3.176739941536034940e-04
2.459211019106795132e-04
5.130221511421702535e-05
3.256343148472934379e-01
1.968010873492810489e-04
4.118234320872277230e-04
2.013646237031713497e-04
4.396920179437761351e-05
1.872863610510084491e-05
2.151965432377017206e-04
1.405801748805939055e-04
3.365350460391660801e-04
3.628116809728139380e-04
1.739305289127048492e-04
5.130621183532957120e-05
8.706708606947612950e-01
2.897249245063623544e-04
3.514834758474284998e-04
1.894082827596225331e-04
4.391446084919360194e-04
4.404378902581804200e-01
1.088034725033313211e-03
3.657535786822656565e-01
3.353677700635626559e-04
2.294443088863854711e-04
3.270092149622631718e-04
3.021070078064611248e-04
2.028638244247880527e-04
1.517210078673605781e-04
6.278164353350140954e-03
6.073828585232818877e-01
1.014666047137448568e-01
7.686748648041323573e-02
8.636425750871990978e-03
2.545740855107246903e-01
4.733502070342170132e-04
1.208466494077742981e+00
2.943577328980084232e-04
2.028996073481930155e-04
2.163093334155517648e-04
3.305796817876595394e-04
5.898236168693987702e-01
2.526228950287480370e-04
1.104024502718751188e+00
1.808825523368205344e-04
2.137452586409527787e-04
1.964475404527471557e-04
1.641066505887160015e-04
2.994487560888389006e-04
1.636048855644255562e-04
3.145546250042267422e-06
2.798564528352962029e-05
1.182955602012648031e-04
3.388808472140250171e-04
3.762592698114875412e-04
3.407211786576160861e-01
4.553168949765700607e-02
2.794653331266081214e-04
1.535942880806389407e-04
1.948068207233803750e-04
1.486108990115073028e-04
4.228481849262102563e-03
4.867513283309105303e-04
2.536366070362143857e-02
1.154235023285103402e-05
1.455080517344176918e-03
1.216763865310480596e-04
7.830690905547235572e-05
7.808127925901058291e-05
5.287185706731253616e-04
2.450621950107307006e-04
1.861695846207314631e-04
4.902275027712139650e-04
8.321529434433462546e-02
1.835847947851245276e+00
2.365184155149476050e-04
8.332570287848896275e-04
2.174472704804840189e-04
1.593087052976307236e-04
3.108874628538807179e-05
4.341629922824514457e-04
3.465290844728903682e-04
4.814225554451441024e-04
1.408711877420218084e+00
3.612008222864680263e-04
2.947878364415080924e-04
5.435274743397518324e-06
3.148366014647731911e-03
4.067937289090043556e-04
4.319021593301734709e-04
2.450838374920142615e-01
1.760368249145556341e-01
1.072349863907740286e-01
2.531634314185252643e-01
2.640500835610184449e-01
2.065643129809610068e-01
4.084840608377717786e-01
5.519510829128774221e-01
6.418798180797625763e-01
5.708864070499735099e-01
7.771368308428412419e-01
9.202109675468420624e-01
