   0.000   98.1   60.0   82.5  100.3  123.2   92.4  104.0  135.6  142.1
   0.033   98.3   60.0   83.0  100.4  123.1   92.5  104.5  135.6  142.2
   0.067   98.0   54.0   83.4  100.3  123.1   92.5  104.4  135.7  142.3
   0.100   98.1   58.0   83.6  100.3  123.1   92.5  104.4  135.7  142.6
   0.133   98.0   59.0   83.4  100.3  123.4   92.6  104.6  136.1  142.9
   0.167   97.7   56.0   82.7  100.6  123.0   92.4  104.4  136.1  142.8
   0.200   97.8   57.0   83.1  100.4  123.0   93.0  104.6  136.1  143.1
   0.233   97.6   62.0   83.5  100.5  122.8   92.9  104.6  136.1  143.0
   0.267   97.6   60.0   83.5  100.1  122.6   92.9  104.6  136.2  143.1
   0.300   97.4   62.0   83.9  100.4  122.6   92.9  104.9  136.5  143.2
   0.333   97.3   62.0   83.5  100.2  122.7   92.9  105.3  136.5  143.2
   0.367   97.3   86.0   83.6  100.3  122.6   92.7  105.3  136.5  143.2
   0.400   97.0   78.0   83.4  100.3  122.7   92.7  104.9  136.5  143.2
   0.433   97.1   68.0   83.7  100.3  122.6   93.1  104.9  136.5  143.2
   0.467   97.0   68.0   84.1  100.7  122.7   93.2  105.1  136.5  143.2
   0.500   97.0   66.0   84.3  101.1  122.7   93.2  105.0  136.2  142.9
   0.533   97.1   70.0   84.8  101.1  122.6   93.0  105.0  136.3  142.8
   0.567   97.0   73.0   84.8  100.9  122.6   92.9  105.0  135.8  142.5
   0.600   97.1   74.0   84.9  101.2  122.5   92.9  105.0  135.8  142.1
   0.633   97.1   69.0   84.5  101.2  122.4   92.9  104.9  135.8  141.7
   0.667   97.1   72.0   84.5  101.2  122.3   92.9  104.3  135.3  141.6
   0.700   97.1   76.0   84.7  101.3  122.3   92.9  104.1  135.3  141.6
   0.733   97.2   71.0   84.7  101.3  122.3   92.7  104.1  135.3  141.6
   0.767   97.1   72.0   84.9  101.3  122.3   92.7  104.1  135.0  141.5
   0.800   97.2   74.0   84.7  101.5  122.3   92.7  104.1  135.1  141.5
   0.833   97.2   76.0   84.6  101.5  122.3   92.5  104.1  135.1  141.5
   0.867   97.3   75.0   84.6  101.5  121.9   92.4  103.8  135.0  141.2
   0.900   97.4   80.0   84.6  101.5  121.9   92.3  103.7  134.6  141.2
   0.933   97.3   78.0   84.5  101.4  121.8   92.3  103.7  134.4  140.6
   0.967   97.5   87.0   84.5  101.4  121.8   92.3  103.7  134.4  140.6
   1.000   96.7   84.0   84.0  101.1  121.4   92.4  102.6  133.9  139.7
   1.033   97.1   78.0   84.1  101.2  121.4   92.2  102.7  133.9  139.6
   1.067   97.1   78.0   84.2  101.3  121.7   92.1  102.6  133.9  139.7
   1.100   97.2   84.0   84.6  101.3  121.6   92.2  102.3  133.5  139.3
   1.133   97.3   84.0   84.7  101.5  121.6   92.2  102.2  133.4  139.2
   1.167   97.3   84.0   84.6  101.5  121.6   91.9  102.1  133.0  138.5
   1.200   97.2   95.0   84.6  101.5  121.6   91.8  101.5  132.5  137.9
   1.233   97.3   86.0   85.0  101.5  121.7   91.8  101.4  132.1  137.8
   1.267   97.2   95.0   85.0  101.3  121.5   91.6  101.3  132.1  137.5
   1.300   97.2   95.0   85.0  101.3  121.5   91.5  101.4  132.0  137.4
   1.333   97.5   95.0   85.0  101.3  121.5   91.2  101.4  132.0  137.2
   1.367   97.4   95.0   84.9  101.3  121.5   91.2  101.3  131.7  137.0
   1.400   97.3   97.0   84.8  101.2  121.5   91.1  101.3  131.7  137.4
   1.433   97.1   99.0   84.8  101.2  121.3   91.1  101.2  131.8  137.5
   1.467   97.3  111.0   84.8  101.2  121.4   91.2  101.4  132.2  138.0
   1.500   97.1  115.0   84.8  101.3  121.5   91.3  101.5  132.6  138.0
   1.533   97.1  119.0   84.7  100.8  121.4   91.5  101.6  132.6  138.0
   1.567   97.3  123.0   84.7  101.0  121.3   91.4  101.7  132.9  138.1
   1.600   97.4  134.0   84.7  100.9  121.2   91.4  101.7  132.8  138.3
   1.633   97.7  127.0   84.5  100.9  121.3   91.4  101.6  132.8  138.4
   1.667   97.7  127.0   84.1  100.9  121.3   91.4  101.7  132.8  138.4
   1.700   97.9  133.0   84.1  100.6  121.2   91.3  101.7  132.7  138.4
   1.733   97.9  136.0   84.0  100.5  121.3   91.6  101.5  132.7  138.4
   1.767   97.8  134.0   84.1  100.5  121.1   91.6  101.6  132.6  138.5
   1.800   98.0  139.0   84.1  100.5  121.2   91.6  101.5  132.7  138.5
   1.833   97.9  145.0   84.2  100.5  121.3   91.6  101.7  132.4  138.4
   1.867   97.9  145.0   84.2  100.4  121.3   91.5  101.6  132.3  138.4
   1.900   97.7  145.0   84.2  100.4  121.3   91.5  101.6  132.3  138.1
   1.933   97.4  162.0   84.2  100.4  121.3   91.5  101.6  132.2  138.1
   1.967   96.5  167.0   84.1  100.4  121.2   91.6  101.7  132.3  138.2
   2.000   96.2  165.0   84.0  100.2  121.2   91.5  101.7  131.9  137.9
   2.033   96.3  173.0   84.3  100.5  121.2   91.5  101.7  132.2  137.9
   2.067   96.4  173.0   84.7  100.4  121.2   91.5  101.7  132.0  137.9
   2.100   96.7  182.0   84.7  100.4  121.3   91.5  101.7  132.1  137.9
   2.133   96.6  182.0   84.6  100.4  121.3   91.5  101.7  132.1  137.9
   2.167   96.7  195.0   84.5  100.5  121.3   91.5  101.8  132.1  138.0
   2.200   96.7  187.0   84.5  100.7  121.3   91.5  101.8  132.3  138.2
   2.233   96.9  201.0   84.7  101.0  121.3   91.5  101.8  132.3  138.2
   2.267   97.3  207.0   84.6  101.1  121.4   91.5  102.3  132.4  138.3
   2.300   97.5  224.0   84.6  101.1  121.4   91.6  102.1  132.4  138.3
   2.333   98.0  227.0   84.6  101.0  121.1   91.6  102.3  132.4  138.2
   2.367   98.0  215.0   84.5  100.9  121.1   91.6  102.0  132.0  137.7
   2.400   98.4  219.0   84.6  100.9  121.1   91.6  101.8  132.0  137.7
   2.433   98.5  229.0   84.8  100.7  121.1   91.6  101.8  131.9  137.6
   2.467   98.6  240.0   84.8  100.8  121.2   91.5  101.8  131.9  137.6
   2.500   98.7  252.0   84.8  100.8  121.1   91.5  101.8  131.9  137.6
   2.533   98.6  252.0   84.8  100.8  121.1   91.5  101.8  132.0  137.6
   2.567   98.6  271.0   84.8  100.8  121.5   91.5  101.8  132.0  137.7
   2.600   98.6  269.0   84.8  100.8  121.5   91.5  101.7  132.0  137.7
   2.633   98.6  282.0   84.8  100.7  121.4   91.5  101.8  132.0  137.7
   2.667   98.7  280.0   84.9  100.7  121.4   91.5  102.1  132.4  137.7
   2.700   98.7  280.0   84.8  100.8  121.4   91.5  102.1  132.3  137.8
   2.733   98.8  301.0   85.3  100.8  121.6   91.7  102.1  132.3  137.9
   2.767   98.8  294.0   85.6  101.1  121.6   91.7  102.1  132.3  137.9
   2.800   98.9  305.0   85.5  101.1  121.6   91.7  102.1  132.3  137.9
   2.833   98.9  314.0   85.6  101.1  121.6   91.7  102.1  132.3  138.2
   2.867   98.9  318.0   85.6  101.1  121.9   91.9  102.1  132.4  138.3
   2.900   99.0  315.0   85.9  101.3  122.0   91.9  102.1  132.4  138.3
   2.933   99.0  322.0   85.8  101.3  122.0   91.7  102.3  132.5  138.3
   2.967   99.1  328.0   85.8  101.3  122.0   91.7  102.1  132.5  138.3
   3.000   98.9  316.0   85.9  101.4  122.6   92.2  102.6  133.1  138.4
   3.033   99.0  332.0   85.9  101.8  122.7   92.1  102.5  133.1  138.3
   3.067   99.1  340.0   85.8  101.6  122.5   92.5  102.5  133.1  138.4
   3.100   99.1  358.0   86.1  101.6  122.6   92.5  102.5  133.1  138.5
   3.133   99.2  368.0   86.1  101.5  122.6   92.3  102.5  133.1  138.5
   3.167   99.2  391.0   86.1  101.6  122.6   92.3  102.5  133.3  138.5
   3.200   99.3  398.0   86.1  101.7  122.6   92.3  102.5  133.3  138.7
   3.233   99.4  437.0   86.2  101.7  122.7   92.3  102.5  133.3  138.8
   3.267   99.4  427.0   86.2  101.7  122.8   92.5  102.6  133.3  138.9
   3.300   99.5  459.0   86.4  101.7  122.8   92.6  102.9  133.3  138.9
   3.333   99.6  478.0   86.4  101.7  122.8   92.6  102.8  133.6  138.9
   3.367   99.7  514.0   86.6  101.8  123.1   92.9  103.0  133.9  138.9
   3.400   99.8  535.0   86.4  101.7  123.2   92.9  103.1  134.0  139.2
   3.433   99.9  558.0   86.4  101.7  123.4   92.9  103.1  134.0  139.2
   3.467  100.0  602.0   86.4  101.7  123.4   93.1  103.2  134.0  139.2
   3.500  100.2  637.0   87.0  102.0  123.5   93.4  103.4  134.4  139.5
   3.533  100.5  700.0   87.3  102.4  123.6   93.5  103.8  134.4  140.0
   3.567  100.7  747.0   87.3  102.8  123.9   93.5  104.2  134.5  140.1
   3.600  100.9  809.0   87.3  102.8  124.0   93.8  104.4  134.9  140.3
   3.633  101.2  871.0   87.5  103.1  124.2   93.8  104.6  134.9  140.8
   3.667  101.3  892.0   88.0  103.2  124.5   94.2  104.6  135.4  140.8
   3.700  101.4  909.0   88.0  103.2  124.7   94.0  104.7  135.5  140.8
   3.733  101.6  917.0   88.0  103.2  124.8   94.4  104.7  135.5  141.0
   3.767  101.8 1021.0   88.3  103.2  125.0   94.4  105.2  135.9  141.1
   3.800  102.0 1041.0   88.4  103.5  125.2   94.7  105.0  135.9  141.2
   3.833  102.2 1098.0   88.5  103.5  125.7   94.7  105.0  136.1  141.3
   3.867  102.4 1136.0   88.5  103.5  125.7   94.7  105.2  136.4  141.7
   3.900  102.8 1310.0   88.5  104.1  125.9   94.8  105.9  136.7  142.2
   3.933  103.2 1354.0   89.2  104.6  126.3   95.0  106.4  137.1  142.6
   3.967  103.5 1462.0   89.4  105.0  126.6   95.4  106.5  137.2  142.8
   4.000  104.0 1553.0   89.5  105.7  126.9   95.8  107.0  137.7  143.2
   4.033  104.2 1595.0   89.8  105.8  127.0   95.7  107.2  137.8  143.2
   4.067  104.4 1658.0   90.1  105.9  127.0   95.9  107.3  137.9  143.4
   4.100  104.9 1805.0   90.2  105.9  127.9   96.0  107.3  138.3  143.6
   4.133  105.3 1920.0   90.2  106.5  128.4   96.1  107.8  139.0  144.1
   4.167  105.9 2085.0   90.9  107.2  128.9   96.6  108.9  139.8  144.8
   4.200  106.5 2210.0   91.6  107.7  129.1   97.7  108.9  139.9  145.5
   4.233  106.9 2315.0   91.6  108.4  129.5   97.8  109.6  140.6  146.0
   4.267  107.2 2369.0   92.0  108.5  129.6   98.2  109.9  140.7  146.0
   4.300  107.4 2425.0   92.0  108.6  129.9   98.6  110.2  140.7  146.0
   4.333  101.7 1943.0   83.2   99.8  122.3   90.6  100.8  133.9  138.7
   4.367  101.8 2015.0   83.5  100.1  123.0   90.8  101.7  134.4  139.0
   4.400  102.0 2074.0   83.5  100.1  123.1   91.2  102.4  134.4  139.4
   4.433  102.2 2080.0   83.6  100.2  123.5   91.0  102.1  134.4  139.3
   4.467  102.6 2285.0   83.8  100.8  123.6   91.3  102.5  134.8  139.3
   4.500  102.8 2277.0   84.0  101.0  123.9   91.9  103.1  135.0  139.8
   4.533  102.9 2305.0   84.5  101.5  124.5   92.3  103.5  135.0  140.0
   4.567  102.9 2319.0   84.6  101.6  124.5   92.0  103.4  135.0  140.0
   4.600  103.1 2339.0   84.8  101.6  124.5   92.0  103.5  135.1  140.5
   4.633  103.2 2358.0   84.8  101.5  124.5   92.0  103.4  135.3  140.4
   4.667  103.5 2453.0   85.0  101.6  124.5   92.2  103.7  135.9  140.7
   4.700  103.7 2513.0   85.8  102.3  124.8   92.4  104.6  136.4  141.2
   4.733  104.1 2618.0   85.8  102.3  125.2   92.8  104.8  136.7  141.5
   4.767  104.7 2806.0   86.4  102.7  125.6   93.6  105.0  137.1  142.3
   4.800  105.0 2867.0   86.6  103.7  126.0   93.9  105.6  137.8  142.4
   4.833   97.7 2183.0   76.0   93.4  116.4   84.3   95.6  128.7  133.7
   4.867   98.0 2257.0   76.8   93.8  117.0   84.4   96.1  129.5  134.1
   4.900   98.2 2273.0   76.8   93.9  117.0   84.5   96.1  129.5  134.3
   4.933   98.1 2231.0   76.8   93.9  117.1   84.5   96.1  129.2  134.4
   4.967   98.0 2177.0   76.8   93.8  116.9   84.1   95.9  129.0  134.0
   5.000   97.4 2216.0   76.6   93.5  116.5   83.7   95.8  129.3  134.1
   5.033   97.2 2156.0   76.4   93.4  116.6   83.6   95.2  128.5  133.6
   5.067   97.0 2134.0   76.3   93.2  116.2   82.9   95.0  128.4  133.0
   5.100   97.0 2102.0   76.2   93.2  116.2   82.9   95.0  128.3  133.0
   5.133   96.9 2090.0   76.3   93.2  115.9   82.9   95.2  128.2  133.0
   5.167   96.9 2039.0   76.3   93.2  116.0   82.9   95.4  128.0  133.0
   5.200   96.9 2059.0   76.3   93.2  116.1   82.9   95.3  128.0  132.8
   5.233   96.9 2038.0   76.3   93.2  116.1   83.4   95.4  128.1  132.8
   5.267   97.1 2049.0   76.3   93.2  116.2   83.9   95.6  128.3  132.9
   5.300   97.2 2145.0   76.4   93.3  116.7   84.4   95.6  128.4  132.9
   5.333   97.5 2206.0   76.8   93.8  117.1   84.4   95.9  129.1  133.6
   5.367   98.0 2284.0   76.9   94.0  117.3   84.3   96.0  129.7  133.6
   5.400   98.6 2443.0   77.3   94.6  118.4   85.5   96.7  130.2  134.4
   5.433   99.3 2620.0   78.5   95.3  119.1   86.2   96.7  130.7  135.3
   5.467  100.0 2863.0   79.2   95.9  120.1   87.3   98.0  132.0  136.1
   5.500  101.0 3099.0   79.8   96.6  121.2   87.7   98.7  132.9  136.7
   5.533  101.9 3268.0   80.3   97.2  122.5   88.8   99.6  134.0  137.5
   5.567  103.1 3615.0   81.3   98.1  124.3   89.6  101.3  135.0  138.6
   5.600  104.0 3802.0   82.8   99.3  125.3   91.0  101.9  135.9  139.5
   5.633   98.0 3266.0   72.9   91.2  116.5   81.1   93.2  127.9  131.4
   5.667   98.8 3402.0   74.0   92.2  117.5   82.2   94.7  128.8  132.7
   5.700  100.3 3725.0   75.8   93.8  119.7   84.4   96.1  131.2  134.5
   5.733  101.1 3826.0   77.2   94.7  120.7   85.1   96.9  132.3  135.4
   5.767  101.6 3993.0   77.2   95.1  121.6   86.0   97.7  133.0  135.9
   5.800  102.6 4366.0   78.2   96.3  122.1   86.6   98.9  133.8  137.0
   5.833  103.5 4727.0   78.6   96.9  123.0   88.0   99.1  134.7  137.5
   5.867  104.2 4924.0   79.6   97.4  124.0   88.8  100.3  135.5  137.8
   5.900   97.6 3998.0   69.8   88.3  115.0   78.8   91.3  127.2  129.5
   5.933   98.3 4138.0   70.0   89.3  115.9   80.2   92.5  128.2  130.4
   5.967   99.5 4525.0   71.9   90.7  117.5   81.0   94.3  129.4  132.3
   6.000  102.0 5287.0   74.7   92.7  121.1   83.5   96.2  132.0  134.3
   6.033  104.8 6111.0   77.4   95.1  124.1   86.3   98.5  135.0  136.9
   6.067  107.4 6932.0   79.7   97.6  127.4   89.4  101.6  138.3  139.7
   6.100  108.4 7232.0   81.7   98.9  128.1   90.8  103.3  139.6  140.7
   6.133  110.3 7873.0   82.9  100.6  130.3   91.8  104.6  140.9  142.0
   6.167   95.9 5134.0   64.0   82.4  111.7   73.0   86.0  123.9  125.1
   6.200   97.6 5598.0   65.1   84.5  114.8   75.4   88.3  126.3  127.3
   6.233  101.4 6519.0   69.7   88.2  120.5   79.7   92.1  130.9  130.5
   6.267  104.6 7468.0   73.7   92.0  123.9   83.2   96.0  134.8  133.9
   6.300  106.2 7905.0   75.6   93.9  126.2   85.5   98.3  136.5  135.7
   6.333  108.6 8870.0   77.7   96.0  128.7   87.5  100.4  138.9  137.9
   6.367  110.5 9535.0   81.3   98.5  130.4   91.0  104.6  141.6  140.4
   6.400  111.2 9833.0   81.6   99.0  131.2   92.0  105.6  141.9  141.0
   6.433   87.8 4904.0   53.3   69.2  100.2   61.2   74.2  112.5  111.8
   6.467   88.9 5130.0   53.8   70.5  101.9   62.5   75.1  114.5  113.2
   6.500   91.4 5591.0   56.6   74.2  105.5   65.4   78.3  118.2  117.0
   6.533   94.4 6287.0   60.0   76.8  110.0   68.5   81.9  121.4  119.8
   6.567   97.1 6915.0   63.6   80.3  113.9   71.7   85.7  124.9  123.2
   6.600   98.4 7228.0   65.5   81.9  115.6   73.4   88.0  127.0  125.2
   6.633   99.7 7566.0   66.7   83.6  117.6   75.4   89.3  128.8  126.5
   6.667   99.7 7516.0   67.2   83.6  117.2   75.5   89.8  128.9  126.8
   6.700   83.6 4792.0   48.9   63.3   94.3   54.6   67.2  106.2  103.4
   6.733   84.2 4955.0   49.2   63.8   95.3   54.8   68.1  107.6  104.5
   6.767   85.5 5175.0   50.2   65.3   96.9   56.8   69.6  109.1  106.0
   6.800   87.2 5501.0   52.5   67.6   99.8   59.3   71.9  112.5  109.1
   6.833   87.3 5491.0   52.8   67.6   99.6   59.5   72.4  112.5  109.1
   6.867   87.0 5424.0   52.5   67.1   99.2   59.7   72.4  111.3  108.1
   6.900   88.4 5769.0   53.0   68.6  101.5   59.9   73.3  112.8  109.5
   6.933   90.1 6140.0   54.6   70.5  103.6   62.0   75.1  115.7  112.0
   6.967   85.2 5344.0   50.2   63.1   95.8   55.3   68.2  107.1  103.9
   7.000   85.7 5451.0   51.2   64.0   96.8   56.0   69.1  108.8  105.3
   7.033   85.9 5487.0   51.4   64.7   97.6   56.0   69.3  109.3  105.3
   7.067   85.5 5329.0   51.4   63.9   96.9   56.0   69.0  108.6  104.7
   7.100   84.1 5033.0   50.4   61.8   94.6   54.3   67.4  106.5  102.6
   7.133   83.8 5019.0   50.0   61.6   93.7   53.7   66.1  105.5  101.9
   7.167   83.4 4962.0   49.1   60.5   92.9   53.1   65.5  104.9  100.7
   7.200   83.0 4849.0   49.0   60.4   92.1   53.1   65.6  103.9  100.1
   7.233   74.0 3658.0   41.0   50.9   80.6   45.9   55.1   91.9   88.4
   7.267   73.7 3614.0   40.4   50.6   80.4   45.3   54.3   90.9   87.4
   7.300   73.1 3462.0   40.5   50.3   79.6   44.5   54.1   90.7   86.8
   7.333   71.3 3224.0   38.6   48.1   76.5   43.8   52.3   88.2   84.6
   7.367   69.2 2994.0   37.1   46.5   73.4   41.3   50.1   85.0   81.5
   7.400   67.5 2766.0   35.8   44.5   70.6   39.3   48.5   82.2   79.1
   7.433   65.9 2550.0   34.7   43.6   68.4   37.7   46.8   79.9   77.1
   7.467   64.9 2502.0   34.1   41.6   67.0   36.7   44.9   78.1   74.8
   7.500   62.9 2258.0   33.2   40.6   63.7   35.8   43.6   74.6   72.3
   7.533   61.3 2099.0   32.2   39.2   61.9   34.7   42.6   72.5   69.7
   7.567   58.2 1854.0   29.9   37.0   58.2   32.9   39.1   67.8   65.7
   7.600   54.0 1518.0   27.5   34.7   52.0   31.0   37.1   62.3   60.4
   7.633   49.9 1246.0   24.8   31.2   46.6   28.0   33.9   55.3   54.3
   7.667   46.5 1023.0   22.9   29.1   43.4   24.9   30.5   49.7   50.0
   7.700   43.4  834.0   21.4   27.4   40.5   23.4   29.0   46.5   46.9
   7.733   40.4  668.0   19.9   25.2   36.3   21.2   25.9   41.7   43.3
   7.767   47.6  816.0   24.8   31.9   45.7   28.7   32.8   54.2   54.1
   7.800   46.5  720.0   23.8   31.0   44.8   28.1   32.2   52.1   52.5
   7.833   45.2  653.0   23.6   30.7   43.1   26.9   31.3   50.2   50.9
   7.867   43.9  571.0   22.6   30.2   42.1   26.4   30.6   48.4   49.7
   7.900   42.5  514.0   22.3   29.8   40.4   25.5   29.3   46.5   47.7
   7.933   41.7  477.0   21.7   29.3   39.4   24.0   28.8   45.3   46.4
   7.967   41.3  473.0   21.4   28.2   38.8   23.9   28.7   44.4   45.7
   8.000   58.1  803.0   34.0   42.8   61.0   37.4   44.5   69.8   72.2
   8.033   58.1  766.0   34.0   43.3   61.2   37.6   44.5   69.8   72.9
   8.067   57.9  759.0   33.7   43.6   60.8   37.6   44.2   69.3   71.8
   8.100   57.8  687.0   33.7   43.7   61.0   37.5   44.1   69.4   71.9
   8.133   57.1  668.0   33.8   42.8   60.4   37.1   43.4   67.7   70.7
   8.167   57.3  716.0   33.9   42.8   60.5   37.1   43.1   68.7   71.0
   8.200   57.9  744.0   34.1   43.6   61.8   37.4   43.1   69.2   71.8
   8.233   59.4  837.0   34.2   44.8   65.4   38.4   45.1   72.1   74.8
   8.267   73.4 1349.0   48.2   61.8   86.3   53.0   62.6   93.1   95.5
   8.300   72.1 1167.0   47.0   59.5   84.5   51.9   60.2   90.8   93.6
   8.333   71.5 1065.0   46.7   59.5   84.4   51.3   60.1   90.3   93.6
   8.367   69.9  961.0   45.0   57.2   81.1   49.5   58.1   87.3   90.9
   8.400   69.1  872.0   43.8   57.1   80.8   48.8   57.5   86.5   90.6
   8.433   68.5  826.0   43.8   56.2   79.9   48.6   57.1   86.2   89.1
   8.467   68.2  797.0   43.2   55.8   79.5   48.4   55.7   85.4   89.2
   8.500   67.3  702.0   42.6   55.2   78.5   48.1   55.3   85.0   88.1
   8.533   72.9  804.0   49.6   63.8   87.7   54.8   64.2   93.7   97.9
   8.567   71.9  639.0   49.0   63.2   85.2   54.1   63.0   92.4   96.8
   8.600   69.3  410.0   47.8   61.0   81.4   52.0   61.1   89.6   94.1
   8.633   68.4  370.0   46.6   59.5   80.0   50.6   59.7   87.5   93.2
   8.667   68.0  338.0   46.2   59.2   79.5   50.5   59.3   87.1   93.1
   8.700   66.8  291.0   45.7   57.9   77.7   49.7   58.6   86.0   91.8
   8.733   65.9  252.0   45.1   57.1   75.9   48.7   57.1   84.8   90.6
   8.767   64.7  208.0   43.9   56.2   74.6   48.2   56.3   83.5   89.8
   8.800   77.6  265.0   58.7   74.4   92.7   63.7   73.7  103.4  110.9
   8.833   77.6  248.0   58.7   74.6   92.6   64.3   73.5  103.6  110.6
   8.867   77.4  224.0   58.7   74.6   92.2   64.3   73.5  103.8  110.5
   8.900   77.2  216.0   58.5   74.3   92.2   64.2   73.2  103.5  110.4
   8.933   77.1  208.0   58.5   74.1   92.2   63.3   73.2  103.4  110.3
   8.967   76.9  201.0   57.9   73.5   91.6   63.3   73.0  102.9  109.7
   9.000   76.6  198.0   57.9   73.0   91.7   63.0   73.3  101.8  108.6
   9.033   76.5  190.0   58.0   73.0   91.4   63.0   73.3  101.8  108.6
   9.067   91.8  261.0   77.7   93.7  113.1   83.0   93.6  123.7  129.8
   9.100   91.9  252.0   77.6   93.5  113.2   83.1   93.9  123.7  130.2
   9.133   91.9  239.0   77.3   93.3  113.2   83.1   93.4  123.6  130.2
   9.167   91.9  237.0   77.3   93.3  113.2   83.0   93.3  123.7  130.2
   9.200   91.8  219.0   77.3   93.0  112.9   83.0   93.3  124.0  130.2
   9.233   91.8  220.0   77.3   93.0  113.0   83.0   93.2  123.7  130.2
   9.267   91.8  207.0   77.3   93.1  113.0   83.1   93.4  123.8  130.2
   9.300   91.7  201.0   77.4   92.9  113.1   83.3   93.6  123.8  130.2
   9.333   91.7  203.0   77.8   92.9  113.1   83.2   93.8  123.9  130.1
   9.367   91.6  201.0   77.4   93.1  113.1   83.3   93.8  123.9  130.2
   9.400   91.6  197.0   77.2   93.1  113.3   83.4   93.3  123.7  129.9
   9.433   91.5  192.0   77.1   92.8  113.2   82.8   93.3  124.0  130.0
   9.467   91.5  194.0   76.9   92.8  113.2   82.8   93.3  123.8  129.8
   9.500   91.4  185.0   76.7   93.4  112.8   82.7   93.3  124.0  129.8
   9.533   91.4  187.0   76.7   93.2  112.9   82.8   93.6  124.0  129.9
   9.567   91.4  182.0   76.7   93.2  112.8   82.8   93.5  124.0  129.8
   9.600   91.3  170.0   76.3   92.9  112.6   82.7   93.0  123.5  129.4
   9.633   91.3  166.0   76.3   92.9  112.5   82.7   93.2  123.4  129.4
   9.667   91.2  159.0   76.3   92.8  112.5   82.5   93.2  123.6  129.4
   9.700   91.2  157.0   76.3   92.8  112.5   82.5   92.9  123.6  129.5
   9.733   91.2  156.0   76.3   92.8  112.5   82.4   92.6  123.6  129.5
   9.767   91.2  154.0   76.3   92.8  112.5   82.4   92.9  123.6  129.5
   9.800   91.2  151.0   76.3   92.8  112.5   82.4   92.9  123.6  129.4
   9.833   97.2  175.0   84.7  100.4  121.2   91.0  101.3  130.9  137.2
   9.867   97.3  177.0   84.7  100.6  121.3   91.1  100.8  131.0  137.3
   9.900   97.4  177.0   85.0  100.6  121.3   91.2  100.8  131.0  137.2
   9.933   97.5  175.0   85.0  100.6  121.3   91.4  100.8  131.0  137.3
   9.967   97.5  174.0   84.9  100.6  121.3   91.4  100.8  131.2  137.3
  10.000   97.5  166.0   84.9  100.6  121.3   91.4  101.0  131.3  137.3
  10.033   97.5  168.0   85.0  100.6  121.3   91.3  101.0  131.5  137.3
  10.067   97.6  166.0   85.0  100.9  121.5   91.3  101.0  131.4  137.3
  10.100   97.6  161.0   85.0  101.0  121.4   91.3  101.3  131.4  137.3
  10.133   97.6  162.0   84.9  101.0  121.5   91.3  101.3  131.5  137.3
  10.167   97.6  159.0   84.9  100.9  121.5   91.2  101.3  131.4  137.3
  10.200   97.6  158.0   84.9  100.8  121.5   91.2  101.2  131.4  137.3
  10.233   97.6  154.0   84.9  101.1  121.5   91.2  101.2  131.3  137.2
  10.267   97.6  152.0   85.0  101.1  121.5   91.3  101.2  131.3  137.2
  10.300   97.6  155.0   84.8  101.1  121.7   91.3  101.2  131.2  137.2
  10.333   97.6  150.0   84.8  101.1  121.7   91.0  101.2  131.2  137.2
  10.367   97.6  147.0   84.9  101.1  121.7   91.1  101.2  131.1  137.2
  10.400   97.6  146.0   84.9  101.0  121.7   91.2  101.1  131.2  137.2
  10.433   97.6  147.0   84.9  101.0  121.7   91.2  101.1  131.2  137.2
  10.467   97.6  148.0   84.9  100.7  121.7   91.2  101.1  131.2  137.2
  10.500   97.6  150.0   84.8  100.8  121.7   91.2  101.2  131.2  137.2
  10.533   97.6  150.0   84.8  100.8  121.7   91.2  101.2  131.3  137.2
  10.567   97.6  149.0   84.8  100.9  121.6   91.2  101.1  131.3  137.2
  10.600   97.6  149.0   84.8  100.9  121.5   91.3  101.1  131.3  137.2
  10.633   97.6  152.0   84.8  100.9  121.5   91.1  101.1  131.3  137.2
  10.667   97.6  148.0   84.8  100.9  121.4   91.1  101.1  131.3  137.2
  10.700   97.6  149.0   85.0  100.9  121.4   91.1  101.1  131.4  137.2
  10.733   97.6  141.0   85.0  100.9  121.4   91.1  101.1  131.5  137.2
  10.767   97.6  141.0   84.9  100.9  121.4   91.4  101.1  131.5  137.3
  10.800   97.7  140.0   85.2  100.9  121.4   91.4  101.1  131.4  137.3
  10.833   97.7  140.0   85.2  100.9  121.4   91.3  101.1  131.4  137.3
  10.867   97.6  141.0   85.2  100.9  121.4   91.2  101.1  131.4  137.3
  10.900   97.7  140.0   85.2  100.9  121.4   91.3  101.2  131.4  137.3
  10.933   97.7  138.0   85.2  100.9  121.4   91.3  101.2  131.4  137.3
  10.967   97.7  138.0   85.2  100.9  121.4   91.3  101.2  131.4  137.3
  11.000   97.7  133.0   84.7  101.2  121.4   90.9  101.5  131.5  137.4
  11.033   97.8  133.0   84.8  101.2  121.4   91.0  101.2  131.5  137.5
  11.067   97.8  133.0   84.8  101.2  121.4   91.3  101.3  131.5  137.6
  11.100   97.8  131.0   84.8  101.2  121.4   91.3  101.7  131.5  137.3
  11.133   97.8  131.0   84.8  101.2  121.4   91.1  101.7  131.6  137.3
  11.167   97.8  130.0   84.9  101.1  121.6   91.1  101.8  131.6  137.5
  11.200   97.8  131.0   84.9  101.2  121.5   91.2  101.9  131.6  137.5
  11.233   97.8  129.0   84.9  101.1  121.5   91.4  101.6  131.8  137.7
  11.267   97.8  128.0   84.9  101.1  121.5   91.4  101.6  131.8  137.7
  11.300   97.8  129.0   84.9  101.1  121.5   91.4  101.6  131.7  137.6
  11.333   97.8  129.0   84.9  101.1  121.5   91.4  101.6  131.7  137.6
  11.367   97.8  129.0   85.1  101.1  121.5   91.4  101.6  131.6  137.6
  11.400   97.8  129.0   85.1  101.1  121.5   91.3  101.6  131.6  137.6
  11.433   97.8  129.0   85.1  101.2  121.5   91.4  101.6  131.6  137.8
  11.467   97.8  130.0   85.0  101.1  121.5   91.6  101.8  131.7  137.8
  11.500   97.8  128.0   85.0  101.1  121.5   91.6  101.7  131.8  137.7
  11.533   97.8  127.0   84.9  101.1  121.5   91.5  101.5  131.8  137.6
  11.567   97.8  126.0   85.4  101.3  121.5   91.3  101.5  132.0  137.9
  11.600   97.8  126.0   85.2  101.4  121.5   91.4  101.6  131.9  137.7
  11.633   97.8  126.0   85.2  101.4  121.5   91.7  102.0  131.7  137.7
  11.667   97.8  125.0   85.2  101.4  121.6   91.6  101.9  131.7  137.7
  11.700   97.8  125.0   85.0  101.4  121.5   91.6  101.9  131.7  137.7
  11.733   97.8  120.0   85.0  101.4  121.5   91.6  101.9  131.7  137.7
  11.767   97.7  119.0   85.0  101.4  121.6   91.5  102.1  131.7  137.7
  11.800   97.7  120.0   85.1  101.4  121.5   91.4  102.0  131.7  137.7
  11.833   97.7  122.0   85.0  101.4  121.5   91.4  102.0  131.7  137.7
  11.867   97.7  122.0   85.3  101.4  121.5   91.5  101.7  131.7  137.5
  11.900   97.6  122.0   85.3  101.4  121.5   91.5  101.7  131.7  137.5
  11.933   97.6  121.0   85.4  101.3  121.5   91.5  101.7  131.7  137.6
  11.967   97.6  118.0   85.4  101.3  121.4   91.5  101.7  131.7  137.6
  12.000   97.6  117.0   85.5  101.3  121.4   91.6  101.8  131.7  137.4
  12.033   97.7  118.0   85.4  101.3  121.8   91.6  101.9  131.7  137.4
  12.067   97.7  118.0   85.4  101.3  121.6   91.6  101.9  131.7  137.4
  12.100   97.7  118.0   85.4  101.2  121.6   91.5  101.8  131.7  137.4
  12.133   97.7  119.0   85.4  101.2  121.6   91.4  101.8  131.7  137.5
  12.167   97.7  118.0   85.4  101.2  121.6   91.4  101.8  131.7  137.5
  12.200   97.7  117.0   85.2  101.2  121.6   91.4  101.8  131.7  137.6
  12.233   97.7  116.0   85.2  101.2  121.6   91.4  101.8  131.7  137.6
  12.267   97.7  117.0   85.2  101.2  121.6   91.5  101.8  131.7  137.6
  12.300   97.7  120.0   85.1  101.2  121.6   91.6  101.8  131.7  137.5
  12.333   97.7  119.0   85.2  101.2  121.5   91.6  101.8  131.7  137.5
  12.367   97.7  119.0   85.2  101.2  121.5   91.5  101.7  131.7  137.5
  12.400   97.7  121.0   85.2  101.4  121.5   91.2  102.1  131.7  137.5
  12.433   97.7  121.0   85.2  101.4  121.5   91.4  102.0  131.7  137.5
  12.467   97.7  121.0   85.2  101.4  121.5   91.4  102.0  131.7  137.5
  12.500   97.6  121.0   85.0  101.3  121.3   91.4  102.0  131.7  137.5
  12.533   97.6  118.0   85.0  101.4  121.3   91.4  102.0  131.7  137.5
  12.567   97.6  118.0   85.1  101.4  121.3   91.8  102.0  131.7  137.5
  12.600   97.6  113.0   85.2  101.4  121.4   91.8  101.3  131.7  137.5
  12.633   97.6  113.0   85.2  101.4  121.6   91.8  101.4  131.7  137.5
  12.667   97.6  115.0   85.3  101.4  121.6   91.9  101.5  131.7  137.5
  12.700   97.6  115.0   85.3  101.4  121.6   91.9  101.4  131.7  137.5
  12.733   97.6  115.0   85.3  101.4  121.7   91.9  101.3  131.7  137.5
  12.767   97.6  114.0   85.3  101.4  121.7   91.7  101.2  131.7  137.5
  12.800   97.6  114.0   85.3  101.4  121.7   91.6  101.2  131.7  137.5
  12.833   97.6  113.0   85.3  101.4  121.7   91.6  101.3  131.7  137.5
  12.867   97.6  114.0   85.3  101.5  121.7   91.6  101.3  131.7  137.7
  12.900   97.6  114.0   85.2  101.5  121.8   91.6  101.3  131.7  137.8
  12.933   97.6  114.0   85.2  101.5  121.8   91.6  101.3  131.8  137.8
  12.967   97.6  114.0   85.2  101.5  121.8   91.6  101.4  131.8  137.8
  13.000   97.5  106.0   85.2  101.7  121.4   91.4  101.4  131.6  137.5
  13.033   97.6  105.0   85.2  101.6  121.7   91.4  101.4  131.8  137.5
  13.067   97.6  106.0   85.2  101.6  121.7   91.4  101.3  131.8  137.6
  13.100   97.6  108.0   85.2  101.6  121.7   91.4  101.3  131.8  137.6
  13.133   97.6  108.0   85.2  101.4  121.7   91.4  101.3  131.8  137.7
  13.167   97.6  107.0   85.4  101.4  121.7   91.4  101.3  131.8  137.7
  13.200   97.6  107.0   85.4  101.4  121.7   91.4  101.2  132.1  137.7
  13.233   97.6  106.0   85.4  101.4  121.6   91.6  101.2  132.0  137.7
  13.267   97.6  106.0   85.5  101.4  121.7   91.7  101.5  132.0  137.7
  13.300   97.6  108.0   85.5  101.4  121.7   91.7  101.5  131.9  137.7
  13.333   97.6  107.0   85.4  101.4  121.7   91.7  101.5  131.8  137.7
  13.367   97.6  107.0   85.3  101.4  121.7   91.7  101.5  131.8  137.7
  13.400   97.6  105.0   85.3  101.4  121.7   91.7  101.5  131.8  137.7
  13.433   97.6  105.0   85.2  101.4  121.7   91.7  101.5  132.0  137.7
  13.467   97.6  106.0   85.2  101.4  121.7   91.7  101.5  132.0  137.8
  13.500   97.6  106.0   85.4  101.7  121.7   91.7  101.6  132.0  137.7
  13.533   97.6  107.0   85.4  101.7  121.8   91.7  101.5  132.0  137.5
  13.567   97.6  107.0   85.3  101.7  121.8   91.7  101.5  132.0  137.5
  13.600   97.7  107.0   85.2  101.7  121.7   91.7  101.5  131.9  137.5
  13.633   97.7  105.0   85.4  102.0  121.7   91.7  101.5  131.9  137.5
  13.667   97.7  107.0   85.5  102.0  121.7   91.7  101.5  131.9  137.5
  13.700   97.7  107.0   85.3  102.0  121.8   91.7  101.5  131.9  137.6
  13.733   97.7  107.0   85.4  101.9  121.8   91.9  101.4  131.8  137.6
  13.767   97.7  108.0   85.4  101.7  121.8   92.0  101.4  131.8  137.6
  13.800   97.7  108.0   85.4  101.7  121.8   92.0  101.4  131.8  137.6
  13.833   97.7  108.0   85.6  101.7  121.8   91.8  101.4  131.8  137.6
  13.867   97.7  108.0   85.6  101.7  121.8   91.6  101.4  131.8  137.6
  13.900   97.7  108.0   85.4  101.7  121.8   91.6  101.8  132.0  137.5
  13.933   97.7  109.0   85.4  101.7  121.8   91.6  101.8  132.0  137.5
  13.967   97.7  109.0   85.4  101.7  121.9   91.6  101.8  132.0  137.5
  14.000   97.7  110.0   85.4  101.6  121.9   91.6  101.8  132.0  137.5
  14.033   97.7  107.0   85.5  101.7  121.6   91.6  101.7  132.0  137.5
  14.067   97.7  105.0   85.5  101.7  121.7   91.6  101.5  132.1  137.5
  14.100   97.7  106.0   85.5  101.7  121.7   91.7  101.7  131.9  137.5
  14.133   97.7  106.0   85.5  101.8  121.7   91.8  101.6  131.9  137.5
  14.167   97.7  106.0   85.5  101.8  121.7   91.8  101.5  131.9  137.5
  14.200   97.7  105.0   85.5  101.8  121.7   91.8  101.5  131.9  137.5
  14.233   97.7  106.0   85.3  102.0  121.9   91.8  101.5  132.0  137.5
  14.267   97.7  107.0   85.3  101.8  121.9   91.8  101.5  132.0  137.5
  14.300   97.7  108.0   85.3  101.5  121.9   91.8  101.5  132.0  137.5
  14.333   97.7  108.0   85.3  101.5  121.9   91.8  101.7  132.0  137.5
  14.367   97.7  108.0   85.4  101.5  121.9   91.8  101.2  132.0  137.4
  14.400   97.7  109.0   85.4  101.8  121.9   91.8  101.5  132.0  137.4
  14.433   97.7  112.0   85.9  101.8  121.9   91.8  101.6  132.0  137.5
  14.467   97.7  112.0   85.9  101.8  121.9   91.8  102.0  132.0  137.5
  14.500   97.7  112.0   85.8  101.8  121.9   91.7  102.0  132.0  137.7
  14.533   97.7  111.0   85.6  101.7  121.9   91.7  101.9  132.0  137.7
  14.567   97.8  112.0   85.6  101.9  121.9   91.9  101.9  132.0  137.7
  14.600   97.8  113.0   85.5  101.9  121.9   91.9  102.0  132.0  137.6
  14.633   97.7  111.0   85.5  101.9  121.9   91.9  102.0  132.0  137.8
  14.667   97.8  113.0   85.5  101.9  121.9   91.9  102.0  132.0  137.8
  14.700   97.7  114.0   85.5  101.9  121.9   91.9  101.8  131.9  137.8
  14.733   97.8  116.0   85.5  101.9  121.9   91.9  101.6  131.9  137.8
  14.767   97.8  120.0   85.5  101.9  121.9   91.9  101.7  131.8  137.8
  14.800   97.8  118.0   85.5  101.9  121.9   91.9  101.7  131.9  137.8
  14.833   97.8  117.0   85.5  101.9  121.9   91.8  101.5  132.0  137.8
  14.867   97.8  115.0   85.3  101.9  121.9   91.7  101.3  132.0  137.8
  14.900   97.8  113.0   85.3  101.9  121.9   91.7  101.4  132.0  137.9
  14.933   97.8  113.0   85.3  101.9  121.9   91.7  102.1  132.0  137.9
  14.967   97.8  113.0   85.4  101.9  121.9   91.7  101.8  132.0  137.8
