   0.000  122.9 22208.0  191.6  186.3  141.3  197.8   92.0  105.9   81.2   81.5   82.1
   0.100  123.0 22278.0  191.9  186.1  141.3  197.4   92.1  105.7   81.3   81.2   82.3
   0.200  123.0 22328.0  191.9  186.2  141.4  197.4   92.2  105.6   81.2   81.4   82.3
   0.300  123.0 22365.0  191.9  186.1  141.5  197.3   92.1  105.8   81.3   81.6   82.5
   0.400  123.0 22412.0  191.9  185.9  141.5  197.8   92.1  105.7   81.3   81.6   82.5
   0.500  123.0 22472.0  192.0  186.0  141.6  197.6   92.2  105.8   81.3   81.7   82.7
   0.600  123.0 22470.0  192.0  186.1  141.7  197.6   92.4  105.8   81.3   81.8   82.8
   0.700  123.0 22458.0  192.0  186.5  142.1  197.9   92.2  105.8   81.8   81.8   82.5
   0.800  123.0 22537.0  191.7  186.5  142.2  197.5   92.5  105.8   81.8   81.6   82.4
   0.900  123.0 22556.0  192.3  186.4  141.9  197.3   92.5  105.6   81.8   81.6   82.5
   1.000  123.0 22562.0  192.4  186.3  142.2  197.7   92.4  105.7   81.8   81.6   82.7
   1.100  123.0 22566.0  192.3  186.3  142.2  197.1   92.3  105.4   82.0   81.3   82.8
   1.200  123.0 22520.0  192.1  186.5  142.2  197.2   92.4  105.5   82.1   80.9   82.9
   1.300  123.0 22560.0  192.2  186.4  142.4  197.6   92.2  105.6   82.0   80.6   83.0
   1.400  123.0 22573.0  191.9  186.5  142.2  198.0   92.3  105.6   82.0   80.2   83.0
   1.500  123.0 22481.0  192.2  186.2  142.4  197.9   92.3  105.7   82.0   80.0   82.7
   1.600  123.0 22508.0  192.2  186.2  142.4  197.7   92.3  105.8   82.0   79.6   82.8
   1.700  123.0 22512.0  192.1  186.1  142.4  197.7   92.2  105.9   82.0   79.5   82.8
   1.800  122.9 22541.0  191.8  186.1  142.2  197.8   92.3  105.8   82.1   79.4   82.9
   1.900  122.9 22587.0  192.1  186.2  142.4  197.7   92.7  105.7   82.0   78.9   82.9
   2.000  122.9 22569.0  192.2  186.3  142.3  197.6   92.8  105.7   81.9   78.7   83.2
   2.100  122.9 22572.0  192.3  186.3  142.3  197.3   92.8  105.8   81.9   78.5   83.5
   2.200  122.9 22571.0  192.6  186.4  142.2  196.9   92.8  105.7   81.9   78.1   83.5
   2.300  122.9 22570.0  192.4  186.5  142.2  197.3   92.6  105.7   82.0   78.0   83.3
   2.400  122.9 22530.0  192.5  186.7  142.3  197.1   92.5  105.7   82.1   77.8   83.2
   2.500  122.9 22530.0  192.5  186.7  142.3  197.0   92.6  106.0   82.2   77.3   83.2
   2.600  122.9 22541.0  192.6  186.7  142.2  197.4   92.5  105.9   82.1   76.9   83.2
   2.700  122.9 22537.0  192.4  186.5  142.2  197.4   92.6  105.9   81.9   76.9   83.2
   2.800  122.9 22562.0  192.3  186.4  142.1  197.4   92.5  105.9   82.0   76.8   82.4
   2.900  123.0 22567.0  192.4  186.5  142.1  197.4   92.5  105.9   82.0   76.8   82.3
   3.000  123.0 22549.0  192.7  186.3  142.1  197.4   92.8  105.6   81.8   76.5   82.1
   3.100  123.0 22563.0  192.3  186.4  142.0  197.9   92.8  105.7   81.8   75.7   81.5
   3.200  123.0 22559.0  192.3  186.2  142.2  197.6   92.9  105.7   82.0   75.2   80.6
   3.300  123.5 22586.0  192.1  186.5  142.2  197.5   93.4  106.1   82.7   76.0   80.7
   3.400  123.7 22601.0  192.3  186.7  142.3  197.4   93.5  106.1   83.0   76.3   80.7
   3.500  123.8 22645.0  192.3  186.5  142.4  197.8   93.6  106.5   83.3   76.7   80.5
   3.600  123.9 22667.0  192.9  186.3  142.7  198.1   93.7  106.5   83.6   76.6   80.1
   3.700  123.9 22691.0  192.9  186.3  142.6  198.2   93.7  106.5   83.6   77.0   79.4
   3.800  123.6 22661.0  192.6  186.1  142.6  198.1   93.7  106.4   83.6   76.4   76.4
   3.900  123.5 22641.0  192.6  186.1  142.5  197.9   93.5  106.2   83.0   76.4   75.5
   4.000  123.4 22679.0  192.3  186.2  142.3  197.8   93.6  106.6   82.8   76.2   74.4
   4.100  123.4 22709.0  192.7  186.7  142.3  197.8   93.6  106.6   82.7   76.0   73.9
   4.200  123.4 22675.0  192.6  186.4  142.2  197.4   93.5  106.8   82.7   76.0   73.8
   4.300  123.2 22631.0  192.5  186.4  142.1  197.8   93.3  106.5   82.3   75.6   73.6
   4.400  123.2 22657.0  192.2  186.4  142.2  197.8   93.0  106.4   82.3   75.6   73.8
   4.500  123.2 22583.0  192.4  186.3  142.2  198.1   93.0  106.2   82.3   75.4   73.4
   4.600  123.1 22566.0  192.3  186.6  142.1  198.0   92.9  106.1   82.3   75.4   73.5
   4.700  123.2 22592.0  192.3  186.6  142.0  197.9   93.0  106.3   82.2   75.6   73.8
   4.800  123.1 22664.0  192.0  186.7  142.1  198.3   93.0  106.3   82.2   75.3   73.6
   4.900  123.2 22662.0  192.1  186.8  142.1  197.7   92.9  106.3   82.1   75.3   73.7
   5.000  123.0 22551.0  192.4  186.1  142.0  198.2   92.2  105.7   82.1   75.1   74.3
   5.100  123.4 22592.0  192.5  186.2  142.1  197.9   93.3  105.9   82.4   75.8   75.6
   5.200  123.6 22580.0  192.4  186.0  142.2  198.0   93.4  105.8   83.0   76.0   76.5
   5.300  123.7 22663.0  192.3  186.5  142.5  198.2   93.5  105.9   83.4   76.3   77.7
   5.400  123.8 22683.0  192.2  186.6  142.6  198.1   93.6  106.2   83.5   76.3   79.7
   5.500  124.0 22726.0  192.6  186.9  142.8  198.6   93.9  106.2   83.7   76.3   80.9
   5.600  124.0 22707.0  192.7  186.8  142.9  198.2   93.9  106.4   83.8   76.5   82.1
   5.700  124.1 22736.0  192.7  186.9  142.9  198.0   94.0  106.5   84.0   76.8   82.6
   5.800  124.1 22712.0  192.8  186.9  142.9  198.0   94.1  106.6   84.1   76.8   82.8
   5.900  124.1 22722.0  192.7  186.8  142.9  198.0   94.1  106.6   84.1   76.6   82.6
   6.000  124.1 22676.0  192.6  186.9  143.2  198.1   94.4  106.6   84.2   76.7   82.9
   6.100  124.2 22650.0  192.5  186.9  143.2  197.8   94.4  106.6   84.4   76.5   83.1
   6.200  124.2 22675.0  192.5  186.9  143.3  198.1   94.5  106.6   84.4   76.3   83.1
   6.300  123.7 22700.0  192.5  186.8  143.0  198.1   94.0  106.2   83.5   74.5   82.4
   6.400  123.6 22756.0  192.5  186.7  142.8  198.1   93.8  106.0   83.4   73.8   82.3
   6.500  123.6 22758.0  192.4  186.8  142.8  198.1   93.5  106.1   83.4   73.7   82.4
   6.600  123.5 22767.0  192.4  186.6  142.9  198.0   93.4  106.0   83.1   73.8   82.7
   6.700  123.3 22670.0  192.2  187.0  142.8  197.7   93.3  105.7   82.8   73.2   82.4
   6.800  123.3 22679.0  192.5  186.6  142.8  197.8   93.2  105.5   82.9   73.6   82.7
   6.900  123.3 22699.0  192.4  186.7  142.9  197.6   93.2  105.5   82.8   72.9   82.8
   7.000  123.2 22720.0  192.1  186.2  142.7  197.7   93.2  105.6   82.9   72.5   82.8
   7.100  123.3 22738.0  192.5  186.5  142.7  197.7   93.4  105.7   82.6   72.5   82.7
   7.200  123.3 22814.0  192.5  186.5  142.6  197.9   93.3  105.6   82.6   72.9   82.8
   7.300  123.3 22846.0  192.6  186.5  142.4  198.1   93.3  105.4   82.6   72.6   82.8
   7.400  123.3 22854.0  192.3  186.7  142.5  198.4   93.3  105.5   82.8   72.9   82.8
   7.500  123.4 22792.0  192.7  187.2  142.3  197.8   93.3  105.5   82.7   73.2   83.1
   7.600  123.4 22790.0  192.6  187.0  142.4  198.1   93.3  105.5   82.6   73.9   83.1
   7.700  123.4 22837.0  192.5  186.9  142.3  198.0   93.3  105.7   82.5   73.8   83.0
   7.800  123.4 22793.0  192.5  187.1  142.5  198.2   93.4  105.7   82.6   73.9   83.0
   7.900  123.4 22809.0  192.5  187.5  142.7  198.1   93.3  105.8   82.7   74.0   82.7
   8.000  123.5 22814.0  192.2  187.4  142.7  198.3   93.5  105.8   82.7   74.1   82.7
   8.100  123.5 22842.0  192.3  187.1  142.7  197.9   93.2  105.8   82.7   74.4   82.8
   8.200  123.5 22810.0  192.5  187.0  142.7  198.2   92.9  105.6   82.8   74.2   82.8
   8.300  123.5 22847.0  192.6  187.2  142.7  198.7   93.0  105.4   82.6   74.3   82.8
   8.400  123.5 22941.0  192.7  186.9  142.8  198.1   93.0  105.5   82.6   75.0   83.0
   8.500  123.6 22947.0  192.5  187.2  142.9  198.4   92.9  105.5   82.8   75.2   83.2
   8.600  123.6 22938.0  192.4  187.0  143.2  198.3   92.9  105.5   82.8   75.2   83.3
   8.700  123.6 22944.0  193.0  187.2  143.2  198.3   93.2  105.7   82.8   75.2   83.6
   8.800  123.6 22966.0  192.6  187.1  143.0  198.4   93.1  105.7   82.8   75.3   83.6
   8.900  123.7 22994.0  193.0  187.5  142.9  198.3   93.0  105.7   82.7   75.4   83.5
   9.000  123.7 22978.0  193.2  187.1  143.1  198.2   93.1  105.9   82.9   75.2   83.9
   9.100  123.8 22937.0  193.6  187.7  143.1  199.2   93.2  106.0   82.8   75.2   83.8
   9.200  123.8 22948.0  193.8  187.4  143.1  199.4   93.2  106.2   82.9   75.3   83.8
   9.300  123.8 22997.0  193.7  187.6  143.2  198.9   93.2  106.5   82.9   75.4   83.8
   9.400  123.8 23032.0  193.7  187.9  143.2  199.1   93.5  106.6   82.9   75.5   83.9
   9.500  121.9 22375.0  190.3  184.4  140.6  196.3   90.9  103.2   81.3   73.8   81.8
   9.600  121.5 22201.0  189.6  183.7  140.1  195.0   90.7  103.1   80.8   73.2   81.8
   9.700  121.3 22079.0  189.2  183.1  139.7  194.6   90.7  103.0   80.9   73.0   81.4
   9.800  121.2 22016.0  188.8  182.9  139.3  194.4   90.3  103.2   80.7   72.9   81.1
   9.900  121.1 21977.0  188.8  182.8  139.3  194.2   90.3  103.2   80.8   73.3   81.1
  10.000  120.7 21697.0  188.3  182.5  138.4  193.7   89.4  103.5   80.0   73.0   80.9
  10.100  120.8 21744.0  188.4  182.5  138.4  193.5   89.4  103.5   80.1   73.2   80.9
  10.200  120.9 21761.0  188.3  182.4  138.4  194.1   89.5  103.9   80.1   73.1   80.9
  10.300  121.0 21849.0  188.4  182.6  138.6  194.2   89.6  104.2   79.9   73.6   80.8
  10.400  121.1 21845.0  188.5  182.5  138.7  194.5   89.6  104.4   79.7   73.7   81.3
  10.500  121.2 21825.0  189.3  182.5  138.7  194.5   90.2  105.1   79.6   73.9   81.6
  10.600  121.3 21891.0  189.4  183.3  138.4  194.6   90.3  105.0   79.6   74.3   81.4
  10.700  121.4 21975.0  189.4  183.5  138.4  195.1   90.3  105.2   79.8   74.5   81.6
  10.800  121.6 22085.0  189.5  184.0  138.4  195.1   90.5  105.6   79.7   74.9   81.3
  10.900  121.8 22183.0  190.1  184.0  138.6  195.2   90.6  106.0   79.8   75.0   81.7
  11.000  122.1 22361.0  190.4  184.2  138.9  195.5   90.7  106.3   79.7   75.2   82.0
  11.100  122.4 22475.0  191.1  184.7  139.3  195.9   90.7  106.9   79.9   75.2   82.2
  11.200  122.8 22708.0  192.4  185.8  139.5  197.0   91.1  107.7   80.1   75.8   82.2
  11.300  123.1 22842.0  193.0  186.3  139.5  198.0   91.3  108.3   80.4   76.4   82.5
  11.400  122.1 22578.0  191.8  185.3  137.8  196.2   90.3  107.8   79.6   76.4   82.0
  11.500  121.7 22376.0  190.7  184.6  136.7  195.2   89.8  107.8   79.4   75.6   82.5
  11.600  121.7 22377.0  190.4  184.3  136.3  194.2   89.7  107.7   79.4   75.6   82.5
  11.700  121.8 22446.0  190.8  184.4  136.4  194.8   90.0  108.6   79.4   75.8   82.6
  11.800  122.2 22702.0  192.2  185.0  136.3  196.1   89.8  109.4   79.6   76.6   83.0
  11.900  122.5 22895.0  192.2  185.9  136.4  196.7   90.1  111.1   79.8   76.9   83.4
  12.000  122.6 22950.0  192.6  185.8  136.1  196.6   90.2  111.2   79.6   77.2   83.5
  12.100  122.1 22912.0  192.0  185.3  135.0  194.8   89.6  111.3   79.3   76.7   82.7
  12.200  121.9 22861.0  191.4  185.2  135.0  194.5   89.6  110.9   79.2   76.5   82.7
  12.300  122.0 22938.0  191.5  185.0  134.8  195.3   89.6  111.7   79.1   76.6   83.1
  12.400  122.3 23244.0  192.3  185.0  134.7  196.0   89.6  113.5   79.2   76.8   83.1
  12.500  122.9 23662.0  193.0  185.8  134.7  196.7   89.7  115.0   79.3   77.0   84.3
  12.600  123.7 24308.0  194.1  187.7  134.9  197.8   90.5  118.9   79.6   78.8   84.7
  12.700  122.5 23871.0  192.2  186.6  132.0  196.7   89.3  118.2   79.1   78.5   84.5
  12.800  122.3 23802.0  192.1  186.3  131.3  195.1   89.0  118.2   78.8   78.3   84.4
  12.900  123.2 24571.0  193.2  186.4  130.9  195.9   89.5  122.0   78.7   79.6   85.5
  13.000  124.6 25778.0  194.9  188.4  131.0  196.5   89.9  126.2   78.7   82.3   86.5
  13.100  124.8 26214.0  195.1  188.7  129.8  195.3   90.0  127.7   78.7   82.5   87.0
  13.200  125.8 27173.0  195.7  189.1  129.7  195.4   90.2  133.7   78.6   84.0   88.3
  13.300  125.8 27577.0  195.8  189.1  127.7  194.8   90.4  134.1   78.7   84.4   88.4
  13.400  125.0 27602.0  194.1  188.4  124.0  193.1   90.1  133.4   78.1   84.2   88.1
  13.500  128.1 29163.0  196.9  191.6  124.4  194.7   92.6  144.1   79.3   86.5   91.0
  13.600  127.5 29147.0  195.9  190.7  123.6  193.5   92.2  143.8   79.2   86.6   90.9
  13.700  128.1 29428.0  195.9  191.3  123.3  193.4   91.9  145.9   78.8   87.4   91.4
  13.800  126.7 28950.0  194.5  190.4  118.2  192.2   90.3  145.3   78.2   86.8   91.4
  13.900  125.7 27826.0  192.5  188.6  116.1  189.4   89.2  145.4   76.9   86.6   91.2
  14.000  126.8 27948.0  192.6  189.5  116.0  189.6   89.8  148.3   76.5   87.8   91.6
  14.100  126.5 27024.0  192.3  189.4  114.8  189.9   90.0  149.4   76.5   87.3   91.7
  14.200  123.1 24707.0  189.7  187.3  106.2  186.1   87.4  147.4   73.3   84.6   89.6
  14.300  125.4 25981.0  191.5  189.2  108.5  188.4   88.7  151.3   73.9   85.3   91.4
  14.400  126.0 26421.0  192.3  189.6  108.3  189.1   88.8  152.1   74.4   85.7   91.8
  14.500  124.0 25291.0  191.6  189.6  106.4  189.1   87.0  146.0   73.6   84.1   89.4
  14.600  122.6 24371.0  190.3  188.1  104.9  188.0   85.2  143.4   72.2   82.7   88.8
  14.700  122.4 24212.0  189.1  187.6  105.0  187.3   85.2  143.3   71.9   82.9   88.8
  14.800  123.8 24959.0  189.9  188.2  105.4  188.8   85.9  143.7   72.1   83.9   89.6
  14.900  127.0 26412.0  191.1  190.5  107.1  190.2   88.9  147.2   73.6   87.2   91.4
  15.000  138.7 34535.0  206.7  209.9  119.5  205.5  100.5  163.5   84.9   99.7  106.9
  15.100  147.3 38892.0  218.4  217.7  127.2  216.4  109.9  176.3   92.0  105.7  114.3
  15.200  153.2 41581.0  224.9  221.7  131.6  222.9  114.2  185.0   96.3  112.7  122.6
  15.300  156.2 43227.0  227.9  224.0  134.9  225.3  119.4  185.0  100.4  114.5  124.2
  15.400  156.2 43420.0  228.0  224.6  135.2  225.9  118.8  185.0  100.8  114.3  124.6
  15.500  164.2 46995.0  236.4  229.8  141.2  233.6  124.8  192.9  106.6  121.0  136.5
  15.600  165.6 47977.0  238.8  231.1  142.6  234.4  126.0  193.2  108.1  121.1  136.8
  15.700  167.5 49145.0  239.9  231.5  143.6  235.5  128.9  193.4  109.5  121.9  137.2
  15.800  168.1 49622.0  240.2  231.9  143.7  236.3  129.0  194.5  110.7  122.4  137.8
  15.900  198.2 97248.0  252.4  251.4  184.7  252.2  166.0  231.0  146.8  146.0  170.7
  16.000  170.0 52918.0  244.2  235.1  141.7  241.3  128.3  186.3  112.8  122.0  140.8
  16.100  157.7 46574.0  236.7  228.9  126.1  234.7  114.3  163.2  100.7  106.4  126.3
  16.200  158.0 46628.0  236.2  228.7  126.1  234.5  114.3  163.6  100.9  106.7  123.6
  16.300  165.3 50048.0  240.2  232.6  135.0  238.1  123.4  170.3  110.5  108.9  122.2
  16.400  166.6 50929.0  240.6  233.5  135.6  238.7  123.6  170.9  111.3  109.8  121.7
  16.500  174.5 58543.0  245.0  238.4  144.0  243.3  131.5  179.2  121.0  114.3  121.9
  16.600  175.5 59406.0  245.7  239.1  145.7  244.3  132.9  179.5  122.1  115.2  123.8
  16.700  173.6 57186.0  245.4  238.5  146.1  243.6  130.9  174.2  121.8  114.0  127.9
  16.800  164.2 50033.0  239.5  232.6  137.6  239.8  118.4  156.9  110.7  104.9  130.5
  16.900  154.3 45907.0  230.2  227.4  134.1  234.8  107.5  140.3  100.3   90.8  126.3
  17.000  144.7 42310.0  217.2  222.3  128.6  226.1   96.2  127.3   90.7   80.7  119.2
  17.100  124.9 31915.0  195.0  203.5  116.7  202.1   75.5   99.8   71.9   53.0   99.5
  17.200  111.6 21723.0  178.8  185.3  102.7  186.7   60.1   85.7   57.1   44.2   88.0
  17.300   84.2 2747.0  141.5  147.1   74.5  152.3   34.1   57.7   31.2   31.3   64.9
  17.400   79.0 1563.0  133.3  136.1   71.9  144.2   25.3   58.3   20.7   31.2   63.0
  17.500   76.1 1142.0  125.3  127.1   72.2  136.2   37.1   53.6   35.1   29.1   60.2
  17.600   77.7 1121.0  126.3  127.5   75.2  137.9   37.9   55.6   36.5   30.5   64.8
  17.700   80.1 1240.0  127.3  128.7   81.4  138.8   39.7   57.2   38.8   33.8   69.1
  17.800   86.4 2273.0  134.8  131.9   95.1  146.7   46.7   60.0   45.8   36.9   75.8
  17.900   88.6 5949.0  137.9  133.9  101.3  149.8   48.3   61.6   46.8   39.1   76.6
  18.000   71.3  857.0  112.1  108.5   88.6  124.2   33.7   45.6   33.1   26.8   61.8
  18.100   62.9  465.0  103.1   99.3   79.7  113.8   26.3   39.3   24.7   22.3   51.5
  18.200   49.2   38.0   80.5   77.9   62.2   87.3   16.2   28.6   13.4   15.6   40.8
  18.300   31.1    5.0   55.6   54.3   38.0   60.0    8.3   11.7    7.2    8.4   12.9
  18.400   25.1    3.0   46.4   48.0   25.3   49.8    7.6    6.6    6.3    6.5    6.9
  18.500   27.6    4.0   40.2   40.3   26.7   42.7   13.9   12.4   13.8   13.7   11.3
  18.600   29.0    4.0   41.4   40.5   27.5   44.3   14.1   14.5   13.7   14.0   12.3
  18.700   33.5    3.0   54.6   54.6   34.5   58.3   12.8   16.8   11.2   10.3   12.3
  18.800   36.8    7.0   58.9   57.9   38.4   62.4   14.3   22.6   12.2   10.3   13.1
  18.900   42.5  201.0   67.3   67.9   43.3   71.5   19.2   30.2   14.3   11.3   17.7
  19.000   53.4  568.0   86.5   85.8   60.3   90.2   26.6   37.4   18.8   14.1   24.9
  19.100   57.2 1444.0   90.1   88.2   62.3   93.9   31.3   40.7   22.1   15.8   26.8
  19.200   68.0 3071.0   99.8   99.3   71.4  103.6   44.9   54.3   38.3   33.9   39.2
  19.300   71.8 4576.0  104.4  103.2   75.2  108.4   48.3   57.0   41.2   36.9   42.3
  19.400   81.9 7965.0  119.7  118.9   88.2  124.6   56.6   67.0   49.1   44.5   50.3
  19.500   96.5 14487.0  142.0  139.8  104.5  147.0   69.5   78.1   62.3   57.2   62.6
  19.600  108.4 18021.0  162.3  159.7  118.5  167.3   80.2   90.9   72.6   66.6   74.7
  19.700  117.7 19195.0  178.5  175.2  130.8  183.1   89.6  101.3   80.4   75.0   82.1
  19.800  126.0 21229.0  191.6  187.3  142.0  196.5   98.2  109.6   87.6   82.6   90.1
  19.900  126.0 21684.0  193.1  187.7  142.5  197.6   97.0  109.6   87.4   82.5   89.7
  20.000  126.0 22324.0  193.2  188.0  143.4  198.2   96.1  108.8   86.3   80.5   89.7
  20.100  125.9 22320.0  193.3  188.0  143.4  198.4   95.9  108.7   86.3   80.5   89.7
  20.200  125.8 22281.0  192.7  187.9  143.1  197.9   95.9  108.8   86.2   80.4   89.7
  20.300  125.6 22127.0  191.9  187.4  143.2  196.8   95.8  108.7   85.9   80.3   89.4
  20.400  125.4 22108.0  191.6  186.8  143.1  196.9   95.2  108.5   85.8   79.8   88.8
  20.500  125.2 22019.0  191.2  186.3  142.2  196.5   95.2  108.5   85.7   80.0   88.5
  20.600  124.9 21934.0  190.7  185.9  141.8  196.3   95.3  107.9   85.6   79.7   88.5
  20.700  124.6 21874.0  190.6  185.9  141.7  195.8   95.3  107.9   85.3   79.1   87.9
  20.800  124.3 21815.0  189.8  185.4  140.9  195.0   95.0  107.6   85.1   79.1   87.4
  20.900  124.1 21759.0  189.7  185.1  140.5  194.4   94.6  107.6   85.0   78.8   86.9
  21.000  123.8 21587.0  189.0  184.6  140.6  193.7   94.3  107.2   84.7   78.7   87.0
  21.100  123.4 21418.0  188.0  183.0  140.0  193.4   93.7  106.8   84.0   78.3   87.2
  21.200  123.2 21397.0  187.5  182.8  139.5  192.9   93.3  106.6   84.1   78.4   87.2
  21.300  123.0 21368.0  187.8  182.7  139.4  192.7   93.3  106.2   84.2   78.4   87.1
  21.400  122.3 21328.0  187.6  182.0  138.8  192.6   92.1  105.4   82.8   77.0   84.5
  21.500  121.9 21311.0  187.3  182.0  138.8  192.2   91.9  104.4   82.1   75.8   84.7
  21.600  121.6 21250.0  186.7  181.6  138.6  191.7   91.4  103.9   81.8   75.7   84.2
  21.700  121.4 21191.0  186.3  181.1  138.3  191.2   91.2  103.9   81.5   75.3   84.0
  21.800  121.2 21154.0  186.0  179.8  138.1  190.8   91.2  103.9   81.3   75.0   83.5
  21.900  121.1 21071.0  186.1  179.0  138.0  190.2   91.0  103.7   81.1   75.1   83.5
  22.000  120.9 21054.0  185.6  177.4  138.0  190.3   90.7  103.5   81.0   74.9   83.1
  22.100  120.8 21021.0  185.4  177.9  137.8  190.7   90.5  103.5   81.1   74.8   83.1
  22.200  120.6 20973.0  185.4  177.7  137.5  190.5   90.3  103.2   80.9   74.5   83.1
  22.300  120.3 20893.0  184.8  178.2  137.0  190.3   90.0  102.6   80.5   74.3   82.7
  22.400  120.2 20874.0  184.3  179.5  136.8  189.8   89.8  102.7   80.4   74.1   82.5
  22.500  120.1 20868.0  184.6  179.4  136.7  189.4   90.0  102.7   80.2   74.9   82.5
  22.600  120.0 20889.0  184.7  179.5  136.5  189.5   89.9  102.6   80.2   74.6   82.5
  22.700  119.9 20890.0  184.7  179.4  136.4  188.8   89.6  102.5   80.2   74.6   82.4
  22.800  119.9 20882.0  184.7  179.2  136.4  186.6   89.7  102.5   80.1   74.6   82.4
  22.900  119.9 20871.0  184.3  179.3  136.1  185.9   89.7  102.5   79.9   74.7   82.4
  23.000  119.8 20883.0  184.4  179.7  136.0  186.8   89.6  102.7   79.9   74.7   82.5
  23.100  119.8 20852.0  184.4  179.6  136.0  187.4   89.7  102.7   80.0   74.6   82.5
  23.200  119.7 20825.0  184.2  179.7  136.0  188.3   89.5  102.7   80.0   74.4   82.5
  23.300  119.7 20755.0  183.9  179.2  136.0  188.4   89.5  102.7   80.1   74.3   82.4
  23.400  119.7 20717.0  183.8  179.0  135.9  188.9   89.5  102.7   80.1   74.3   82.3
  23.500  119.5 20647.0  183.4  178.5  135.4  188.2   89.4  102.2   79.8   74.5   82.3
  23.600  119.4 20645.0  183.1  178.4  135.1  188.1   89.1  102.2   79.8   74.4   82.2
  23.700  119.4 20640.0  182.8  178.0  135.1  188.0   89.0  102.3   79.8   74.5   82.0
  23.800  119.4 20654.0  183.2  178.2  134.9  187.9   89.0  102.3   79.7   74.5   82.1
  23.900  119.4 20634.0  183.3  177.9  134.9  187.7   89.0  102.1   79.8   74.5   81.7
  24.000  119.3 20615.0  183.4  178.2  134.7  187.8   88.9  101.9   79.8   74.5   81.1
  24.100  119.3 20641.0  183.2  178.3  134.7  188.1   88.9  102.0   79.9   74.4   80.7
  24.200  119.3 20645.0  183.3  178.6  134.7  188.2   89.1  102.0   79.9   74.3   80.6
  24.300  119.3 20634.0  183.2  178.4  134.8  188.6   89.0  101.6   79.8   74.2   80.6
  24.400  119.3 20634.0  183.0  178.3  134.8  188.7   89.1  101.4   79.9   73.9   80.6
  24.500  119.3 20653.0  183.2  178.2  134.5  188.9   89.0  101.5   79.8   74.0   80.5
  24.600  119.3 20635.0  183.1  178.2  134.4  189.1   89.0  101.7   79.7   74.0   80.1
  24.700  119.2 20536.0  183.2  178.2  134.4  189.0   88.9  100.6   79.4   74.0   79.9
  24.800  119.2 20554.0  183.1  178.5  134.6  189.2   89.0  100.5   79.6   73.8   79.8
  24.900  119.2 20574.0  182.8  178.3  134.6  188.9   89.0  100.8   79.6   73.7   79.6
  25.000  118.8 20455.0  182.2  177.6  135.0  188.9   88.7   98.6   79.5   73.6   79.1
  25.100  118.8 20447.0  182.0  177.6  134.9  188.8   88.9   97.4   79.5   73.6   79.2
  25.200  118.9 20443.0  182.1  177.5  134.8  188.6   88.9   95.9   79.5   73.6   79.2
  25.300  118.9 20450.0  182.2  177.5  134.8  188.1   89.0   93.3   79.5   73.6   79.2
  25.400  118.9 20495.0  182.2  177.8  134.7  188.5   89.0   92.8   79.4   73.6   79.3
  25.500  118.9 20476.0  182.6  177.9  134.7  188.7   88.9   91.8   79.6   73.9   79.6
  25.600  118.9 20481.0  182.7  178.0  134.6  188.7   88.8   91.1   79.6   73.9   79.6
  25.700  118.9 20487.0  182.5  178.1  134.8  188.8   88.8   92.0   79.6   73.9   79.7
  25.800  118.9 20456.0  182.8  177.9  134.7  188.9   88.6   92.6   79.6   74.0   80.1
  25.900  118.9 20486.0  183.1  178.0  134.7  188.7   88.6   92.3   79.7   73.9   80.3
  26.000  118.9 20526.0  182.7  178.2  134.5  188.5   88.7   94.3   79.6   73.6   80.8
  26.100  118.9 20533.0  182.9  177.8  134.3  188.1   88.9   95.6   79.5   73.6   81.0
  26.200  118.9 20529.0  182.5  177.7  134.3  188.0   89.0   97.3   79.6   73.3   81.0
  26.300  118.9 20538.0  182.6  177.6  134.3  188.0   89.1   98.7   79.5   73.4   81.0
  26.400  118.9 20532.0  182.4  177.5  134.3  188.1   89.1   99.5   79.5   73.4   81.1
  26.500  118.9 20522.0  182.4  177.4  134.3  188.2   89.2  100.9   79.6   73.3   81.1
  26.600  119.0 20561.0  182.5  177.6  134.4  188.4   89.2  102.9   79.6   73.1   81.2
  26.700  119.0 20570.0  182.8  177.6  134.2  188.3   89.2  103.4   79.7   73.0   81.3
  26.800  119.0 20549.0  182.8  177.6  134.4  188.3   89.0  104.4   79.6   73.2   81.3
  26.900  119.0 20556.0  182.4  177.7  134.5  188.4   89.0  106.4   79.6   73.0   81.4
  27.000  119.0 20550.0  182.9  177.8  134.5  188.5   89.2  107.1   79.8   72.5   81.4
  27.100  119.0 20523.0  182.5  177.7  134.6  188.6   89.0  106.0   79.9   72.7   81.4
  27.200  119.0 20499.0  182.4  177.6  134.8  188.6   88.8  108.1   79.9   73.0   81.3
  27.300  119.1 20540.0  182.6  177.3  134.7  188.6   88.8  109.4   80.0   73.1   81.4
  27.400  119.0 20561.0  182.8  177.1  134.7  188.5   88.8  110.0   79.9   73.0   81.4
  27.500  119.1 20597.0  182.9  177.3  134.7  188.3   88.7  108.8   79.9   72.8   81.5
  27.600  119.1 20595.0  183.1  177.3  134.7  188.4   88.8  106.8   80.1   73.3   81.4
  27.700  119.1 20626.0  182.9  177.3  134.7  188.3   88.9  105.2   80.0   72.9   81.5
  27.800  119.1 20607.0  182.9  177.7  134.5  188.3   89.0  102.9   80.0   72.6   81.5
  27.900  119.1 20632.0  183.2  177.7  134.5  188.1   89.0  101.0   80.0   72.4   81.5
  28.000  119.1 20623.0  183.0  178.0  134.5  188.5   89.1  100.3   80.0   72.6   81.5
  28.100  119.1 20635.0  183.1  178.0  134.6  188.5   88.9   99.8   79.9   72.8   81.3
  28.200  119.1 20612.0  183.1  177.9  134.6  188.3   88.9   98.6   79.8   72.8   81.4
  28.300  119.1 20577.0  182.8  177.9  134.6  188.5   88.7   98.5   79.8   73.2   81.4
  28.400  119.0 20569.0  182.7  177.9  134.5  188.2   89.2   98.7   79.8   73.4   81.2
  28.500  119.0 20521.0  182.6  177.3  134.5  188.2   89.1   98.7   79.8   73.1   81.3
  28.600  119.0 20544.0  182.6  177.8  134.4  188.3   89.1   99.1   79.9   73.1   81.3
  28.700  119.0 20545.0  182.7  177.7  134.4  188.3   89.3   99.9   80.0   73.2   81.4
  28.800  119.0 20557.0  182.5  177.7  134.5  188.1   89.3   99.6   80.1   73.0   81.6
  28.900  119.0 20588.0  182.8  177.8  134.5  188.1   89.3   98.3   80.0   73.2   81.6
  29.000  119.0 20615.0  182.6  178.0  134.5  188.2   89.4   98.7   80.0   73.7   81.6
  29.100  119.0 20589.0  182.6  178.1  134.4  188.5   89.4   98.3   79.9   73.7   81.6
  29.200  119.0 20570.0  182.6  178.1  134.4  188.5   89.3   98.5   79.9   73.8   81.6
  29.300  119.0 20571.0  182.7  178.0  134.3  188.5   89.4   98.8   79.9   73.6   81.6
  29.400  119.0 20573.0  182.7  177.9  134.3  188.6   89.4   99.1   80.0   73.2   81.6
  29.500  119.1 20555.0  182.7  177.8  134.3  188.7   89.4   99.5   80.1   73.1   81.6
  29.600  119.1 20553.0  182.9  177.5  134.4  188.2   89.3   99.7   80.1   73.1   81.7
  29.700  119.1 20528.0  182.9  177.5  134.4  188.6   89.3   99.8   80.1   73.1   81.7
  29.800  119.1 20514.0  183.0  177.6  134.4  188.9   89.3   99.6   80.1   73.1   81.6
  29.900  119.1 20518.0  183.0  177.6  134.4  188.9   89.4   99.6   80.1   73.1   81.7
  30.000  119.0 20364.0  182.3  177.7  134.9  188.5   88.9  100.2   80.1   73.3   82.0
  30.100  119.0 20375.0  181.9  177.7  134.9  188.3   88.9   99.6   80.1   73.2   82.0
  30.200  119.0 20433.0  182.0  178.0  134.8  188.3   89.0   97.9   80.0   73.3   82.0
  30.300  119.1 20461.0  182.1  177.9  134.7  188.2   89.0   96.1   80.0   73.1   82.0
  30.400  119.1 20482.0  182.4  177.7  134.6  188.2   89.0   93.9   80.0   73.2   82.2
  30.500  119.1 20508.0  182.7  177.8  134.6  188.6   89.0   91.8   80.1   73.2   82.1
  30.600  119.2 20532.0  182.5  178.0  134.5  188.9   88.8   90.8   80.0   73.2   82.2
  30.700  119.2 20517.0  182.4  178.1  134.4  188.7   88.8   90.7   80.1   73.8   82.4
  30.800  119.2 20532.0  182.8  178.2  134.3  188.9   88.8   91.2   80.1   73.8   82.4
  30.900  119.3 20547.0  182.7  178.7  134.4  189.0   88.7   92.3   80.1   73.6   82.3
  31.000  119.3 20524.0  182.7  178.8  134.4  188.4   88.7   94.0   80.2   73.8   82.3
  31.100  119.3 20580.0  182.6  178.6  134.3  188.4   88.8   95.6   80.2   73.7   82.2
  31.200  119.3 20589.0  182.3  178.5  134.4  188.5   88.8   96.9   80.1   73.9   82.2
  31.300  119.3 20597.0  182.9  178.3  134.4  188.4   89.1   98.2   80.1   74.1   82.2
  31.400  119.3 20569.0  182.7  178.2  134.6  188.4   89.2   99.2   80.2   74.1   82.2
  31.500  119.3 20558.0  182.7  178.6  134.5  188.7   89.2  100.0   80.1   74.0   82.2
  31.600  119.4 20593.0  182.9  178.4  134.6  188.6   89.1  100.0   80.2   73.8   82.3
  31.700  119.4 20592.0  183.0  178.4  134.6  188.8   89.2  100.2   80.2   73.8   82.2
  31.800  119.4 20554.0  183.0  178.4  134.6  188.5   89.2  100.6   80.2   73.9   82.5
  31.900  119.4 20585.0  182.9  178.4  134.6  188.6   89.5  100.6   80.3   74.0   82.3
  32.000  119.4 20630.0  182.7  178.3  134.7  188.8   89.3  100.8   80.2   74.1   82.2
  32.100  119.4 20625.0  182.8  178.4  134.7  189.1   89.3  100.8   80.2   74.1   82.3
  32.200  119.4 20598.0  182.6  178.4  134.7  188.4   89.4  100.9   80.4   73.6   82.3
  32.300  119.4 20608.0  182.8  178.5  134.8  188.3   89.4  101.0   80.3   73.8   82.3
  32.400  119.4 20612.0  183.1  178.4  134.9  188.3   89.5  101.0   80.3   74.0   82.2
  32.500  119.4 20607.0  183.1  178.5  134.9  188.6   89.5  101.5   80.3   73.1   82.2
  32.600  119.5 20662.0  183.1  178.2  134.9  188.9   89.6  101.8   80.2   72.5   82.2
  32.700  119.5 20636.0  183.1  178.2  135.0  188.8   89.6  101.8   80.3   71.8   82.3
  32.800  119.5 20640.0  183.0  178.3  134.9  189.0   89.6  102.0   80.3   71.7   82.2
  32.900  119.5 20631.0  183.5  178.2  134.9  189.1   89.6  102.3   80.3   72.1   82.2
  33.000  119.5 20605.0  183.3  178.3  134.7  189.2   89.5  102.5   80.4   72.1   82.2
  33.100  119.5 20633.0  183.6  178.4  134.6  189.4   89.5  102.5   80.2   72.0   82.1
  33.200  119.5 20682.0  183.5  178.4  134.7  189.1   89.5  102.3   80.2   72.5   82.3
  33.300  119.5 20693.0  183.4  178.1  134.8  189.3   89.5  102.2   80.2   73.1   82.7
  33.400  119.5 20706.0  183.5  178.4  134.9  189.3   89.5  102.4   80.2   73.3   82.8
  33.500  119.5 20702.0  183.1  178.2  134.8  189.2   89.5  102.7   80.3   73.6   82.8
  33.600  119.5 20703.0  183.2  178.1  134.9  189.1   89.5  102.7   80.3   74.3   82.8
  33.700  119.5 20702.0  182.8  178.0  134.9  188.7   89.6  103.0   80.5   74.3   82.7
  33.800  119.5 20704.0  183.1  178.0  134.9  188.8   89.6  103.8   80.5   74.2   82.7
  33.900  119.5 20724.0  183.3  178.2  134.9  189.0   89.6  105.1   80.5   74.2   82.7
  34.000  119.5 20723.0  183.3  178.5  135.0  188.8   89.6  107.0   80.5   74.2   82.9
  34.100  119.5 20727.0  183.2  178.7  135.0  188.8   89.5  107.5   80.4   74.2   82.9
  34.200  119.5 20735.0  183.2  178.5  135.0  189.0   89.5  106.8   80.4   74.2   82.9
  34.300  119.6 20743.0  183.6  178.5  135.0  189.2   89.5  106.0   80.4   74.2   82.9
