   0.000   42.2   24.0  131.7  141.0  115.7  113.4
   0.033   42.2   28.0  131.7  141.0  115.7  113.4
   0.067   42.2   28.0  131.7  141.0  115.7  113.4
   0.100   42.2   29.0  131.7  141.0  115.7  113.4
   0.133   42.2   30.0  131.7  141.0  115.7  113.3
   0.167   42.2   31.0  131.8  141.0  115.7  113.3
   0.200   42.2   28.0  131.9  141.0  115.7  113.3
   0.233   42.2   29.0  131.9  141.0  115.6  113.3
   0.267   42.2   32.0  131.9  140.9  115.6  113.3
   0.300   42.2   31.0  132.0  140.9  115.5  113.3
   0.333   42.2   34.0  132.0  140.9  115.5  113.2
   0.367   42.2   30.0  132.0  140.9  115.5  113.2
   0.400   42.2   32.0  132.0  140.8  115.5  113.2
   0.433   42.2   35.0  132.1  140.9  115.5  113.2
   0.467   42.2   33.0  131.9  140.9  115.5  113.2
   0.500   42.2   32.0  131.9  141.1  115.4  113.3
   0.533   42.1   35.0  132.1  141.0  115.5  113.3
   0.567   42.1   40.0  132.2  141.0  115.5  113.4
   0.600   42.1   34.0  132.2  141.1  115.4  113.4
   0.633   42.2   37.0  132.0  141.0  115.4  113.4
   0.667   42.2   36.0  132.0  140.9  115.5  113.4
   0.700   42.2   34.0  132.0  140.9  115.4  113.4
   0.733   42.2   39.0  132.0  140.9  115.4  113.4
   0.767   42.2   41.0  132.0  140.9  115.4  113.3
   0.800   42.2   39.0  132.1  141.0  115.5  113.3
   0.833   42.2   42.0  132.2  141.0  115.5  113.3
   0.867   42.2   42.0  132.1  141.0  115.5  113.3
   0.900   42.2   44.0  132.3  141.0  115.5  113.3
   0.933   42.2   47.0  132.3  141.0  115.5  113.2
   0.967   42.2   40.0  132.3  141.0  115.5  113.2
   1.000   42.2   47.0  132.0  141.1  115.5  113.4
   1.033   42.2   49.0  132.1  141.1  115.5  113.5
   1.067   42.2   50.0  132.2  141.1  115.5  113.5
   1.100   42.2   49.0  132.2  141.1  115.5  113.5
   1.133   42.2   52.0  132.3  141.1  115.5  113.5
   1.167   42.2   54.0  132.3  141.1  115.5  113.6
   1.200   42.2   53.0  132.3  141.1  115.5  113.6
   1.233   42.3   57.0  132.3  141.1  115.5  113.6
   1.267   42.3   55.0  132.4  141.1  115.4  113.5
   1.300   42.3   56.0  132.4  141.2  115.4  113.5
   1.333   42.3   57.0  132.4  141.2  115.4  113.5
   1.367   42.3   58.0  132.4  141.2  115.4  113.5
   1.400   42.3   62.0  132.5  141.2  115.5  113.5
   1.433   42.3   64.0  132.5  141.2  115.4  113.5
   1.467   42.3   62.0  132.5  141.2  115.4  113.5
   1.500   42.3   66.0  132.5  141.0  115.5  113.6
   1.533   42.3   70.0  132.4  140.9  115.5  113.6
   1.567   42.4   69.0  132.5  140.9  115.4  113.7
   1.600   42.4   64.0  132.5  140.9  115.4  113.6
   1.633   42.4   66.0  132.5  140.9  115.4  113.7
   1.667   42.4   67.0  132.6  140.9  115.4  113.7
   1.700   42.4   64.0  132.6  140.9  115.4  113.7
   1.733   42.4   70.0  132.6  141.1  115.4  113.7
   1.767   42.4   71.0  132.6  141.1  115.4  113.7
   1.800   42.4   74.0  132.7  141.1  115.4  113.7
   1.833   42.4   74.0  132.7  141.0  115.4  113.7
   1.867   42.4   73.0  132.7  141.0  115.4  113.7
   1.900   42.4   71.0  132.9  141.2  115.4  113.7
   1.933   42.4   74.0  133.1  141.2  115.4  113.7
   1.967   42.5   78.0  133.2  141.2  115.4  113.7
   2.000   42.4   79.0  132.5  141.2  115.4  114.0
   2.033   42.4   82.0  132.6  141.2  115.4  114.0
   2.067   42.4   83.0  132.6  141.2  115.4  114.0
   2.100   42.4   85.0  132.6  141.2  115.4  114.0
   2.133   42.4   85.0  132.6  141.2  115.5  113.9
   2.167   42.4   85.0  132.7  141.2  115.5  113.9
   2.200   42.4   86.0  132.8  141.2  115.4  113.9
   2.233   42.5   88.0  132.8  141.2  115.4  113.9
   2.267   42.5   93.0  132.8  141.2  115.4  113.9
   2.300   42.5   92.0  132.8  141.2  115.4  113.9
   2.333   42.5   88.0  132.9  141.3  115.4  113.9
   2.367   42.5   89.0  132.9  141.3  115.4  113.9
   2.400   42.5   92.0  132.9  141.1  115.4  113.9
   2.433   42.5   93.0  132.9  141.1  115.5  113.9
   2.467   42.6   93.0  132.9  141.1  115.5  113.9
   2.500   42.6   95.0  132.8  141.0  115.7  114.1
   2.533   42.6   92.0  132.8  141.0  115.7  114.1
   2.567   42.6   97.0  132.9  141.0  115.7  114.1
   2.600   42.6   97.0  132.8  141.0  115.7  114.0
   2.633   42.6   95.0  132.8  141.0  115.7  114.0
   2.667   42.6   88.0  132.8  141.0  115.7  114.0
   2.700   42.7   95.0  132.8  141.0  115.7  114.0
   2.733   42.7   96.0  132.8  141.0  115.7  114.0
   2.767   42.7   99.0  132.8  141.2  115.7  114.0
   2.800   42.7   97.0  132.9  141.2  115.8  113.8
   2.833   42.7  101.0  132.8  141.2  115.8  113.9
   2.867   42.7  100.0  132.7  141.2  115.8  113.9
   2.900   42.8  102.0  132.7  141.3  115.8  114.0
   2.933   42.8   96.0  132.7  141.3  115.8  114.0
   2.967   42.8  101.0  132.7  141.4  115.8  114.0
   3.000   42.8  104.0  132.9  141.3  116.0  113.8
   3.033   42.8  105.0  132.9  141.3  116.0  113.8
   3.067   42.8  109.0  132.9  141.3  116.0  113.8
   3.100   42.8  110.0  132.9  141.3  116.0  113.8
   3.133   42.8  112.0  132.9  141.3  116.0  113.8
   3.167   42.9  110.0  132.9  141.3  116.0  113.8
   3.200   42.9  115.0  132.8  141.3  116.0  113.8
   3.233   42.9  109.0  132.8  141.3  116.0  113.8
   3.267   42.9  112.0  132.8  141.3  116.0  113.8
   3.300   42.9  113.0  132.8  141.5  116.1  113.8
   3.333   43.0  116.0  132.8  141.5  116.0  113.8
   3.367   43.0  115.0  132.8  141.5  116.0  113.8
   3.400   43.0  116.0  132.8  141.5  116.1  113.8
   3.433   43.0  119.0  132.9  141.5  116.1  113.8
   3.467   43.0  124.0  132.9  141.5  116.1  114.0
   3.500   43.0  123.0  133.0  141.4  116.1  113.9
   3.533   43.1  125.0  133.0  141.4  116.1  113.9
   3.567   43.1  114.0  133.0  141.4  116.1  114.0
   3.600   43.1  128.0  133.0  141.4  115.9  114.0
   3.633   43.1  129.0  133.1  141.4  115.9  114.0
   3.667   43.1  130.0  133.1  141.4  115.9  114.0
   3.700   43.1  136.0  133.2  141.4  115.9  114.0
   3.733   43.2  138.0  133.2  141.4  115.9  114.0
   3.767   43.2  144.0  133.2  141.4  115.9  114.0
   3.800   43.2  137.0  133.2  141.6  115.9  114.1
   3.833   43.2  141.0  133.1  141.7  115.9  114.2
   3.867   43.3  145.0  133.2  141.7  115.9  114.2
   3.900   43.3  140.0  133.2  141.7  115.9  114.2
   3.933   43.3  142.0  133.2  141.7  116.0  114.2
   3.967   43.3  144.0  133.2  141.7  116.0  114.2
   4.000   43.4  149.0  133.0  142.3  117.2  114.8
   4.033   43.5  148.0  133.1  142.3  117.2  114.7
   4.067   43.5  151.0  133.2  142.2  117.2  114.7
   4.100   43.5  151.0  133.2  142.2  117.2  114.7
   4.133   43.5  154.0  133.2  142.2  117.2  114.7
   4.167   43.6  155.0  133.2  142.2  117.2  114.7
   4.200   43.6  157.0  133.2  142.2  117.2  114.7
   4.233   43.6  160.0  133.2  142.2  117.2  114.8
   4.267   43.6  161.0  133.2  142.3  117.2  114.8
   4.300   43.7  165.0  133.3  142.3  117.2  114.8
   4.333   43.7  167.0  133.3  142.3  117.2  114.8
   4.367   43.7  174.0  133.3  142.3  117.2  114.9
   4.400   43.8  174.0  133.4  142.3  117.2  114.9
   4.433   43.8  180.0  133.4  142.3  117.2  114.9
   4.467   43.8  182.0  133.4  142.3  117.2  114.9
   4.500   43.9  185.0  133.6  142.4  117.4  115.2
   4.533   44.0  189.0  133.6  142.4  117.4  115.2
   4.567   44.0  191.0  133.7  142.4  117.4  115.3
   4.600   44.0  194.0  133.9  142.5  117.4  115.2
   4.633   44.1  204.0  133.9  142.7  117.4  115.2
   4.667   44.1  209.0  133.9  142.6  117.4  115.4
   4.700   44.1  220.0  133.9  142.6  117.4  115.3
   4.733   44.2  211.0  133.9  142.6  117.4  115.4
   4.767   44.2  220.0  133.9  142.5  117.5  115.4
   4.800   44.3  215.0  133.9  142.5  117.4  115.4
   4.833   44.4  226.0  134.1  142.6  117.5  115.5
   4.867   44.4  229.0  134.1  142.6  117.5  115.6
   4.900   44.5  222.0  134.1  142.6  117.5  115.7
   4.933   44.5  232.0  134.1  142.6  117.5  115.8
   4.967   44.6  246.0  134.1  142.6  117.5  115.8
   5.000   44.7  243.0  134.4  142.8  118.3  116.2
   5.033   44.8  238.0  134.5  142.8  118.4  116.3
   5.067   44.8  246.0  134.5  143.2  118.5  116.4
   5.100   44.9  246.0  134.6  143.3  118.5  116.4
   5.133   44.9  253.0  134.7  143.2  118.6  116.9
   5.167   45.0  260.0  134.7  143.2  118.8  116.9
   5.200   45.0  258.0  134.7  143.2  118.8  116.9
   5.233   45.1  254.0  134.8  143.2  119.2  117.2
   5.267   45.2  261.0  134.9  143.3  119.7  117.3
   5.300   45.3  263.0  135.0  143.7  119.8  117.4
   5.333   45.4  265.0  135.0  143.7  120.1  117.5
   5.367   45.4  268.0  135.0  143.7  120.2  117.7
   5.400   45.4  263.0  135.0  143.5  120.2  117.8
   5.433   45.5  263.0  135.0  143.5  120.3  117.8
   5.467   45.6  259.0  135.0  143.5  120.6  118.1
   5.500   45.7  270.0  135.0  143.9  120.9  118.7
   5.533   45.8  266.0  135.2  144.0  120.9  118.8
   5.567   45.8  289.0  135.2  144.1  121.1  118.9
   5.600   45.9  281.0  135.2  144.3  121.5  119.0
   5.633   45.9  278.0  135.2  144.3  121.5  119.0
   5.667   45.9  282.0  135.2  144.3  121.6  119.0
   5.700   45.8  285.0  134.6  144.3  121.6  119.2
   5.733   45.8  282.0  134.2  144.3  121.5  119.2
   5.767   45.8  280.0  133.5  144.3  121.6  119.2
   5.800   45.7  278.0  133.5  143.9  121.7  119.2
   5.833   45.6  272.0  133.0  143.8  121.7  119.1
   5.867   45.6  279.0  132.9  143.8  121.8  119.1
   5.900   45.5  282.0  132.4  143.8  121.8  119.1
   5.933   45.4  281.0  132.1  143.8  121.8  119.1
   5.967   45.4  272.0  132.1  143.8  121.8  119.1
   6.000   44.8  222.0  130.5  141.1  121.7  118.1
   6.033   44.8  227.0  130.0  140.9  121.7  118.1
   6.067   44.8  245.0  130.0  140.9  121.7  118.1
   6.100   44.7  229.0  129.3  140.9  121.7  118.1
   6.133   44.7  233.0  129.3  140.9  121.7  118.1
   6.167   44.6  241.0  128.9  140.7  121.7  118.1
   6.200   44.6  222.0  128.9  140.7  121.7  118.1
   6.233   44.5  221.0  128.3  140.6  121.7  118.1
   6.267   44.5  245.0  128.3  140.6  121.7  118.1
   6.300   44.1  254.0  126.7  137.9  121.6  117.4
   6.333   44.0  258.0  126.7  137.8  121.5  117.4
   6.367   44.0  266.0  126.7  137.8  121.5  117.4
   6.400   43.9  222.0  126.6  137.8  121.5  117.4
   6.433   43.9  274.0  126.3  137.6  121.5  117.4
   6.467   43.9  294.0  126.2  137.6  121.5  117.4
   6.500   43.8  286.0  124.8  137.1  121.5  117.4
   6.533   43.9  299.0  124.9  137.1  121.6  117.4
   6.567   43.9  326.0  124.8  137.1  121.6  117.6
   6.600   44.0  334.0  124.7  136.9  121.6  117.6
   6.633   44.4  347.0  124.7  136.9  124.2  119.3
   6.667   44.4  360.0  124.7  136.9  124.2  119.4
   6.700   44.5  382.0  124.6  136.9  124.6  120.2
   6.733   44.6  391.0  124.1  136.8  124.8  121.2
   6.767   44.7  428.0  124.1  136.8  125.4  121.4
   6.800   44.7  421.0  123.1  135.0  125.7  121.8
   6.833   44.8  447.0  123.3  135.0  125.8  123.0
   6.867   44.9  452.0  123.3  134.9  125.9  123.0
   6.900   44.9  439.0  123.0  134.9  126.1  123.0
   6.933   45.2  480.0  123.3  134.9  126.3  125.4
   6.967   45.2  496.0  123.3  134.9  126.7  125.4
   7.000   45.3  504.0  122.8  134.3  128.9  126.4
   7.033   45.5  504.0  122.7  134.3  129.3  127.5
   7.067   45.7  531.0  122.8  134.3  129.9  127.7
   7.100   45.7  551.0  122.6  134.3  130.0  128.7
   7.133   46.6  557.0  122.6  134.3  133.4  133.4
   7.167   46.8  619.0  122.6  134.3  134.5  134.6
   7.200   47.1  648.0  122.6  134.3  134.9  135.8
   7.233   47.7  670.0  122.4  134.3  136.3  139.6
   7.267   47.8  685.0  122.4  134.2  136.3  140.2
   7.300   47.9  713.0  122.0  134.2  136.3  141.3
   7.333   48.2  726.0  121.8  134.2  136.4  142.4
   7.367   48.3  794.0  121.7  134.2  136.8  144.0
   7.400   48.4  814.0  120.4  134.1  136.8  145.1
   7.433   49.1  850.0  120.4  134.1  141.2  148.1
   7.467   49.5  935.0  120.4  134.1  141.6  153.1
   7.500   50.2  966.0  120.6  134.1  144.1  156.4
   7.533   50.6 1023.0  120.6  134.0  144.6  157.8
   7.567   50.8 1042.0  120.5  134.0  145.1  159.4
   7.600   51.1 1036.0  120.5  133.9  145.7  161.4
   7.633   51.2 1066.0  119.8  133.6  145.9  162.5
   7.667   51.2 1070.0  118.5  133.6  146.1  163.8
   7.700   51.2 1004.0  117.9  131.2  146.1  164.1
   7.733   51.4 1029.0  117.6  131.2  146.2  164.9
   7.767   51.5 1080.0  117.6  131.0  146.2  165.9
   7.800   51.4 1034.0  116.8  129.0  146.1  166.7
   7.833   51.6 1066.0  116.0  128.2  146.1  167.5
   7.867   51.7 1080.0  115.6  128.2  146.1  168.0
   7.900   51.6 1066.0  114.4  128.1  146.1  167.4
   7.933   51.5 1077.0  114.1  127.1  146.1  167.0
   7.967   51.0 1041.0  113.0  126.4  145.9  166.2
   8.000   49.0  900.0  110.6  122.2  140.4  161.1
   8.033   48.7  869.0  109.7  122.2  139.9  158.4
   8.067   48.0  822.0  108.6  121.8  137.0  154.6
   8.100   47.0  813.0  106.6  118.7  134.8  152.5
   8.133   46.6  788.0  106.2  118.3  132.6  149.5
   8.167   46.2  772.0  104.9  118.1  132.3  148.6
   8.200   44.8  739.0  102.9  113.9  126.7  144.9
   8.233   44.7  749.0  102.8  113.9  126.5  144.8
   8.267   44.5  734.0  102.6  113.9  126.4  144.7
   8.300   44.0  698.0  101.7  112.8  124.6  140.8
   8.333   43.8  691.0  100.5  112.7  124.2  140.6
   8.367   43.9  708.0  100.5  112.7  124.1  140.6
   8.400   43.8  718.0   99.3  111.9  124.1  140.6
   8.433   44.2  773.0   98.5  111.6  124.1  141.5
   8.467   44.6  837.0   98.5  111.5  124.1  142.3
   8.500   45.1  880.0   98.4  110.9  125.3  145.8
   8.533   46.5  936.0   98.8  110.9  128.5  150.6
   8.567   46.8 1037.0   98.7  110.9  128.7  150.6
   8.600   47.4 1050.0   98.4  110.9  130.1  152.7
   8.633   48.8 1128.0   98.6  110.9  130.7  155.1
   8.667   51.2 1288.0  100.1  110.9  137.9  163.6
   8.700   51.9 1338.0  100.5  110.9  139.7  164.5
   8.733   54.2 1411.0  100.9  112.4  146.0  171.2
   8.767   55.0 1621.0  101.1  112.5  146.2  171.7
   8.800   55.1 1590.0  101.1  112.5  146.3  171.6
   8.833   55.2 1645.0  100.5  112.8  146.3  171.6
   8.867   54.9 1571.0   97.9  112.2  145.7  170.3
   8.900   54.7 1542.0   96.6  110.6  145.5  170.2
   8.933   55.4 1650.0   96.3  110.6  145.5  170.2
   8.967   55.6 1713.0   95.2  110.0  145.5  170.2
   9.000   56.7 1942.0   95.3  109.7  145.6  170.8
   9.033   60.2 2162.0   96.0  109.9  151.1  178.3
   9.067   62.8 2407.0   96.7  109.9  155.8  184.4
   9.100   63.8 2564.0   97.9  110.4  156.3  184.8
   9.133   64.2 2616.0   97.3  110.5  156.4  184.8
   9.167   64.6 2650.0   97.2  110.5  156.4  184.8
   9.200   64.9 2659.0   96.6  110.4  156.7  184.8
   9.233   65.8 2796.0   95.7  110.1  156.9  184.8
   9.267   66.9 3078.0   95.2  110.0  158.4  186.6
   9.300   67.3 3119.0   95.2  110.0  158.6  186.8
   9.333   70.7 3576.0   95.8  110.6  166.1  193.9
   9.367   72.6 3905.0   97.9  111.2  169.1  196.5
   9.400   71.9 3860.0   94.7  110.2  168.0  193.8
   9.433   71.6 3730.0   93.0  109.0  166.5  193.7
   9.467   71.4 3645.0   91.5  108.4  166.5  193.3
   9.500   71.1 3636.0   90.2  107.6  165.7  191.5
   9.533   69.0 3363.0   86.0  100.9  158.1  184.9
   9.567   68.6 3314.0   84.7  100.0  158.0  184.5
   9.600   66.3 3160.0   81.3   96.0  151.9  179.0
   9.633   62.2 2753.0   76.6   88.9  142.3  170.8
   9.667   62.1 2721.0   76.5   88.9  142.2  170.5
   9.700   56.3 2259.0   68.4   81.2  131.8  158.3
   9.733   56.7 2351.0   68.3   81.2  132.1  158.9
   9.767   51.0 1964.0   61.4   73.7  120.3  145.1
   9.800   50.6 1951.0   61.3   73.7  120.2  145.1
   9.833   50.3 1782.0   61.3   73.7  120.2  145.1
   9.867   49.2 1413.0   61.3   73.7  120.2  144.8
   9.900   49.7 1669.0   61.2   73.7  120.2  144.9
   9.933   50.3 1788.0   61.2   73.7  120.2  145.0
   9.967   50.5 2052.0   61.2   73.6  120.2  145.0
  10.000   51.0 1997.0   61.6   73.1  119.9  145.2
  10.033   51.0 2010.0   61.6   73.1  119.9  145.2
  10.067   51.2 2140.0   61.6   73.1  119.9  145.2
  10.100   51.2 2148.0   61.7   73.1  119.9  143.8
  10.133   50.8 2132.0   61.5   72.1  118.0  141.2
  10.167   49.7 2039.0   59.3   71.8  114.9  135.0
  10.200   47.6 1913.0   57.8   70.2  109.5  130.4
  10.233   44.4 1747.0   53.1   64.9  102.8  122.3
  10.267   42.3 1590.0   50.9   62.9   97.0  116.5
  10.300   41.8 1556.0   49.0   61.8   97.0  116.2
  10.333   39.7 1509.0   46.9   60.4   94.2  112.0
  10.367   38.0 1295.0   44.8   58.7   88.2  104.5
  10.400   34.7 1152.0   41.3   52.3   82.6   99.2
  10.433   32.6 1075.0   38.4   50.1   78.9   93.3
  10.467   29.9  962.0   35.6   45.5   73.2   85.8
  10.500   28.1  871.0   33.9   44.3   69.8   80.9
  10.533   26.3  813.0   31.2   40.4   65.0   76.7
  10.567   24.9  684.0   30.3   40.2   61.2   73.1
  10.600   22.7  553.0   28.3   37.2   55.4   66.8
  10.633   20.0  464.0   25.0   32.8   49.1   58.3
  10.667   18.2  420.0   24.1   32.1   44.5   53.3
  10.700   16.7  347.0   22.5   29.1   40.3   48.3
  10.733   13.9  218.0   19.7   25.6   33.7   39.9
  10.767   11.8  167.0   18.1   24.4   27.3   33.1
  10.800   11.3  138.0   17.6   23.8   27.0   31.3
  10.833   10.8  148.0   15.8   22.8   25.2   30.0
  10.867    9.8  135.0   15.5   22.7   22.9   26.0
  10.900    8.5   95.0   15.0   20.0   20.9   22.2
  10.933    8.2   90.0   14.6   20.0   20.5   20.8
  10.967    8.2   85.0   14.5   20.0   20.2   20.8
  11.000    7.2  103.0   13.3   18.5   16.0   17.7
  11.033    7.2  105.0   13.2   18.6   16.0   17.7
  11.067    7.3  110.0   13.2   18.6   16.0   17.7
  11.100    7.4  123.0   13.2   18.6   16.0   17.7
  11.133    8.2  151.0   16.2   20.6   18.4   21.7
  11.167    8.4  152.0   16.2   20.8   18.4   21.8
  11.200    9.6  177.0   19.0   24.4   21.1   25.9
  11.233   10.2  202.0   19.0   24.4   22.5   26.7
  11.267   11.8  201.0   25.4   30.7   27.7   32.1
  11.300   11.7  204.0   25.2   30.7   27.7   32.0
  11.333   11.9  205.0   26.2   31.7   27.9   32.0
  11.367   13.5  230.0   30.0   34.1   32.9   37.5
  11.400   13.9  229.0   32.6   37.5   33.2   37.4
  11.433   14.1  230.0   35.5   38.5   33.6   37.5
  11.467   14.2  210.0   37.0   40.8   33.8   37.8
  11.500   13.8  187.0   37.0   41.2   34.2   37.6
  11.533   13.8  161.0   38.0   43.8   34.2   37.6
  11.567   13.6  146.0   39.6   44.3   34.2   37.5
  11.600   12.9  119.0   40.4   46.1   34.3   37.3
  11.633   12.6  111.0   41.0   46.6   34.3   36.3
  11.667   12.7  109.0   41.9   46.8   34.3   36.3
  11.700   12.6  103.0   44.3   48.9   34.3   36.3
  11.733   12.9  101.0   46.5   51.8   37.3   36.4
  11.767   12.7  112.0   47.8   53.8   37.4   36.7
  11.800   13.5  105.0   52.0   58.1   40.3   40.1
  11.833   14.7  110.0   56.4   63.1   45.2   44.7
  11.867   15.2  119.0   60.2   64.1   45.5   45.2
  11.900   16.4  117.0   62.3   68.4   50.7   50.2
  11.933   18.3  117.0   67.0   72.9   56.9   56.6
  11.967   19.5  116.0   71.8   76.7   58.2   58.1
  12.000   21.5  109.0   76.5   82.4   65.0   63.7
  12.033   22.7  108.0   80.1   85.2   68.7   68.3
  12.067   23.0  101.0   81.3   85.8   68.7   68.3
  12.100   24.5  103.0   84.4   91.8   72.4   73.3
  12.133   25.5  104.0   88.4   93.2   75.0   75.4
  12.167   25.9   91.0   90.4   94.7   75.3   75.6
  12.200   26.6   94.0   91.4   97.7   77.6   77.6
  12.233   28.0   94.0   94.2  101.6   81.2   80.9
  12.267   28.1   90.0   94.5  101.7   81.3   80.9
  12.300   28.4   90.0   96.1  102.2   81.4   81.1
  12.333   28.8   80.0   97.2  104.1   82.4   81.8
  12.367   29.0   80.0   97.7  104.1   82.6   82.1
  12.400   29.1   80.0   98.3  104.3   82.8   83.0
  12.433   29.5   87.0   99.5  105.1   84.3   84.1
  12.467   29.6   79.0   99.6  105.4   84.6   84.1
  12.500   29.9   74.0  100.2  106.4   84.9   84.4
  12.533   30.5   65.0  102.3  108.1   86.4   85.8
  12.567   30.6   57.0  102.4  108.4   86.6   85.9
  12.600   30.6   55.0  102.4  108.6   87.2   85.9
  12.633   31.0   50.0  103.5  109.4   87.5   86.9
  12.667   31.1   51.0  103.8  109.6   87.5   86.8
  12.700   31.2   45.0  104.0  109.7   87.7   87.1
  12.733   31.6   50.0  105.4  111.8   89.6   88.3
  12.767   31.7   45.0  105.5  111.9   89.8   88.5
  12.800   31.9   45.0  105.5  113.0   90.6   89.1
  12.833   32.2   39.0  106.4  113.3   90.9   89.6
  12.867   32.3   38.0  106.7  113.4   91.0   89.7
  12.900   32.4   35.0  106.7  113.5   91.1   89.8
  12.933   32.5   32.0  107.1  113.9   91.1   90.2
  12.967   32.7   33.0  107.7  114.3   91.2   90.7
  13.000   33.0   31.0  108.5  114.6   93.2   91.7
  13.033   33.1   28.0  108.7  114.9   93.3   92.2
  13.067   33.2   28.0  108.9  115.7   93.5   92.3
  13.100   33.3   22.0  109.3  115.7   93.5   92.3
  13.133   33.5   21.0  110.3  116.6   93.6   92.5
  13.167   33.5   20.0  110.6  116.6   93.9   92.5
  13.200   33.6   23.0  110.6  117.2   93.9   92.5
  13.233   33.9   19.0  111.0  117.8   95.6   93.3
  13.267   34.1   16.0  111.6  118.2   96.0   94.2
  13.300   34.4   22.0  112.6  119.0   96.0   95.4
  13.333   34.6   22.0  112.8  119.8   96.3   95.5
  13.367   34.7   22.0  113.1  119.9   96.4   95.6
  13.400   34.7   21.0  113.2  120.2   96.4   95.6
  13.433   34.9   25.0  113.2  120.6   96.9   96.3
  13.467   34.9   25.0  114.4  120.7   97.0   96.4
  13.500   35.1   27.0  114.6  121.4   97.7   96.5
  13.533   35.3   27.0  115.8  121.8   97.9   97.0
  13.567   35.4   26.0  115.8  122.2   98.2   96.9
  13.600   35.4   26.0  115.8  122.2   98.2   96.9
  13.633   35.9   26.0  116.5  122.9   99.1   98.4
  13.667   35.9   25.0  116.5  122.9   99.2   98.4
  13.700   36.0   25.0  117.0  123.8   99.3   98.5
  13.733   36.2   26.0  117.2  123.9   99.9   98.7
  13.767   36.4   26.0  118.0  124.5  100.7   99.2
  13.800   36.9   27.0  118.7  125.3  101.9  100.4
  13.833   37.0   23.0  118.9  125.4  101.9  100.4
  13.867   37.0   22.0  118.9  125.5  101.9  100.4
  13.900   37.1   22.0  118.9  125.6  101.9  100.5
  13.933   37.3   22.0  119.6  126.7  102.2  100.7
  13.967   37.4   21.0  119.8  126.8  102.4  101.4
  14.000   38.3   22.0  122.1  129.0  104.6  103.5
  14.033   38.3   22.0  122.3  129.0  104.6  103.5
  14.067   38.4   19.0  122.3  129.1  104.6  103.5
  14.100   38.4   17.0  122.4  129.1  104.6  103.5
  14.133   38.5   15.0  123.4  129.4  105.0  103.6
  14.167   38.6   15.0  123.7  129.6  105.2  103.6
  14.200   38.7   14.0  124.4  130.0  105.3  104.7
  14.233   39.0   12.0  124.9  131.0  106.2  105.6
  14.267   39.1   11.0  125.0  131.0  106.5  105.9
  14.300   39.3   13.0  125.3  132.0  106.7  106.2
  14.333   39.6   14.0  126.1  133.4  107.1  106.5
  14.367   39.7   18.0  126.5  133.4  107.5  106.8
  14.400   39.8   18.0  126.7  133.6  107.9  106.9
  14.433   40.0   18.0  127.1  133.9  108.7  107.3
  14.467   40.1   22.0  127.4  134.2  108.8  107.5
  14.500   40.3   22.0  127.5  134.7  109.3  107.8
  14.533   40.3   22.0  127.6  134.8  109.3  108.0
  14.567   40.4   24.0  127.7  134.9  109.4  108.3
  14.600   40.4   24.0  127.7  135.0  109.4  108.9
  14.633   40.5   23.0  127.7  135.0  109.5  108.9
  14.667   40.5   23.0  127.8  135.0  109.5  108.9
  14.700   40.5   23.0  127.8  135.0  109.6  109.0
  14.733   40.5   23.0  127.8  135.0  109.6  109.0
  14.767   40.5   22.0  127.8  135.0  109.6  109.0
  14.800   40.5   21.0  127.7  135.0  109.6  109.0
  14.833   40.5   21.0  127.9  135.0  109.6  109.0
  14.867   40.5   21.0  127.9  135.0  109.6  109.0
  14.900   40.5   21.0  127.9  135.0  109.6  109.0
  14.933   40.5   21.0  127.9  135.0  109.6  109.0
  14.967   40.5   21.0  127.9  135.0  109.6  109.0
  15.000   41.3   24.0  127.6  136.8  112.1  109.7
  15.033   41.3   24.0  127.7  136.8  112.0  109.7
  15.067   41.3   24.0  127.6  136.8  112.0  109.8
  15.100   41.3   24.0  127.6  136.8  112.0  109.7
  15.133   41.3   24.0  127.6  136.8  112.0  109.8
  15.167   41.3   24.0  127.6  136.8  112.0  109.8
  15.200   41.3   24.0  127.8  136.8  112.0  109.8
  15.233   41.3   24.0  127.8  136.9  112.0  109.8
  15.267   41.3   24.0  127.8  136.9  112.0  109.8
  15.300   41.3   24.0  127.9  136.9  111.8  109.8
  15.333   41.3   24.0  127.9  136.9  111.7  109.8
  15.367   41.3   24.0  127.7  136.9  111.7  109.8
  15.400   41.3   24.0  127.5  136.8  111.7  109.7
  15.433   41.3   24.0  127.5  136.8  111.7  109.7
  15.467   41.3   24.0  127.5  136.8  111.7  109.7
  15.500   41.3   24.0  127.5  136.8  111.9  109.7
  15.533   41.3   24.0  127.3  136.8  111.9  109.7
  15.567   41.3   24.0  127.6  136.9  111.8  109.7
  15.600   41.3   24.0  127.9  136.9  111.9  109.7
  15.633   41.3   24.0  127.9  136.9  111.9  109.7
  15.667   41.3   24.0  127.9  137.0  111.9  109.7
  15.700   41.3   24.0  127.9  137.0  111.8  109.7
  15.733   41.3   24.0  127.9  137.0  111.8  109.7
  15.767   41.3   24.0  127.9  137.0  111.8  109.7
  15.800   41.3   24.0  127.9  137.0  111.9  109.9
  15.833   41.3   24.0  127.9  137.0  111.8  109.8
  15.867   41.2   24.0  127.8  137.0  111.8  109.9
  15.900   41.2   24.0  127.8  137.0  111.8  109.9
  15.933   41.3   24.0  127.8  137.0  111.8  109.9
  15.967   41.3   24.0  127.8  137.0  112.0  109.8
  16.000   41.2   24.0  127.7  136.9  111.9  109.8
  16.033   41.2   24.0  127.8  137.0  112.0  109.8
  16.067   41.2   24.0  127.8  136.9  112.0  109.7
  16.100   41.2   24.0  127.8  136.9  112.1  109.8
  16.133   41.2   24.0  127.9  136.9  112.0  109.7
  16.167   41.2   24.0  127.8  136.8  112.1  109.7
  16.200   41.2   24.0  127.8  136.8  112.0  109.7
  16.233   41.2   24.0  127.8  136.9  112.0  109.7
  16.267   41.2   24.0  127.8  136.9  112.0  109.7
  16.300   41.1   24.0  127.6  136.7  111.8  109.7
  16.333   41.1   24.0  127.7  136.8  111.8  109.6
  16.367   41.1   24.0  127.7  136.8  111.8  109.6
  16.400   41.1   24.0  127.7  136.8  111.8  109.6
  16.433   41.2   24.0  127.6  136.8  111.8  109.7
  16.467   41.1   24.0  127.6  136.8  111.8  109.7
  16.500   41.1   24.0  127.5  136.8  111.8  109.7
  16.533   41.2   24.0  127.5  136.8  111.8  109.8
  16.567   41.2   24.0  127.4  136.8  111.8  109.8
  16.600   41.2   24.0  127.4  136.7  111.8  109.8
  16.633   41.2   25.0  127.5  136.7  111.8  109.8
  16.667   41.2   25.0  127.4  136.8  111.8  109.8
  16.700   41.2   25.0  127.4  136.8  111.8  109.8
  16.733   41.2   25.0  127.4  136.8  111.8  109.9
  16.767   41.2   25.0  127.4  136.8  111.8  109.9
  16.800   41.2   26.0  127.4  136.8  111.8  109.8
  16.833   41.2   26.0  127.4  136.8  111.7  109.7
  16.867   41.2   25.0  127.4  136.9  111.7  109.6
  16.900   41.2   25.0  127.4  136.9  111.7  109.6
  16.933   41.2   25.0  127.5  136.9  111.7  109.6
  16.967   41.2   25.0  127.5  136.9  111.6  109.5
  17.000   41.1   25.0  127.5  136.5  111.8  109.6
  17.033   41.1   25.0  127.5  136.5  111.7  109.6
  17.067   41.2   25.0  127.5  136.5  111.8  109.6
  17.100   41.2   25.0  127.5  136.5  111.8  109.6
  17.133   41.2   25.0  127.4  136.5  111.8  109.6
  17.167   41.2   25.0  127.4  136.5  111.8  109.6
  17.200   41.2   25.0  127.4  136.5  111.8  109.6
  17.233   41.2   25.0  127.4  136.4  111.8  109.6
  17.267   41.2   24.0  127.4  136.4  111.8  109.6
  17.300   41.1   24.0  127.4  136.5  111.8  109.5
  17.333   41.1   24.0  127.4  136.5  111.8  109.5
  17.367   41.1   24.0  127.4  136.5  111.8  109.5
  17.400   41.1   24.0  127.4  136.5  111.7  109.5
  17.433   41.1   24.0  127.3  136.5  111.7  109.5
  17.467   41.1   24.0  127.4  136.4  111.7  109.5
  17.500   41.1   24.0  128.0  136.6  111.8  109.6
  17.533   41.1   24.0  127.9  136.6  111.8  109.5
  17.567   41.1   24.0  127.9  136.6  111.8  109.6
  17.600   41.1   24.0  127.7  136.6  111.8  109.6
  17.633   41.1   24.0  127.7  136.6  111.9  109.7
  17.667   41.1   24.0  127.6  136.6  111.9  109.7
  17.700   41.1   24.0  127.6  136.6  111.9  109.7
  17.733   41.1   24.0  127.6  136.6  112.0  109.7
  17.767   41.1   24.0  127.6  136.6  111.9  109.7
  17.800   41.1   24.0  127.4  136.6  112.0  109.7
  17.833   41.1   24.0  127.7  136.6  111.9  109.6
  17.867   41.1   24.0  127.7  136.6  111.9  109.5
  17.900   41.1   24.0  127.7  136.6  111.9  109.6
  17.933   41.1   24.0  127.7  136.6  111.9  109.6
  17.967   41.1   25.0  127.6  136.6  111.9  109.6
  18.000   41.1   25.0  127.6  136.6  111.9  109.7
  18.033   41.1   25.0  127.7  136.6  111.9  109.7
  18.067   41.1   25.0  127.7  136.7  111.9  109.7
  18.100   41.1   25.0  127.7  136.7  111.9  109.8
  18.133   41.1   25.0  127.8  136.7  111.9  109.8
  18.167   41.1   25.0  127.8  136.7  111.9  109.8
  18.200   41.1   25.0  127.8  136.7  111.9  109.8
  18.233   41.1   25.0  127.7  136.7  111.9  109.7
  18.267   41.1   25.0  127.7  136.7  111.9  109.7
  18.300   41.1   25.0  127.7  136.6  111.9  109.7
  18.333   41.1   25.0  127.7  136.6  111.9  109.6
  18.367   41.1   25.0  127.7  136.6  111.9  109.6
  18.400   41.1   25.0  127.7  136.6  111.9  109.7
  18.433   41.1   25.0  127.7  136.6  111.9  109.8
  18.467   41.0   25.0  127.7  136.6  111.9  109.8
  18.500   41.0   25.0  127.6  136.6  112.0  109.8
  18.533   41.0   25.0  127.5  136.6  112.0  109.8
  18.567   41.1   25.0  127.5  136.6  112.0  109.8
  18.600   41.1   25.0  127.5  136.6  111.9  109.9
  18.633   41.1   25.0  127.7  136.6  111.9  109.9
  18.667   41.1   25.0  127.7  136.6  111.9  109.9
  18.700   41.1   24.0  127.9  136.7  111.9  110.0
  18.733   41.1   24.0  128.0  136.7  111.9  110.0
  18.767   41.1   24.0  128.0  136.7  111.9  110.0
  18.800   41.1   24.0  128.0  136.7  112.0  109.9
  18.833   41.1   24.0  128.0  136.7  112.0  109.9
  18.867   41.1   24.0  128.0  136.7  112.0  109.9
  18.900   41.1   24.0  127.8  136.7  112.0  109.9
  18.933   41.1   24.0  127.8  136.7  112.0  109.9
  18.967   41.1   24.0  127.9  136.7  112.0  110.0
  19.000   41.1   22.0  127.7  136.7  111.6  109.5
  19.033   41.1   22.0  127.8  136.8  111.6  109.5
  19.067   41.1   22.0  127.9  136.8  111.6  109.4
  19.100   41.1   22.0  127.9  136.8  111.6  109.4
  19.133   41.1   22.0  127.9  136.8  111.6  109.3
  19.167   41.1   22.0  127.9  136.7  111.7  109.3
  19.200   41.1   22.0  127.8  136.7  111.7  109.3
  19.233   41.1   22.0  127.7  136.7  111.6  109.3
  19.267   41.1   22.0  127.8  136.7  111.6  109.4
  19.300   41.1   22.0  127.7  136.7  111.6  109.4
  19.333   41.1   22.0  127.7  136.8  111.6  109.4
  19.367   41.1   22.0  127.7  136.7  111.6  109.3
  19.400   41.1   22.0  127.7  136.7  111.6  109.3
  19.433   41.1   22.0  127.7  136.7  111.6  109.3
  19.467   41.1   22.0  127.7  136.7  111.7  109.3
  19.500   41.1   22.0  127.6  136.9  111.6  109.4
  19.533   41.1   22.0  127.6  136.9  111.6  109.4
  19.567   41.1   22.0  127.6  136.9  111.6  109.4
  19.600   41.1   22.0  127.7  136.9  111.6  109.4
  19.633   41.1   22.0  127.8  136.9  111.6  109.5
  19.667   41.1   22.0  127.8  137.0  111.6  109.5
  19.700   41.1   22.0  127.8  137.0  111.6  109.5
  19.733   41.1   22.0  127.8  137.0  111.6  109.5
  19.767   41.1   22.0  127.8  137.0  111.6  109.6
  19.800   41.1   22.0  127.7  137.1  111.7  109.7
  19.833   41.1   18.0  127.7  137.1  111.6  109.6
  19.867   41.1   18.0  127.7  137.1  111.6  109.8
  19.900   41.1   18.0  127.7  137.0  111.6  109.7
  19.933   41.2   18.0  127.7  137.0  111.6  109.7
  19.967   41.2   18.0  127.7  137.0  111.6  109.7
  20.000   41.2   21.0  128.0  137.0  111.6  109.7
  20.033   41.2   22.0  127.8  136.9  111.6  109.7
  20.067   41.2   23.0  127.9  136.8  111.5  109.7
  20.100   41.2   23.0  128.0  136.8  111.4  109.7
  20.133   41.2   23.0  128.0  136.8  111.4  109.7
  20.167   41.2   23.0  128.0  136.8  111.4  109.7
  20.200   41.2   18.0  128.0  136.8  111.4  109.7
  20.233   41.2   18.0  127.9  136.9  111.4  109.7
  20.267   41.3   18.0  127.9  136.9  111.4  109.7
  20.300   41.3   18.0  127.9  136.8  111.5  109.8
  20.333   41.3   15.0  127.9  136.8  111.5  109.7
  20.367   41.3   15.0  127.9  136.8  111.6  109.7
  20.400   41.3   20.0  127.9  136.8  111.6  109.6
  20.433   41.3   22.0  127.9  136.8  111.6  109.6
  20.467   41.3   22.0  127.9  136.8  111.6  109.6
  20.500   41.3   22.0  127.9  136.9  111.6  109.8
  20.533   41.3   25.0  127.9  136.9  111.6  109.8
  20.567   41.3   20.0  128.0  137.0  111.7  109.8
  20.600   41.3   19.0  128.0  137.0  111.7  109.8
  20.633   41.3   21.0  127.9  137.0  111.7  109.8
  20.667   41.3   21.0  127.9  137.1  111.7  109.9
  20.700   41.3   21.0  127.9  137.1  111.7  110.0
  20.733   41.3   18.0  127.9  137.1  111.7  110.0
  20.767   41.4   22.0  127.9  137.1  111.7  110.0
  20.800   41.3   22.0  127.9  137.1  111.8  109.9
  20.833   41.3   22.0  128.0  137.2  111.8  109.9
  20.867   41.3   22.0  128.0  137.2  111.7  109.9
  20.900   41.3   22.0  128.0  137.2  111.6  109.9
  20.933   41.3   24.0  127.9  137.2  111.6  110.0
  20.967   41.3   25.0  127.9  137.2  111.7  110.0
  21.000   41.3   22.0  127.7  137.3  111.8  110.0
  21.033   41.3   22.0  128.0  137.3  111.7  109.9
  21.067   41.3   22.0  128.0  137.2  111.7  110.0
  21.100   41.4   22.0  127.9  137.2  111.8  110.0
  21.133   41.4   22.0  128.0  137.2  111.8  110.0
  21.167   41.4   22.0  128.0  137.2  111.8  110.0
  21.200   41.4   22.0  128.1  137.2  111.8  110.0
  21.233   41.4   22.0  128.1  137.2  111.8  109.9
  21.267   41.4   22.0  128.1  137.3  111.8  109.9
  21.300   41.4   22.0  128.1  137.2  111.9  110.0
  21.333   41.4   22.0  128.1  137.0  111.9  110.1
  21.367   41.4   22.0  128.1  137.0  111.9  110.1
  21.400   41.4   22.0  127.9  137.0  111.8  110.1
  21.433   41.4   22.0  127.9  137.0  111.8  110.1
  21.467   41.4   22.0  128.0  137.0  111.8  110.1
  21.500   41.4   22.0  128.2  136.9  111.8  110.1
  21.533   41.4   22.0  128.2  136.9  111.8  110.1
  21.567   41.4   22.0  128.2  136.8  111.8  110.1
  21.600   41.4   22.0  128.2  136.9  111.8  110.1
  21.633   41.5   23.0  128.2  136.9  111.8  110.1
  21.667   41.5   23.0  128.1  136.9  111.8  110.1
  21.700   41.5   23.0  128.1  136.9  111.8  110.2
  21.733   41.5   23.0  128.1  137.0  111.8  110.2
  21.767   41.5   23.0  128.1  137.0  111.8  110.2
  21.800   41.5   23.0  128.2  137.0  111.8  110.2
  21.833   41.5   23.0  128.1  137.1  111.8  110.2
  21.867   41.5   23.0  128.1  137.1  111.8  110.2
  21.900   41.5   23.0  128.1  137.1  111.8  110.2
  21.933   41.5   23.0  128.1  137.1  111.8  110.2
  21.967   41.5   23.0  128.1  137.2  111.8  110.2
  22.000   41.5   23.0  128.3  137.3  111.8  110.2
  22.033   41.5   23.0  128.2  137.2  111.8  110.2
  22.067   41.5   23.0  128.2  137.2  111.8  110.2
  22.100   41.5   23.0  128.2  137.2  111.7  110.2
  22.133   41.5   23.0  128.3  137.2  111.7  110.2
  22.167   41.5   23.0  128.3  137.2  111.7  110.1
  22.200   41.6   23.0  128.3  137.2  111.7  110.1
  22.233   41.6   23.0  128.2  137.2  111.7  110.1
  22.267   41.6   23.0  128.2  137.2  111.7  110.1
  22.300   41.6   23.0  128.2  137.2  111.8  110.1
  22.333   41.6   23.0  128.2  137.2  111.8  110.1
  22.367   41.6   23.0  128.2  137.2  111.8  110.1
  22.400   41.6   23.0  128.2  137.2  111.8  110.1
  22.433   41.6   23.0  128.2  137.2  111.8  110.1
  22.467   41.6   24.0  128.1  137.2  111.8  110.1
  22.500   41.6   24.0  128.0  137.2  111.8  110.2
  22.533   41.6   24.0  127.9  137.2  111.8  110.2
  22.567   41.6   24.0  128.0  137.2  111.8  110.2
  22.600   41.6   24.0  128.0  137.2  111.8  110.2
  22.633   41.6   24.0  128.0  137.2  111.8  110.3
  22.667   41.6   21.0  128.0  137.2  111.8  110.2
  22.700   41.6   20.0  128.1  137.2  111.8  110.2
  22.733   41.6   21.0  128.1  137.2  111.9  110.2
  22.767   41.6   24.0  128.1  137.2  111.9  110.2
  22.800   41.6   24.0  128.0  137.0  111.9  110.3
  22.833   41.6   24.0  128.0  137.1  111.9  110.3
  22.867   41.6   24.0  128.1  137.1  111.8  110.2
  22.900   41.6   24.0  128.1  137.0  111.8  110.1
  22.933   41.6   24.0  128.1  137.0  111.8  110.1
  22.967   41.6   24.0  128.1  137.0  111.9  110.1
  23.000   41.5   21.0  128.3  136.8  111.9  110.0
  23.033   41.5   21.0  128.5  136.8  111.9  110.0
  23.067   41.5   22.0  128.5  136.9  111.9  110.0
  23.100   41.5   22.0  128.5  136.9  111.9  110.0
  23.133   41.6   22.0  128.5  136.9  111.9  110.0
  23.167   41.6   17.0  128.5  136.9  111.9  110.0
  23.200   41.6   18.0  128.5  136.9  111.9  110.0
  23.233   41.6   18.0  128.5  136.9  111.9  110.0
  23.267   41.6   21.0  128.5  136.9  111.9  110.0
  23.300   41.6   22.0  128.5  136.9  111.9  110.0
  23.333   41.6   21.0  128.4  136.9  111.9  110.0
  23.367   41.6   19.0  128.4  137.1  111.9  110.2
  23.400   41.6   19.0  128.4  137.1  111.9  110.2
  23.433   41.6   22.0  128.4  137.1  111.9  110.2
  23.467   41.6   22.0  128.3  137.1  111.9  110.2
  23.500   41.6   21.0  128.1  137.2  112.4  110.7
  23.533   41.6   21.0  128.2  137.2  112.4  110.8
  23.567   41.6   22.0  128.3  137.3  112.4  110.7
  23.600   41.6   23.0  128.3  137.3  112.4  110.7
  23.633   41.6   18.0  128.2  137.3  112.4  110.7
  23.667   41.6   18.0  128.1  137.3  112.4  110.8
  23.700   41.6   18.0  128.1  137.3  112.4  110.8
  23.733   41.6   18.0  128.1  137.4  112.3  110.8
  23.767   41.6   21.0  128.1  137.4  112.3  110.8
  23.800   41.6   20.0  128.1  137.4  112.4  110.7
  23.833   41.6   20.0  128.1  137.4  112.3  110.6
  23.867   41.6   20.0  128.1  137.3  112.3  110.7
  23.900   41.6   18.0  128.1  137.3  112.2  110.7
  23.933   41.6   18.0  128.1  137.3  112.2  110.7
  23.967   41.6   20.0  128.1  137.3  112.2  110.7
  24.000   41.7   20.0  128.0  137.3  112.3  110.8
  24.033   41.7   20.0  128.1  137.4  112.3  110.7
  24.067   41.7   20.0  128.1  137.5  112.3  110.7
  24.100   41.7   20.0  128.1  137.5  112.3  110.6
  24.133   41.7   20.0  128.1  137.5  112.3  110.6
  24.167   41.7   20.0  128.1  137.5  112.4  110.6
  24.200   41.7   21.0  128.1  137.5  112.4  110.6
  24.233   41.7   21.0  128.1  137.5  112.4  110.6
  24.267   41.7   21.0  128.1  137.5  112.4  110.6
  24.300   41.7   21.0  128.0  137.5  112.4  110.7
  24.333   41.7   21.0  128.0  137.5  112.4  110.7
  24.367   41.7   21.0  128.0  137.6  112.4  110.7
  24.400   41.7   22.0  128.1  137.8  112.4  110.8
  24.433   41.8   22.0  128.1  137.8  112.4  110.8
  24.467   41.8   22.0  128.1  137.8  112.4  110.8
  24.500   41.8   24.0  128.0  137.7  112.4  110.8
  24.533   41.8   24.0  128.0  137.6  112.4  110.8
  24.567   41.8   24.0  128.0  137.6  112.4  110.8
  24.600   41.8   24.0  128.2  137.6  112.4  110.8
  24.633   41.8   24.0  128.1  137.6  112.4  110.8
  24.667   41.9   24.0  128.1  137.6  112.4  110.7
  24.700   41.9   24.0  128.0  137.6  112.4  110.7
  24.733   41.9   24.0  128.0  137.6  112.4  110.7
  24.767   41.9   24.0  128.0  137.6  112.4  110.7
  24.800   41.9   24.0  128.0  137.7  112.3  110.7
  24.833   41.9   23.0  128.0  137.6  112.3  110.7
  24.867   41.9   23.0  128.0  137.6  112.3  110.7
  24.900   42.0   21.0  128.0  137.6  112.3  110.8
  24.933   42.0   21.0  128.0  137.6  112.3  110.8
  24.967   42.0   21.0  128.1  137.6  112.3  110.8
  25.000   42.0   24.0  128.0  137.4  112.5  110.5
  25.033   42.0   24.0  127.9  137.4  112.5  110.5
  25.067   42.0   24.0  128.1  137.4  112.5  110.5
  25.100   42.0   24.0  128.1  137.4  112.4  110.4
  25.133   42.0   23.0  128.1  137.7  112.4  110.5
  25.167   42.1   23.0  128.2  137.6  112.4  110.5
  25.200   42.1   23.0  128.2  137.6  112.4  110.5
  25.233   42.1   23.0  128.2  137.7  112.4  110.5
  25.267   42.1   23.0  128.1  137.7  112.4  110.5
  25.300   42.2   24.0  128.4  137.8  112.5  110.3
  25.333   42.2   23.0  128.4  137.9  112.4  110.2
  25.367   42.2   23.0  128.3  137.9  112.4  110.2
  25.400   42.3   23.0  128.3  137.9  112.4  110.2
  25.433   42.3   24.0  128.4  137.9  112.5  110.3
  25.467   42.3   23.0  128.6  138.0  112.5  110.3
  25.500   42.4   24.0  128.7  138.2  112.6  110.5
  25.533   42.4   24.0  128.5  138.2  112.6  110.5
  25.567   42.4   24.0  128.3  138.2  112.6  110.6
  25.600   42.4   23.0  128.4  138.2  112.6  110.6
  25.633   42.5   24.0  128.3  138.3  112.5  110.6
  25.667   42.5   24.0  128.3  138.4  112.5  110.6
  25.700   42.5   24.0  128.3  138.4  112.5  110.5
  25.733   42.5   24.0  128.3  138.4  112.5  110.5
  25.767   42.6   23.0  128.3  138.4  112.6  110.5
  25.800   42.6   22.0  128.7  138.5  112.6  110.5
  25.833   42.6   22.0  128.6  138.5  112.6  110.5
  25.867   42.6   22.0  128.6  138.5  112.6  110.5
  25.900   42.6   23.0  128.6  138.6  112.6  110.6
  25.933   42.7   24.0  128.6  138.6  112.6  110.6
  25.967   42.7   24.0  128.6  138.6  112.6  110.6
  26.000   42.7   24.0  128.4  138.6  112.9  110.7
  26.033   42.7   24.0  128.4  138.6  112.9  110.7
  26.067   42.7   24.0  128.4  138.6  112.9  110.7
  26.100   42.7   24.0  128.4  138.6  112.9  110.7
  26.133   42.7   24.0  128.4  138.6  112.9  110.7
  26.167   42.8   22.0  128.4  138.6  112.9  110.7
  26.200   42.8   22.0  128.3  138.6  112.9  110.7
  26.233   42.8   22.0  128.4  138.6  112.9  110.7
  26.267   42.8   22.0  128.4  138.6  112.9  110.7
  26.300   42.8   22.0  128.1  138.6  112.9  110.7
  26.333   42.8   22.0  128.1  138.6  112.9  110.7
  26.367   42.9   21.0  128.1  138.6  113.0  110.7
  26.400   42.9   22.0  128.1  138.7  113.0  111.0
  26.433   43.0   23.0  128.1  138.7  113.1  111.1
  26.467   43.1   23.0  128.1  138.7  113.3  111.1
  26.500   43.1   19.0  128.1  138.7  113.5  111.2
  26.533   43.2   22.0  128.2  138.9  113.7  111.3
  26.567   43.3   21.0  128.2  139.0  113.7  111.3
  26.600   43.4   20.0  128.2  138.7  113.9  111.4
  26.633   43.5   25.0  128.1  138.8  114.2  111.6
  26.667   43.5   22.0  128.3  138.8  114.2  111.5
  26.700   43.6   21.0  128.2  138.8  114.4  111.5
  26.733   43.7   22.0  128.1  138.8  114.4  111.7
  26.767   43.8   22.0  128.0  138.8  114.6  111.8
  26.800   43.8   23.0  127.8  138.7  114.8  111.5
  26.833   43.9   27.0  127.8  138.7  114.8  111.5
  26.867   44.0   19.0  127.7  138.9  114.8  111.5
  26.900   44.1   19.0  127.7  138.9  115.0  111.6
  26.933   44.2   20.0  127.7  139.0  115.2  111.7
  26.967   44.3   21.0  127.9  139.0  115.2  111.7
  27.000   44.2   22.0  127.5  138.5  115.0  112.2
  27.033   44.3   24.0  127.5  138.7  115.1  112.2
  27.067   44.4   23.0  127.6  138.8  115.2  112.1
  27.100   44.5   19.0  127.5  138.9  115.4  112.4
  27.133   44.6   21.0  127.4  138.8  115.6  112.5
  27.167   44.7   25.0  127.5  138.8  115.7  112.5
  27.200   44.7   24.0  127.4  139.0  115.9  112.6
  27.233   44.8   23.0  127.4  138.9  116.0  112.4
  27.267   44.8   24.0  127.3  138.9  115.9  112.5
  27.300   44.8   25.0  126.8  138.8  115.9  112.4
  27.333   44.9   20.0  126.8  138.8  116.0  112.3
  27.367   45.0   22.0  126.8  138.8  116.2  112.5
  27.400   45.0   20.0  126.8  138.8  116.2  112.5
  27.433   45.1   20.0  126.7  138.9  116.4  112.7
  27.467   45.1   21.0  126.7  138.9  116.4  112.6
  27.500   45.1   20.0  126.6  138.7  116.5  112.6
  27.533   45.2   20.0  126.5  138.8  116.7  112.7
  27.567   45.2   18.0  126.4  138.7  116.8  112.5
  27.600   45.2   19.0  126.2  138.6  116.8  112.7
  27.633   45.2   19.0  125.9  138.6  116.8  112.9
  27.667   45.3   20.0  125.9  138.5  116.8  113.0
  27.700   45.3   16.0  125.8  138.5  117.0  113.1
  27.733   45.4   18.0  125.9  138.5  117.0  113.1
  27.767   45.4   17.0  125.9  138.4  117.2  113.1
  27.800   45.4   24.0  125.9  138.0  117.0  113.0
  27.833   45.5   19.0  125.8  137.9  117.1  113.0
  27.867   45.5   20.0  125.7  137.9  117.1  112.9
  27.900   45.5   19.0  125.6  138.0  117.1  112.8
  27.933   45.6   20.0  125.5  137.9  117.1  112.8
  27.967   45.6   18.0  125.4  137.9  117.2  112.8
  28.000   45.4   20.0  125.7  137.8  117.8  112.4
  28.033   45.4   19.0  125.7  138.1  117.8  112.6
  28.067   45.3   23.0  125.7  138.3  117.8  112.5
  28.100   45.2   19.0  125.7  138.6  117.7  112.5
  28.133   45.2   19.0  125.7  138.9  117.9  112.4
  28.167   45.2   19.0  125.7  139.1  118.3  112.4
  28.200   45.2   17.0  125.7  139.2  118.4  112.4
  28.233   45.2   22.0  125.6  139.2  118.5  112.5
  28.267   45.2   19.0  125.5  139.4  118.6  112.6
  28.300   45.3   21.0  125.5  139.2  118.6  112.5
  28.333   45.4   18.0  125.4  139.2  118.6  112.6
  28.367   45.4   21.0  125.6  139.1  118.5  112.6
  28.400   45.5   22.0  125.5  138.7  118.6  112.7
  28.433   45.5   18.0  125.4  138.5  118.8  112.7
  28.467   45.5   20.0  125.2  138.6  118.9  112.7
  28.500   45.5   23.0  125.2  138.2  118.4  113.0
  28.533   45.5   23.0  125.1  137.6  118.5  113.0
  28.567   45.5   23.0  125.0  136.9  118.5  113.1
  28.600   45.5   25.0  125.0  135.3  118.5  112.8
  28.633   45.4   22.0  125.0  134.1  118.6  112.9
  28.667   45.4   21.0  125.0  132.1  118.4  112.8
  28.700   45.2   19.0  124.7  129.5  118.2  112.9
  28.733   45.2   22.0  124.4  126.4  118.3  112.8
  28.767   45.1   18.0  124.3  123.6  118.2  112.8
  28.800   44.9   20.0  124.2  120.7  118.0  112.5
  28.833   44.9   25.0  124.1  118.5  117.7  112.6
  28.867   44.8   26.0  124.3  115.3  117.6  112.3
  28.900   44.6   27.0  124.3  111.4  117.0  112.2
  28.933   44.5   30.0  124.3  107.4  116.7  111.8
  28.967   44.4   24.0  124.3  104.7  116.5  111.7
  29.000   44.0   27.0  124.3  102.5  116.3  111.0
  29.033   44.0   26.0  124.3  100.4  116.2  111.0
  29.067   43.9   20.0  123.9   98.6  116.1  110.8
  29.100   43.7   26.0  123.4   96.7  115.7  110.7
  29.133   43.6   28.0  122.7   95.0  115.3  110.7
  29.167   43.4   28.0  122.6   94.1  114.6  110.6
  29.200   43.1   26.0  121.9   93.6  114.2  110.1
  29.233   42.9   23.0  121.5   93.3  113.3  109.6
  29.267   42.8   27.0  120.9   93.6  112.8  109.2
  29.300   42.6   28.0  119.9   94.7  112.1  108.9
  29.333   42.6   24.0  119.7   97.4  111.9  108.9
  29.367   42.5   27.0  119.3  100.7  111.6  108.4
  29.400   42.5   29.0  118.7  104.1  111.6  108.4
  29.433   42.5   28.0  120.8  108.5  111.7  108.6
  29.467   42.7   27.0  122.6  114.5  112.3  108.6
  29.500   42.8   25.0  123.1  119.4  112.4  108.9
  29.533   43.0   22.0  122.7  123.6  112.4  109.0
  29.567   43.1   25.0  122.2  127.6  112.3  109.3
  29.600   43.2   25.0  122.0  130.1  112.5  109.4
  29.633   43.3   25.0  121.9  131.4  112.2  109.5
  29.667   43.4   24.0  121.6  131.6  112.2  109.7
  29.700   43.5   28.0  121.6  131.7  111.9  109.6
  29.733   43.5   29.0  121.9  131.6  111.9  109.5
  29.767   43.5   22.0  121.9  131.7  112.0  109.5
  29.800   43.3   21.0  121.8  131.6  111.3  109.2
  29.833   43.4   20.0  121.5  131.6  111.2  109.3
  29.867   43.4   20.0  121.5  131.6  111.0  108.8
  29.900   43.4   18.0  121.6  131.3  111.0  108.4
  29.933   43.5   18.0  121.4  131.4  110.9  108.3
  29.967   43.5   19.0  121.0  131.3  110.9  108.2
  30.000   43.1   22.0  119.7  130.6  110.5  108.0
  30.033   43.1   23.0  119.9  130.4  110.5  108.0
  30.067   43.1   17.0  120.1  130.3  110.6  107.9
  30.100   43.1   19.0  120.2  130.3  110.7  107.8
  30.133   43.1   16.0  120.4  130.5  110.8  107.5
  30.167   43.1   19.0  120.3  130.4  111.1  105.7
  30.200   43.0   19.0  120.1  130.1  111.2  104.8
  30.233   42.9   16.0  119.4  129.5  110.7  104.9
  30.267   42.8   21.0  119.5  129.0  110.6  104.7
  30.300   42.6   19.0  119.4  126.7  110.4  104.3
  30.333   42.5   18.0  119.1  121.5  110.0  104.0
  30.367   42.4   22.0  119.1  117.1  109.2  103.2
  30.400   42.2   20.0  118.9  115.1  109.0  102.6
  30.433   42.2   22.0  118.7  114.4  108.9  102.5
  30.467   42.2   20.0  118.5  113.5  108.7  102.4
  30.500   42.1   21.0  118.2  112.7  108.5  101.7
  30.533   42.1   18.0  118.1  108.7  108.5  101.9
  30.567   42.1   20.0  118.1  107.7  108.5  102.0
  30.600   42.2   21.0  118.1  107.2  108.6  102.2
  30.633   42.2   22.0  117.6  106.6  108.2  105.0
  30.667   42.3   19.0  117.1  105.9  108.3  104.9
  30.700   42.4   17.0  117.0  107.4  107.7  104.5
  30.733   42.5   19.0  115.3  113.3  107.9  104.5
  30.767   42.6   18.0  114.1  118.6  107.7  104.3
  30.800   42.6   18.0  113.3  119.5  106.9  103.9
  30.833   42.6   15.0  113.9  123.3  105.1  104.0
  30.867   42.7   17.0  114.2  123.7  103.4  103.8
  30.900   42.6   21.0  114.3  123.6  102.6  103.2
  30.933   42.5   18.0  114.0  123.4  101.7  102.7
  30.967   42.5   19.0  113.6  123.4  101.5  100.9
  31.000   42.3   20.0  112.3  122.4  100.7   93.4
  31.033   42.3   18.0  112.1  122.0  100.3   91.6
  31.067   42.3   20.0  111.7  120.9   99.8   91.5
  31.100   42.2   24.0  111.9  120.6  100.4   91.4
  31.133   42.2   20.0  111.6  120.3  103.9   91.0
  31.167   42.0   10.0  111.2  119.9  103.7   90.6
  31.200   41.9   14.0  111.1  119.1  102.3   90.0
  31.233   41.8    5.0  111.3  119.7  101.8   96.9
  31.267   41.7    4.0  111.2  118.5  100.9   99.3
  31.300   41.6    3.0  111.2  118.5   99.9   99.0
  31.333   41.6    2.0  110.9  118.3  100.2   99.1
  31.367   41.6    2.0  111.6  117.8   93.1   98.9
  31.400   41.5    2.0  111.7  116.7   89.3   98.8
  31.433   41.4    2.0  111.9  115.8   89.0   98.8
  31.467   41.3    2.0  112.2  114.9   88.4   98.5
  31.500   41.2    0.0  112.4  114.4   88.4   97.8
  31.533   41.2    0.0  113.0  113.2   89.3   97.8
  31.567   41.2    0.0  114.1  113.2   98.7   97.5
  31.600   41.2    0.0  113.3  113.2   98.7   97.4
  31.633   41.3    0.0  112.4  112.8   98.6   97.2
  31.667   41.4    0.0  112.4  112.7   98.5   96.8
  31.700   41.5    0.0  111.8  112.0   98.2   96.4
  31.733   41.5    0.0  111.0  111.2   97.9   95.8
  31.767   41.5    0.0  110.4  111.1   98.1   95.7
  31.800   41.4    0.0  109.2  109.9   98.1   95.7
  31.833   41.4    0.0  109.0  109.1   97.8   95.4
  31.867   41.4    0.0  108.7  108.9   97.8   95.4
  31.900   41.4    0.0  108.5  108.9   97.6   95.3
  31.933   41.4    0.0  107.3  107.4   96.9   94.8
  31.967   41.4    0.0  106.1  106.6   96.3   94.8
  32.000   40.9    0.0  101.2  103.2   95.9   93.2
