 110.022    0.000    0.000    0.000
 110.066    0.000   -0.000    0.000
 110.110    0.001   -0.000    0.001
 110.154   -0.001   -0.001    0.001
 110.198   -0.000   -0.001    0.001
 110.242    0.001    0.001    0.001
 110.286    0.001    0.001    0.001
 110.330    0.001    0.001    0.002
 110.374   -0.000    0.000    0.000
 110.418   -0.001    0.000    0.001
 110.462   -0.000   -0.000    0.000
 110.505   -0.001    0.000    0.001
 110.549    0.000    0.000    0.000
 110.593    0.000   -0.001    0.001
 110.637    0.000   -0.000    0.000
 110.681    0.001    0.001    0.001
 110.725   -0.000    0.001    0.001
 110.769   -0.001   -0.001    0.002
 110.813   -0.000   -0.001    0.001
 110.857    0.001   -0.001    0.001
 110.901    0.000   -0.001    0.001
 110.945   -0.002   -0.002    0.003
 110.989    0.000   -0.001    0.001
 111.033   -0.001   -0.000    0.001
 111.077    0.001    0.002    0.003
 111.121    0.000    0.003    0.003
 111.165    0.001    0.002    0.002
 111.209    0.000    0.001    0.001
 111.253   -0.000    0.001    0.001
 111.297   -0.001    0.001    0.001
 111.341   -0.001   -0.001    0.002
 111.385   -0.001   -0.000    0.001
 111.429    0.004    0.009    0.010
 111.473   -0.002   -0.004    0.004
 111.516   -0.003    0.000    0.003
 111.560    0.002    0.001    0.003
 111.604   -0.000   -0.001    0.001
 111.648   -0.001    0.002    0.003
 111.692    0.000    0.000    0.000
 111.736    0.000   -0.000    0.000
 111.780    0.001   -0.001    0.002
 111.824   -0.000   -0.000    0.000
 111.868    0.000   -0.001    0.001
 111.912   -0.001   -0.001    0.001
 111.956   -0.000    0.001    0.001
 112.000    0.000    0.001    0.001
 112.044    0.001    0.000    0.001
 112.088    0.001    0.001    0.001
 112.132   -0.000    0.001    0.001
 112.176   -0.001   -0.002    0.002
 112.220   -0.000    0.002    0.002
 112.264   -0.000    0.001    0.001
 112.308   -0.001    0.001    0.002
 112.352    0.000   -0.002    0.002
 112.396    0.001   -0.000    0.001
 112.440   -0.000   -0.000    0.000
 112.484    0.001    0.002    0.002
 112.527   -0.000    0.000    0.000
 112.571   -0.000   -0.000    0.000
 112.615    0.000   -0.001    0.001
 112.659   -0.000    0.000    0.000
 112.703    0.000   -0.000    0.000
 112.747    0.001    0.002    0.002
 112.791   -0.000   -0.001    0.001
 112.835    0.001    0.000    0.001
 112.879    0.001   -0.001    0.001
 112.923   -0.000   -0.001    0.001
 112.967   -0.000    0.000    0.000
 113.011   -0.000   -0.000    0.000
 113.055    0.000   -0.000    0.000
 113.099    0.000    0.000    0.000
 113.143   -0.000    0.000    0.000
 113.187    0.000    0.000    0.000
 113.231   -0.001   -0.001    0.001
 113.275    0.000   -0.002    0.002
 113.319   -0.000    0.001    0.001
 113.363    0.000   -0.000    0.000
 113.407    0.001   -0.004    0.004
 113.451   -0.001   -0.001    0.001
 113.495    0.000   -0.000    0.000
 113.538    0.000    0.002    0.002
 113.582   -0.000   -0.000    0.000
 113.626    0.000   -0.001    0.001
 113.670    0.000   -0.001    0.001
 113.714   -0.000    0.001    0.002
 113.758    0.000   -0.001    0.001
 113.802   -0.001   -0.000    0.001
 113.846    0.000    0.000    0.000
 113.890   -0.001    0.001    0.001
 113.934    0.001    0.001    0.001
 113.978   -0.000   -0.001    0.001
 114.022    0.001    0.001    0.001
 114.066    0.004    0.003    0.005
 114.110   -0.002   -0.003    0.004
 114.154   -0.001   -0.003    0.004
 114.198    0.001   -0.001    0.001
 114.242   -0.000    0.001    0.001
 114.286    0.001   -0.001    0.002
 114.330    0.001   -0.000    0.001
 114.374    0.000   -0.001    0.001
 114.418    0.003   -0.000    0.003
 114.462    0.008    0.001    0.008
 114.505    0.010   -0.006    0.011
 114.549    0.007   -0.008    0.010
 114.593    0.005   -0.006    0.008
 114.637    0.007   -0.013    0.015
 114.681    0.005    0.001    0.005
 114.725    0.003    0.008    0.009
 114.769    0.004    0.011    0.012
 114.813    0.003    0.010    0.010
 114.857    0.004    0.000    0.004
 114.901    0.004    0.002    0.005
 114.945    0.004    0.001    0.004
 114.989    0.005   -0.005    0.007
 115.033    0.003    0.001    0.004
 115.077    0.003   -0.001    0.003
 115.121    0.003    0.001    0.004
 115.165    0.004   -0.000    0.004
 115.209    0.002   -0.002    0.002
 115.253    0.003   -0.001    0.003
 115.297    0.003    0.001    0.003
 115.341    0.002    0.002    0.003
 115.385    0.003    0.003    0.004
 115.429    0.003   -0.000    0.003
 115.473    0.002   -0.003    0.003
 115.516    0.004    0.002    0.004
 115.560    0.002    0.001    0.002
 115.604   -0.001    0.001    0.001
 115.648    0.004    0.004    0.005
 115.692    0.002   -0.000    0.002
 115.736    0.003   -0.001    0.003
 115.780    0.001   -0.002    0.002
 115.824    0.002   -0.000    0.002
 115.868    0.002   -0.000    0.002
 115.912    0.001   -0.001    0.001
 115.956    0.001   -0.000    0.001
 116.000    0.000    0.002    0.002
 116.044    0.002    0.002    0.003
 116.088    0.001   -0.001    0.002
 116.132    0.001   -0.001    0.001
 116.176    0.003    0.005    0.006
 116.220   -0.001    0.002    0.003
 116.264    0.002    0.002    0.003
 116.308   -0.000    0.003    0.003
 116.352   -0.001    0.010    0.010
 116.396   -0.000    0.005    0.005
 116.440    0.004    0.005    0.007
 116.484    0.002    0.009    0.009
 116.527    0.000    0.011    0.011
 116.571    0.001    0.047    0.047
 116.615    0.001    0.037    0.037
 116.659    0.000    0.038    0.038
 116.703    0.023    0.066    0.070
 116.747    0.009    0.018    0.021
 116.791    0.012    0.006    0.014
 116.835    0.032    0.003    0.033
 116.879    0.013   -0.003    0.014
 116.923    0.008   -0.010    0.012
 116.967    0.040   -0.029    0.049
 117.011    0.026   -0.004    0.026
 117.055    0.037   -0.006    0.037
 117.099    0.068   -0.009    0.068
 117.143    0.033    0.002    0.034
 117.187    0.034    0.002    0.034
 117.231    0.066   -0.000    0.066
 117.275    0.045    0.020    0.049
 117.319    0.045    0.008    0.045
 117.363    0.074    0.027    0.079
 117.407    0.040    0.003    0.040
 117.451    0.044    0.009    0.045
 117.495    0.048    0.004    0.049
 117.538    0.076    0.003    0.076
 117.582    0.047    0.000    0.047
 117.626    0.051   -0.012    0.053
 117.670    0.078   -0.004    0.078
 117.714    0.051   -0.006    0.051
 117.758    0.035    0.001    0.035
 117.802    0.068   -0.020    0.071
 117.846    0.041   -0.001    0.041
 117.890    0.032   -0.005    0.032
 117.934    0.056    0.013    0.058
 117.978    0.019    0.012    0.022
 118.022    0.020    0.011    0.023
 118.066    0.019    0.021    0.029
 118.110    0.002    0.005    0.005
 118.154    0.014    0.004    0.014
 118.198    0.015   -0.003    0.016
 118.242    0.002   -0.020    0.020
 118.286    0.000    0.003    0.003
 118.330   -0.008   -0.010    0.013
 118.374   -0.004   -0.010    0.011
 118.418   -0.005   -0.015    0.015
 118.462    0.004   -0.011    0.011
 118.505   -0.000   -0.013    0.013
 118.549    0.007    0.016    0.017
 118.593   -0.000    0.055    0.055
 118.637    0.004    0.038    0.038
 118.681    0.010    0.041    0.042
 118.725    0.010    0.016    0.019
 118.769    0.013    0.042    0.044
 118.813    0.008    0.004    0.009
 118.857    0.009   -0.003    0.010
 118.901    0.019   -0.022    0.029
 118.945    0.009   -0.014    0.017
 118.989    0.004   -0.016    0.016
 119.033    0.004   -0.022    0.022
 119.077   -0.002   -0.013    0.013
 119.121   -0.002    0.033    0.033
 119.165    0.002    0.018    0.018
 119.209    0.008    0.013    0.015
 119.253    0.009   -0.003    0.010
 119.297    0.012   -0.055    0.056
 119.341    0.014   -0.022    0.026
 119.385    0.003   -0.050    0.050
 119.429    0.019   -0.078    0.081
 119.473    0.023   -0.028    0.036
 119.516    0.019   -0.021    0.028
 119.560    0.035   -0.011    0.036
 119.604    0.014    0.009    0.017
 119.648    0.015    0.004    0.016
 119.692    0.039   -0.000    0.039
 119.736    0.029   -0.017    0.033
 119.780    0.037   -0.015    0.040
 119.824    0.047   -0.054    0.072
 119.868    0.032   -0.039    0.051
 119.912    0.028   -0.035    0.045
 119.956    0.027   -0.025    0.037
 120.000    0.028   -0.016    0.032
 120.044    0.029   -0.011    0.031
 120.088    0.024   -0.002    0.024
 120.132    0.046   -0.046    0.065
 120.176    0.029   -0.054    0.061
 120.220    0.034   -0.053    0.063
 120.264    0.044   -0.105    0.114
 120.308    0.031   -0.057    0.065
 120.352    0.029   -0.028    0.041
 120.396    0.053   -0.026    0.059
 120.440    0.038   -0.006    0.038
 120.484    0.032   -0.000    0.032
 120.527    0.055    0.017    0.057
 120.571    0.028    0.013    0.031
 120.615    0.038    0.001    0.038
 120.659    0.044    0.001    0.044
 120.703    0.037   -0.030    0.047
 120.747    0.027   -0.004    0.027
 120.791    0.046   -0.059    0.075
 120.835    0.025   -0.026    0.037
 120.879    0.033   -0.030    0.045
 120.923    0.048   -0.034    0.059
 120.967    0.029   -0.014    0.032
 121.011    0.036   -0.037    0.051
 121.055    0.051   -0.045    0.068
 121.099    0.026    0.053    0.059
 121.143    0.037   -0.008    0.038
 121.187    0.029    0.018    0.035
 121.231    0.049    0.061    0.078
 121.275    0.028    0.023    0.036
 121.319    0.020    0.028    0.034
 121.363    0.040    0.037    0.055
 121.407    0.021    0.028    0.035
 121.451    0.027    0.024    0.036
 121.495    0.034    0.071    0.079
 121.538    0.014    0.064    0.065
 121.582    0.032    0.074    0.081
 121.626    0.049    0.009    0.049
 121.670    0.035   -0.059    0.068
 121.714    0.035   -0.094    0.100
 121.758    0.039   -0.125    0.131
 121.802    0.028   -0.013    0.031
 121.846    0.026   -0.001    0.026
 121.890    0.050    0.058    0.077
 121.934    0.040    0.020    0.044
 121.978    0.036    0.003    0.036
 122.022    0.051    0.050    0.071
 122.066    0.030    0.015    0.034
 122.110    0.029    0.045    0.054
 122.154    0.061    0.013    0.063
 122.198    0.039   -0.004    0.040
 122.242    0.043   -0.037    0.057
 122.286    0.054   -0.073    0.091
 122.330    0.034   -0.027    0.043
 122.374    0.041   -0.029    0.050
 122.418    0.032   -0.015    0.036
 122.462    0.064    0.016    0.066
 122.505    0.036    0.026    0.044
 122.549    0.033    0.031    0.045
 122.593    0.057    0.070    0.091
 122.637    0.034    0.020    0.040
 122.681    0.034    0.024    0.042
 122.725    0.060   -0.007    0.060
 122.769    0.032   -0.038    0.050
 122.813    0.034   -0.033    0.047
 122.857    0.026   -0.064    0.069
 122.901    0.001   -0.027    0.027
 122.945   -0.017   -0.000    0.017
 122.989   -0.047    0.005    0.047
 123.033   -0.034   -0.008    0.035
 123.077   -0.022   -0.021    0.031
 123.121   -0.036   -0.002    0.036
 123.165   -0.007    0.007    0.009
 123.209   -0.008   -0.005    0.009
 123.253    0.004   -0.042    0.042
 123.297    0.006   -0.015    0.016
 123.341    0.011   -0.030    0.032
 123.385    0.015   -0.075    0.077
 123.429    0.016   -0.060    0.063
 123.473    0.017   -0.047    0.050
 123.516    0.026   -0.088    0.091
 123.560    0.027   -0.047    0.054
 123.604    0.025   -0.016    0.030
 123.648    0.030   -0.012    0.032
 123.692    0.035   -0.006    0.035
 123.736    0.012    0.002    0.012
 123.780    0.032    0.036    0.048
 123.824    0.028    0.015    0.032
 123.868    0.017   -0.006    0.018
 123.912    0.023   -0.015    0.027
 123.956    0.035   -0.062    0.071
 124.000    0.025   -0.058    0.063
 124.044    0.024   -0.058    0.063
 124.088    0.036   -0.090    0.097
 124.132    0.041   -0.190    0.195
 124.176    0.010    0.160    0.160
 124.220    0.048    0.045    0.066
 124.264    0.040    0.024    0.046
 124.308    0.029    0.011    0.031
 124.352    0.043    0.048    0.064
 124.396    0.031   -0.012    0.033
 124.440    0.033   -0.009    0.034
 124.484    0.044   -0.056    0.071
 124.527    0.036   -0.038    0.053
 124.571    0.035   -0.072    0.079
 124.615    0.040   -0.102    0.110
 124.659    0.036   -0.069    0.078
 124.703    0.031   -0.079    0.085
 124.747    0.041   -0.071    0.082
 124.791    0.039   -0.044    0.058
 124.835    0.037   -0.052    0.064
 124.879    0.044   -0.027    0.052
 124.923    0.044    0.021    0.048
 124.967    0.036   -0.012    0.038
 125.011    0.052    0.025    0.057
 125.055    0.031   -0.027    0.041
 125.099    0.037   -0.050    0.062
 125.143    0.040   -0.054    0.067
 125.187    0.041   -0.089    0.098
 125.231    0.047   -0.061    0.077
 125.275    0.033   -0.029    0.043
 125.319    0.042   -0.070    0.082
 125.363    0.044   -0.019    0.048
 125.407    0.041   -0.030    0.051
 125.451    0.054    0.021    0.058
 125.495    0.049    0.003    0.049
 125.538    0.051   -0.016    0.053
 125.582    0.055    0.007    0.056
 125.626    0.041   -0.037    0.055
 125.670    0.054   -0.020    0.058
 125.714    0.035   -0.039    0.052
 125.758    0.049   -0.051    0.070
 125.802    0.050   -0.047    0.069
 125.846    0.050   -0.048    0.069
 125.890    0.042   -0.062    0.075
 125.934    0.055   -0.042    0.069
 125.978    0.048   -0.054    0.072
 126.022    0.065   -0.030    0.072
 126.066    0.049   -0.017    0.052
 126.110    0.053   -0.037    0.065
 126.154    0.066   -0.033    0.074
 126.198    0.071   -0.036    0.080
 126.242    0.071   -0.015    0.073
 126.286    0.084   -0.034    0.091
 126.330    0.088   -0.031    0.094
 126.374    0.089   -0.042    0.098
 126.418    0.078   -0.034    0.085
 126.462    0.078   -0.044    0.090
 126.505    0.075   -0.043    0.087
 126.549    0.085   -0.029    0.090
 126.593    0.086   -0.024    0.089
 126.637    0.087   -0.031    0.092
 126.681    0.083   -0.033    0.089
 126.725    0.085   -0.035    0.091
 126.769    0.086   -0.044    0.096
 126.813    0.065   -0.055    0.086
 126.857    0.086   -0.045    0.097
 126.901    0.084   -0.045    0.096
 126.945    0.079   -0.052    0.095
 126.989    0.076   -0.015    0.078
 127.033    0.079   -0.033    0.086
 127.077    0.086    0.006    0.086
 127.121    0.094   -0.010    0.094
 127.165    0.075   -0.020    0.078
 127.209    0.075   -0.040    0.085
 127.253    0.083   -0.063    0.105
 127.297    0.063   -0.054    0.082
 127.341    0.075   -0.048    0.089
 127.385    0.085   -0.052    0.100
 127.429    0.075   -0.031    0.081
 127.473    0.076    0.001    0.076
 127.516    0.077    0.008    0.077
 127.560    0.073   -0.007    0.074
 127.604    0.081    0.015    0.082
 127.648    0.069   -0.031    0.076
 127.692    0.071   -0.054    0.089
 127.736    0.067   -0.079    0.104
 127.780    0.069   -0.052    0.087
 127.824    0.069   -0.068    0.097
 127.868    0.080   -0.065    0.103
 127.912    0.071   -0.084    0.110
 127.956    0.098   -0.099    0.139
 128.000    0.080   -0.110    0.135
 128.044    0.065   -0.109    0.127
 128.088    0.076   -0.107    0.131
 128.132    0.077   -0.109    0.134
 128.176    0.058   -0.064    0.087
 128.220    0.084    0.025    0.088
 128.264    0.088    0.055    0.103
 128.308    0.094    0.099    0.137
 128.352    0.075    0.053    0.092
 128.396    0.077   -0.025    0.081
 128.440    0.066   -0.063    0.091
 128.484    0.066   -0.107    0.126
 128.527    0.069   -0.116    0.135
 128.571    0.060   -0.144    0.156
 128.615    0.065   -0.124    0.140
 128.659    0.055   -0.096    0.111
 128.703    0.048   -0.101    0.112
 128.747    0.062   -0.021    0.066
 128.791    0.066   -0.039    0.077
 128.835    0.067    0.007    0.067
 128.879    0.047    0.012    0.048
 128.923    0.070   -0.006    0.070
 128.967    0.062    0.007    0.062
 129.011    0.070   -0.023    0.074
 129.055    0.053   -0.027    0.060
 129.099    0.051   -0.069    0.085
 129.143    0.050   -0.073    0.089
 129.187    0.046   -0.022    0.051
 129.231    0.039   -0.086    0.094
 129.275    0.036   -0.065    0.075
 129.319    0.039   -0.085    0.094
 129.363    0.024   -0.071    0.075
 129.407    0.001   -0.098    0.098
 129.451    0.026   -0.055    0.061
 129.495   -0.001   -0.072    0.072
 129.538    0.017   -0.016    0.024
 129.582    0.020   -0.046    0.050
 129.626   -0.001   -0.046    0.046
 129.670   -0.013   -0.069    0.070
 129.714    0.012   -0.060    0.061
 129.758   -0.016   -0.054    0.057
 129.802   -0.020   -0.117    0.119
 129.846    0.002   -0.106    0.106
 129.890   -0.007   -0.118    0.118
 129.934   -0.032   -0.135    0.139
 129.978   -0.012   -0.121    0.121
 130.022   -0.007   -0.118    0.119
 130.066   -0.033   -0.138    0.142
 130.110   -0.005   -0.108    0.108
 130.154   -0.020   -0.095    0.097
 130.198   -0.030   -0.083    0.088
 130.242   -0.002   -0.082    0.082
 130.286   -0.021   -0.071    0.075
 130.330   -0.048   -0.078    0.092
 130.374   -0.024   -0.082    0.085
 130.418   -0.025   -0.085    0.089
 130.462   -0.037   -0.102    0.108
 130.505    0.015   -0.079    0.080
 130.549    0.035   -0.098    0.104
 130.593    0.054   -0.084    0.100
 130.637    0.069   -0.095    0.118
 130.681    0.098   -0.081    0.127
 130.725    0.113   -0.075    0.135
 130.769    0.099   -0.083    0.130
 130.813    0.105   -0.079    0.131
 130.857    0.117   -0.064    0.133
 130.901    0.090   -0.072    0.115
 130.945    0.107   -0.058    0.122
 130.989    0.109   -0.067    0.128
 131.033    0.089   -0.041    0.098
 131.077    0.115   -0.031    0.119
 131.121    0.099   -0.003    0.099
 131.165    0.131   -0.004    0.131
 131.209    0.110   -0.015    0.111
 131.253    0.093   -0.053    0.107
 131.297    0.092   -0.097    0.134
 131.341    0.084   -0.094    0.126
 131.385    0.088   -0.116    0.146
 131.429    0.102   -0.105    0.147
 131.473    0.108   -0.094    0.143
 131.516    0.102   -0.100    0.143
 131.560    0.142   -0.076    0.161
 131.604    0.084   -0.026    0.088
 131.648    0.114   -0.004    0.115
 131.692    0.147   -0.049    0.155
 131.736    0.122   -0.034    0.127
 131.780    0.132   -0.030    0.136
 131.824    0.161    0.000    0.161
 131.868    0.106    0.010    0.106
 131.912    0.131    0.002    0.131
 131.956    0.163    0.024    0.165
 132.000    0.119   -0.050    0.129
 132.044    0.100   -0.062    0.118
 132.088    0.105   -0.110    0.152
 132.132    0.089   -0.131    0.159
 132.176    0.094   -0.124    0.156
 132.220    0.101   -0.137    0.170
 132.264    0.090   -0.103    0.137
 132.308    0.095   -0.109    0.145
 132.352    0.147   -0.071    0.164
 132.396    0.132   -0.009    0.132
 132.440    0.124    0.013    0.125
 132.484    0.155    0.047    0.162
 132.527    0.109    0.032    0.113
 132.571    0.117    0.030    0.121
 132.615    0.122    0.023    0.125
 132.659    0.162   -0.019    0.163
 132.703    0.110   -0.019    0.111
 132.747    0.097   -0.053    0.111
 132.791    0.147   -0.065    0.161
 132.835    0.088   -0.056    0.104
 132.879    0.086   -0.051    0.099
 132.923    0.121   -0.038    0.127
 132.967    0.064   -0.012    0.065
 133.011    0.054   -0.010    0.055
 133.055    0.073   -0.001    0.073
 133.099    0.024   -0.004    0.024
 133.143    0.033    0.004    0.033
 133.187    0.080   -0.009    0.080
 133.231    0.058    0.001    0.058
 133.275    0.065   -0.003    0.065
 133.319    0.131    0.001    0.131
 133.363    0.072   -0.002    0.072
 133.407    0.062   -0.013    0.063
 133.451    0.073   -0.038    0.083
 133.495    0.017   -0.017    0.024
 133.538    0.018   -0.017    0.025
 133.582    0.010   -0.021    0.024
 133.626    0.032   -0.064    0.072
 133.670    0.012   -0.012    0.017
 133.714    0.024   -0.017    0.029
 133.758    0.050   -0.010    0.051
 133.802    0.011   -0.000    0.011
 133.846    0.022    0.002    0.022
 133.890    0.023   -0.004    0.024
 133.934    0.010   -0.003    0.011
 133.978    0.008   -0.001    0.008
 134.022    0.005   -0.009    0.011
 134.066    0.003   -0.004    0.005
 134.110    0.002    0.002    0.003
 134.154   -0.005    0.151    0.151
 134.198    0.000    0.122    0.122
 134.242   -0.003    0.129    0.129
 134.286   -0.010    0.177    0.177
 134.330   -0.004    0.055    0.055
 134.374    0.000    0.011    0.011
 134.418   -0.003   -0.038    0.039
 134.462    0.001   -0.044    0.044
 134.505    0.008   -0.042    0.043
 134.549    0.015   -0.062    0.063
 134.593    0.012   -0.072    0.073
 134.637    0.006   -0.011    0.012
 134.681    0.001   -0.002    0.002
 134.725   -0.001   -0.001    0.002
 134.769   -0.005    0.003    0.006
 134.813   -0.007    0.001    0.007
 134.857   -0.006    0.004    0.007
 134.901   -0.001    0.002    0.002
 134.945    0.001    0.001    0.002
 134.989    0.000    0.001    0.001
