 120.000    0.012   -0.037    0.039
 120.100    0.005   -0.029    0.029
 120.200    0.006   -0.030    0.030
 120.300    0.009   -0.026    0.028
 120.400    0.006   -0.026    0.027
 120.500    0.004   -0.029    0.029
 120.600    0.004   -0.026    0.026
 120.700    0.008   -0.030    0.031
 120.800    0.006   -0.026    0.027
 120.900    0.007   -0.028    0.029
 121.000    0.003   -0.025    0.025
 121.100    0.002   -0.024    0.024
 121.200   -0.001   -0.024    0.024
 121.300    0.001   -0.027    0.027
 121.400    0.003   -0.025    0.025
 121.500    0.002   -0.025    0.025
 121.600    0.005   -0.026    0.026
 121.700    0.000   -0.027    0.027
 121.800    0.006   -0.021    0.021
 121.900    0.007   -0.021    0.022
 122.000    0.004   -0.028    0.028
 122.100    0.004   -0.024    0.024
 122.200    0.003   -0.026    0.026
 122.300    0.002   -0.025    0.026
 122.400    0.003   -0.026    0.027
 122.500    0.004   -0.026    0.026
 122.600    0.006   -0.021    0.022
 122.700    0.005   -0.024    0.024
 122.800    0.003   -0.023    0.023
 122.900    0.004   -0.025    0.025
 123.000    0.005   -0.022    0.022
 123.100    0.004   -0.022    0.022
 123.200    0.003   -0.022    0.023
 123.300    0.004   -0.022    0.022
 123.400    0.002   -0.021    0.022
 123.500    0.002   -0.020    0.020
 123.600    0.002   -0.022    0.022
 123.700    0.001   -0.022    0.022
 123.800    0.002   -0.022    0.022
 123.900   -0.000   -0.018    0.018
 124.000    0.002   -0.019    0.019
 124.100    0.001   -0.017    0.017
 124.200    0.003   -0.019    0.020
 124.300   -0.001   -0.021    0.021
 124.400    0.002   -0.014    0.014
 124.500    0.004   -0.012    0.013
 124.600    0.002   -0.017    0.018
 124.700    0.004   -0.015    0.015
 124.800    0.001   -0.016    0.016
 124.900    0.001   -0.016    0.016
 125.000    0.006   -0.010    0.012
 125.100    0.001   -0.016    0.016
 125.200    0.004   -0.013    0.014
 125.300    0.003   -0.013    0.014
 125.400    0.002   -0.012    0.012
 125.500    0.002   -0.010    0.010
 125.600    0.002   -0.011    0.012
 125.700    0.001   -0.010    0.010
 125.800    0.003   -0.012    0.012
 125.900    0.002   -0.010    0.010
 126.000    0.002   -0.018    0.018
 126.100    0.002   -0.009    0.009
 126.200    0.002   -0.009    0.009
 126.300    0.001   -0.008    0.008
 126.400    0.001   -0.007    0.007
 126.500    0.001   -0.008    0.008
 126.600    0.000   -0.009    0.009
 126.700   -0.000   -0.005    0.005
 126.800    0.002   -0.008    0.008
 126.900    0.002   -0.007    0.007
 127.000   -0.001   -0.009    0.009
 127.100    0.001   -0.003    0.004
 127.200   -0.001   -0.007    0.007
 127.300    0.000   -0.007    0.007
 127.400    0.001   -0.006    0.006
 127.500   -0.002   -0.005    0.006
 127.600   -0.001   -0.005    0.005
 127.700   -0.001   -0.003    0.003
 127.800    0.001   -0.004    0.004
 127.900   -0.001   -0.006    0.006
 128.000    0.001   -0.005    0.005
 128.100   -0.000   -0.005    0.005
 128.200   -0.001   -0.002    0.002
 128.300   -0.002   -0.001    0.002
 128.400    0.000   -0.004    0.004
 128.500    0.002   -0.002    0.003
 128.600   -0.002   -0.001    0.002
 128.700    0.001   -0.002    0.002
 128.800   -0.001    0.002    0.002
 128.900    0.002    0.002    0.003
 129.000   -0.001    0.000    0.001
 129.100    0.001    0.002    0.002
 129.200    0.000    0.000    0.000
 129.300   -0.000    0.003    0.003
 129.400    0.000    0.000    0.000
 129.500    0.002    0.002    0.002
 129.600   -0.000   -0.004    0.004
 129.700    0.002    0.007    0.008
 129.800    0.005    0.008    0.010
 129.900    0.002    0.001    0.002
 130.000    0.004    0.007    0.008
 130.100   -0.000    0.001    0.001
 130.200    0.001   -0.001    0.002
 130.300   -0.002   -0.002    0.003
 130.400   -0.001   -0.001    0.001
 130.500   -0.000   -0.001    0.001
 130.600   -0.000    0.005    0.006
 130.700    0.003    0.004    0.005
 130.800    0.003    0.002    0.004
 130.900    0.005    0.006    0.008
 131.000    0.006    0.010    0.011
 131.100    0.003    0.005    0.006
 131.200    0.000    0.006    0.006
 131.300   -0.001    0.005    0.005
 131.400   -0.003    0.006    0.007
 131.500   -0.002    0.005    0.005
 131.600   -0.001    0.004    0.005
 131.700   -0.001    0.005    0.006
 131.800    0.001    0.002    0.002
 131.900    0.001    0.004    0.004
 132.000   -0.002    0.002    0.003
 132.100   -0.002    0.005    0.005
 132.200   -0.002    0.003    0.004
 132.300   -0.004    0.003    0.005
 132.400    0.001    0.007    0.007
 132.500    0.001    0.007    0.007
 132.600   -0.002    0.005    0.006
 132.700   -0.002    0.006    0.007
 132.800   -0.001    0.008    0.008
 132.900   -0.002    0.004    0.005
 133.000   -0.002    0.007    0.007
 133.100   -0.001    0.007    0.007
 133.200   -0.002    0.009    0.009
 133.300   -0.004    0.009    0.010
 133.400   -0.006    0.009    0.010
 133.500   -0.006    0.007    0.009
 133.600   -0.006    0.009    0.010
 133.700   -0.002    0.007    0.007
 133.800    0.001    0.006    0.006
 133.900    0.003    0.007    0.008
 134.000   -0.002    0.003    0.004
 134.100   -0.003    0.002    0.004
 134.200   -0.003    0.001    0.003
 134.300   -0.006   -0.003    0.007
 134.400   -0.007    0.003    0.008
 134.500   -0.007   -0.002    0.007
 134.600   -0.006   -0.000    0.006
 134.700   -0.005    0.001    0.005
 134.800   -0.007    0.001    0.007
 134.900   -0.005   -0.005    0.008
 135.000   -0.001    0.003    0.003
 135.100   -0.007    0.005    0.009
 135.200   -0.007    0.004    0.008
 135.300   -0.006    0.004    0.007
 135.400   -0.006    0.004    0.007
 135.500   -0.006    0.002    0.006
 135.600   -0.005    0.005    0.007
 135.700   -0.008    0.005    0.010
 135.800   -0.006    0.002    0.006
 135.900   -0.008    0.002    0.008
 136.000   -0.008    0.004    0.009
 136.100   -0.006    0.004    0.007
 136.200   -0.006    0.005    0.008
 136.300   -0.007    0.003    0.008
 136.400   -0.008    0.004    0.009
 136.500   -0.006    0.005    0.007
 136.600   -0.007    0.006    0.010
 136.700   -0.004    0.005    0.007
 136.800   -0.005    0.002    0.005
 136.900   -0.005    0.003    0.006
 137.000   -0.006    0.007    0.009
 137.100   -0.006    0.004    0.008
 137.200   -0.007    0.007    0.009
 137.300   -0.005    0.009    0.010
 137.400   -0.005    0.007    0.009
 137.500   -0.006    0.006    0.009
 137.600   -0.008    0.004    0.009
 137.700   -0.005    0.006    0.008
 137.800   -0.003    0.006    0.007
 137.900   -0.007    0.006    0.009
 138.000   -0.006    0.003    0.007
 138.100   -0.006    0.005    0.008
 138.200   -0.008    0.005    0.009
 138.300   -0.008    0.006    0.010
 138.400   -0.007    0.008    0.011
 138.500   -0.010    0.008    0.013
 138.600   -0.007    0.007    0.010
 138.700   -0.009    0.008    0.012
 138.800   -0.012    0.005    0.013
 138.900   -0.006    0.006    0.008
 139.000   -0.006    0.005    0.008
 139.100   -0.009    0.008    0.013
 139.200   -0.007    0.007    0.009
 139.300   -0.006    0.006    0.009
 139.400   -0.005    0.007    0.009
 139.500   -0.006    0.010    0.012
 139.600   -0.007    0.011    0.014
 139.700   -0.007    0.010    0.012
 139.800   -0.004    0.015    0.016
 139.900   -0.004    0.013    0.013
 140.000   -0.000    0.016    0.016
 140.100   -0.009    0.012    0.014
 140.200   -0.010    0.010    0.014
 140.300   -0.004    0.012    0.012
 140.400   -0.012    0.005    0.013
 140.500   -0.006    0.011    0.012
 140.600   -0.006    0.016    0.017
 140.700   -0.005    0.012    0.013
 140.800   -0.007    0.013    0.015
 140.900   -0.007    0.016    0.017
 141.000   -0.007    0.016    0.017
 141.100   -0.008    0.015    0.017
 141.200   -0.008    0.016    0.018
 141.300   -0.008    0.015    0.017
 141.400   -0.007    0.016    0.017
 141.500   -0.009    0.012    0.015
 141.600   -0.008    0.010    0.013
 141.700   -0.009    0.013    0.016
 141.800   -0.008    0.013    0.015
 141.900   -0.010    0.013    0.016
 142.000   -0.010    0.011    0.015
 142.100   -0.010    0.013    0.017
 142.200   -0.008    0.012    0.014
 142.300   -0.006    0.011    0.013
 142.400   -0.006    0.012    0.013
 142.500   -0.004    0.011    0.012
 142.600   -0.003    0.007    0.008
 142.700   -0.005   -0.004    0.006
 142.800   -0.003    0.006    0.007
 142.900   -0.008   -0.003    0.008
 143.000   -0.003    0.019    0.019
 143.100   -0.003    0.020    0.020
 143.200   -0.010    0.001    0.010
 143.300   -0.010    0.001    0.010
 143.400   -0.009    0.001    0.009
 143.500   -0.004   -0.003    0.005
 143.600   -0.007    0.005    0.008
 143.700   -0.005    0.011    0.012
 143.800   -0.007    0.015    0.017
 143.900   -0.002    0.013    0.013
 144.000   -0.002    0.018    0.018
 144.100   -0.001    0.014    0.014
 144.200   -0.004    0.013    0.013
 144.300   -0.002    0.018    0.018
 144.400   -0.002    0.014    0.014
 144.500   -0.000    0.015    0.015
 144.600   -0.004    0.014    0.014
 144.700   -0.004    0.014    0.015
 144.800   -0.005    0.015    0.016
 144.900   -0.002    0.017    0.017
 145.000    0.003    0.020    0.020
 145.100   -0.003    0.011    0.012
 145.200   -0.002    0.013    0.013
 145.300   -0.001    0.012    0.012
 145.400    0.000    0.012    0.012
 145.500   -0.005    0.005    0.008
 145.600   -0.001    0.015    0.015
 145.700   -0.001    0.014    0.014
 145.800   -0.004    0.012    0.013
 145.900   -0.001    0.009    0.009
 146.000   -0.008    0.008    0.011
 146.100   -0.011    0.009    0.014
 146.200   -0.008    0.006    0.011
 146.300   -0.008    0.007    0.011
 146.400   -0.013    0.014    0.019
 146.500   -0.007    0.010    0.012
 146.600   -0.010    0.014    0.017
 146.700   -0.016    0.013    0.020
 146.800   -0.013    0.016    0.020
 146.900   -0.019    0.007    0.021
 147.000   -0.016    0.015    0.022
 147.100   -0.013    0.015    0.020
 147.200   -0.014    0.012    0.018
 147.300   -0.010    0.011    0.015
 147.400   -0.010    0.017    0.020
 147.500   -0.010    0.017    0.019
 147.600   -0.011    0.020    0.023
 147.700   -0.008    0.019    0.020
 147.800   -0.008    0.018    0.020
 147.900   -0.006    0.017    0.018
 148.000   -0.009    0.017    0.019
 148.100   -0.010    0.019    0.021
 148.200   -0.009    0.012    0.015
 148.300   -0.004    0.020    0.020
 148.400   -0.006    0.017    0.018
 148.500   -0.007    0.011    0.013
 148.600   -0.010    0.010    0.014
 148.700   -0.012    0.012    0.017
 148.800   -0.007    0.012    0.014
 148.900   -0.010    0.013    0.016
 149.000   -0.010    0.008    0.013
 149.100   -0.005    0.015    0.016
 149.200   -0.006    0.013    0.015
 149.300   -0.009    0.018    0.021
 149.400   -0.009    0.007    0.012
 149.500   -0.011    0.011    0.016
 149.600   -0.015    0.006    0.016
 149.700   -0.013    0.010    0.016
 149.800   -0.017    0.007    0.019
 149.900   -0.017    0.005    0.018
 150.000   -0.016    0.015    0.022
 150.100   -0.028    0.005    0.029
 150.200   -0.031    0.007    0.032
 150.300   -0.029    0.004    0.029
 150.400   -0.029    0.014    0.032
 150.500   -0.018    0.012    0.022
 150.600   -0.018    0.018    0.025
 150.700   -0.016    0.024    0.028
 150.800   -0.011    0.020    0.023
 150.900   -0.003    0.017    0.017
 151.000   -0.004    0.017    0.017
 151.100   -0.009    0.019    0.021
 151.200   -0.009    0.019    0.021
 151.300   -0.009    0.018    0.020
 151.400   -0.009    0.018    0.020
 151.500   -0.007    0.015    0.017
 151.600   -0.006    0.017    0.018
 151.700   -0.008    0.017    0.019
 151.800   -0.006    0.017    0.018
 151.900   -0.005    0.018    0.018
 152.000   -0.004    0.018    0.018
 152.100   -0.003    0.012    0.012
 152.200   -0.004    0.013    0.014
 152.300   -0.001    0.016    0.016
 152.400   -0.000    0.019    0.019
 152.500    0.001    0.019    0.019
 152.600   -0.001    0.021    0.021
 152.700   -0.002    0.019    0.019
 152.800   -0.003    0.020    0.020
 152.900   -0.003    0.017    0.017
 153.000    0.000    0.022    0.022
 153.100    0.003    0.027    0.028
 153.200    0.002    0.024    0.024
 153.300    0.003    0.024    0.024
 153.400   -0.004    0.025    0.025
 153.500   -0.002   -0.000    0.002
 153.600    0.008    0.032    0.033
 153.700    0.009    0.028    0.030
 153.800   -0.003    0.018    0.018
 153.900   -0.000    0.016    0.016
 154.000   -0.004    0.026    0.026
 154.100    0.000    0.032    0.032
 154.200   -0.003    0.027    0.027
 154.300   -0.007    0.026    0.027
 154.400   -0.007    0.029    0.030
 154.500   -0.009    0.019    0.021
 154.600   -0.012    0.022    0.025
 154.700   -0.011    0.019    0.022
 154.800   -0.012    0.022    0.025
 154.900   -0.008    0.024    0.025
 155.000   -0.004    0.028    0.029
 155.100   -0.009    0.021    0.023
 155.200   -0.013    0.022    0.025
 155.300   -0.009    0.021    0.022
 155.400   -0.009    0.018    0.021
 155.500   -0.008    0.019    0.021
 155.600   -0.009    0.021    0.023
 155.700   -0.011    0.020    0.023
 155.800   -0.012    0.023    0.026
 155.900   -0.009    0.022    0.024
 156.000   -0.016    0.020    0.025
 156.100   -0.011    0.020    0.023
 156.200   -0.004    0.017    0.018
 156.300   -0.005    0.020    0.020
 156.400   -0.012    0.020    0.023
 156.500   -0.012    0.022    0.025
 156.600   -0.010    0.026    0.028
 156.700   -0.008    0.027    0.028
 156.800   -0.009    0.026    0.028
 156.900   -0.010    0.026    0.028
 157.000   -0.010    0.029    0.031
 157.100   -0.010    0.028    0.030
 157.200   -0.011    0.030    0.032
 157.300   -0.011    0.028    0.030
 157.400   -0.011    0.028    0.031
 157.500   -0.012    0.031    0.034
 157.600   -0.010    0.029    0.031
 157.700   -0.011    0.032    0.034
 157.800   -0.007    0.030    0.031
 157.900   -0.011    0.029    0.031
 158.000   -0.010    0.031    0.032
 158.100   -0.010    0.033    0.034
 158.200   -0.013    0.033    0.036
 158.300   -0.012    0.029    0.031
 158.400   -0.011    0.029    0.031
 158.500   -0.009    0.030    0.031
 158.600   -0.011    0.031    0.033
 158.700   -0.008    0.026    0.027
 158.800   -0.015    0.024    0.029
 158.900   -0.007    0.035    0.035
 159.000   -0.008    0.032    0.033
 159.100   -0.016    0.022    0.027
 159.200   -0.020    0.016    0.026
 159.300   -0.016    0.017    0.024
 159.400   -0.021    0.018    0.028
 159.500   -0.024    0.024    0.034
 159.600   -0.028    0.023    0.036
 159.700   -0.023    0.031    0.039
 159.800   -0.016    0.044    0.047
 159.900   -0.011    0.038    0.040
 160.000    0.003    0.036    0.036
 160.100   -0.001    0.038    0.038
 160.200   -0.005    0.032    0.032
 160.300   -0.006    0.034    0.034
 160.400   -0.003    0.032    0.032
 160.500   -0.005    0.030    0.031
 160.600   -0.004    0.029    0.029
 160.700   -0.001    0.029    0.029
 160.800   -0.003    0.028    0.028
 160.900   -0.001    0.030    0.030
 161.000   -0.002    0.030    0.030
 161.100   -0.005    0.032    0.033
 161.200   -0.005    0.032    0.032
 161.300   -0.002    0.038    0.038
 161.400   -0.002    0.033    0.033
 161.500   -0.001    0.034    0.034
 161.600    0.002    0.034    0.034
 161.700    0.001    0.037    0.037
 161.800    0.002    0.036    0.036
 161.900   -0.002    0.038    0.038
 162.000   -0.003    0.037    0.037
 162.100    0.001    0.040    0.040
 162.200    0.004    0.034    0.034
 162.300    0.001    0.037    0.037
 162.400    0.007    0.033    0.034
 162.500    0.007    0.034    0.035
 162.600    0.007    0.038    0.039
 162.700    0.007    0.034    0.034
 162.800    0.008    0.037    0.037
 162.900    0.009    0.039    0.040
 163.000    0.007    0.037    0.038
 163.100    0.006    0.038    0.038
 163.200    0.009    0.046    0.047
 163.300    0.011    0.042    0.043
 163.400    0.014    0.032    0.035
 163.500    0.013    0.036    0.038
 163.600    0.012    0.036    0.038
 163.700    0.019    0.041    0.045
 163.800    0.015    0.042    0.044
 163.900    0.009    0.041    0.042
 164.000    0.001    0.035    0.035
 164.100   -0.013    0.024    0.027
 164.200   -0.008    0.033    0.034
 164.300   -0.005    0.036    0.037
 164.400   -0.013    0.034    0.036
 164.500   -0.006    0.025    0.025
 164.600   -0.006    0.026    0.026
 164.700   -0.004    0.029    0.030
 164.800   -0.006    0.029    0.030
 164.900   -0.011    0.029    0.031
 165.000   -0.008    0.030    0.031
 165.100   -0.017    0.025    0.030
 165.200   -0.017    0.027    0.031
 165.300   -0.011    0.030    0.032
 165.400   -0.007    0.030    0.031
 165.500   -0.005    0.027    0.027
 165.600   -0.003    0.028    0.028
 165.700   -0.005    0.030    0.030
 165.800   -0.003    0.025    0.025
 165.900   -0.003    0.027    0.028
 166.000   -0.004    0.027    0.027
 166.100   -0.001    0.025    0.025
 166.200   -0.001    0.027    0.027
 166.300    0.000    0.023    0.023
 166.400   -0.001    0.022    0.022
 166.500   -0.000    0.021    0.021
 166.600   -0.002    0.024    0.024
 166.700   -0.007    0.023    0.024
 166.800    0.008    0.025    0.027
 166.900    0.007    0.023    0.024
 167.000   -0.002    0.022    0.022
 167.100   -0.004    0.022    0.023
 167.200    0.002    0.019    0.020
 167.300   -0.002    0.020    0.020
 167.400   -0.003    0.020    0.020
 167.500   -0.006    0.020    0.021
 167.600   -0.004    0.018    0.019
 167.700   -0.003    0.017    0.017
 167.800   -0.014    0.005    0.015
 167.900   -0.004    0.012    0.013
 168.000   -0.007    0.017    0.018
 168.100   -0.008    0.018    0.019
 168.200   -0.007    0.017    0.018
 168.300   -0.007    0.017    0.018
 168.400   -0.006    0.026    0.027
 168.500   -0.001    0.022    0.022
 168.600   -0.009    0.021    0.023
 168.700   -0.008    0.018    0.020
 168.800   -0.005    0.020    0.021
 168.900   -0.004    0.018    0.019
 169.000   -0.005    0.020    0.020
 169.100   -0.003    0.018    0.018
 169.200   -0.002    0.016    0.017
 169.300   -0.004    0.010    0.011
 169.400    0.000    0.019    0.019
 169.500    0.005    0.026    0.026
 169.600   -0.000    0.023    0.023
 169.700   -0.002    0.025    0.025
 169.800   -0.003    0.024    0.024
 169.900    0.001    0.024    0.024
 170.000    0.004    0.026    0.026
 170.100    0.001    0.022    0.022
 170.200   -0.000    0.027    0.027
 170.300    0.002    0.027    0.027
 170.400   -0.003    0.024    0.024
 170.500    0.003    0.026    0.026
 170.600    0.005    0.027    0.028
 170.700    0.001    0.026    0.026
 170.800    0.001    0.023    0.023
 170.900    0.003    0.025    0.025
 171.000    0.004    0.022    0.023
 171.100   -0.001    0.024    0.024
 171.200    0.001    0.025    0.025
 171.300    0.001    0.023    0.023
 171.400    0.005    0.024    0.025
 171.500    0.006    0.028    0.029
 171.600    0.006    0.027    0.027
 171.700    0.005    0.027    0.028
 171.800    0.007    0.030    0.031
 171.900    0.001    0.029    0.029
 172.000    0.012    0.030    0.032
 172.100    0.015    0.034    0.037
 172.200    0.006    0.031    0.032
 172.300    0.009    0.031    0.032
 172.400    0.007    0.035    0.035
 172.500    0.009    0.033    0.034
 172.600    0.009    0.033    0.035
 172.700    0.011    0.035    0.037
 172.800    0.007    0.033    0.034
 172.900    0.012    0.029    0.031
 173.000    0.011    0.030    0.032
 173.100    0.011    0.031    0.033
 173.200    0.010    0.033    0.034
 173.300    0.009    0.035    0.036
 173.400    0.007    0.034    0.035
 173.500    0.008    0.033    0.034
 173.600    0.006    0.034    0.035
 173.700    0.007    0.037    0.037
 173.800    0.007    0.036    0.036
 173.900    0.002    0.035    0.035
 174.000    0.005    0.036    0.036
 174.100    0.006    0.035    0.036
 174.200    0.005    0.035    0.035
 174.300    0.005    0.031    0.031
 174.400    0.005    0.032    0.033
 174.500    0.001    0.032    0.032
 174.600   -0.009    0.020    0.022
 174.700    0.012    0.036    0.038
 174.800    0.012    0.032    0.034
 174.900    0.003    0.020    0.020
 175.000    0.005    0.023    0.024
 175.100   -0.000   -0.000    0.000
 175.200   -0.001    0.005    0.005
 175.300   -0.002    0.011    0.011
 175.400   -0.002    0.009    0.009
 175.500   -0.003    0.004    0.005
 175.600   -0.001    0.005    0.005
 175.700   -0.003    0.006    0.007
 175.800   -0.003    0.004    0.005
 175.900   -0.003    0.001    0.003
 176.000   -0.005    0.005    0.007
 176.100   -0.006    0.010    0.012
 176.200    0.000    0.007    0.007
 176.300   -0.002    0.009    0.009
 176.400   -0.002    0.008    0.008
 176.500   -0.003    0.008    0.008
 176.600   -0.005    0.007    0.008
 176.700   -0.005    0.006    0.008
 176.800   -0.007    0.009    0.011
 176.900   -0.007    0.004    0.008
 177.000   -0.007    0.002    0.007
 177.100   -0.006    0.003    0.007
 177.200   -0.012   -0.002    0.012
 177.300    0.000    0.011    0.011
 177.400   -0.000    0.013    0.013
 177.500   -0.008    0.006    0.010
 177.600   -0.011    0.010    0.014
 177.700   -0.007    0.006    0.009
 177.800   -0.006    0.009    0.011
 177.900   -0.009    0.007    0.012
 178.000   -0.009    0.008    0.012
 178.100   -0.004    0.001    0.004
 178.200   -0.002    0.004    0.004
 178.300   -0.003    0.004    0.005
 178.400   -0.004    0.003    0.005
 178.500   -0.005   -0.002    0.006
 178.600   -0.006   -0.000    0.006
 178.700   -0.005   -0.000    0.005
 178.800   -0.001    0.001    0.002
 178.900   -0.002   -0.002    0.003
 179.000   -0.002   -0.002    0.003
 179.100   -0.006    0.001    0.006
 179.200   -0.002   -0.002    0.003
 179.300   -0.007   -0.003    0.008
 179.400   -0.007   -0.001    0.007
 179.500   -0.004   -0.002    0.004
 179.600   -0.004   -0.001    0.004
 179.700   -0.006   -0.002    0.006
 179.800   -0.005   -0.001    0.005
 179.900   -0.005   -0.001    0.005
 180.000   -0.003   -0.001    0.003
 180.100   -0.007   -0.003    0.008
 180.200   -0.006   -0.000    0.006
 180.300   -0.005   -0.001    0.005
 180.400   -0.005   -0.002    0.005
 180.500   -0.005   -0.001    0.005
 180.600   -0.005   -0.002    0.006
 180.700   -0.007   -0.002    0.008
 180.800   -0.006   -0.001    0.006
 180.900   -0.008   -0.002    0.008
 181.000   -0.009   -0.003    0.009
 181.100   -0.007   -0.000    0.007
 181.200   -0.009   -0.002    0.009
 181.300   -0.006   -0.001    0.006
 181.400   -0.008   -0.003    0.009
 181.500   -0.008   -0.001    0.009
 181.600   -0.008   -0.003    0.008
 181.700   -0.008   -0.002    0.008
 181.800   -0.007   -0.003    0.008
 181.900   -0.008   -0.002    0.008
 182.000   -0.007   -0.001    0.007
 182.100   -0.007   -0.001    0.007
 182.200   -0.008    0.000    0.008
 182.300   -0.006   -0.001    0.006
 182.400   -0.009   -0.004    0.010
 182.500   -0.006    0.001    0.006
 182.600   -0.007   -0.001    0.007
 182.700   -0.007    0.001    0.007
 182.800   -0.007   -0.001    0.007
 182.900   -0.006   -0.001    0.006
 183.000   -0.007   -0.000    0.007
 183.100   -0.008    0.001    0.008
 183.200   -0.006   -0.001    0.007
 183.300   -0.004    0.001    0.004
 183.400   -0.007    0.001    0.007
 183.500   -0.005   -0.001    0.005
 183.600   -0.009   -0.003    0.010
 183.700   -0.008   -0.001    0.008
 183.800   -0.008    0.002    0.008
 183.900   -0.006   -0.002    0.007
 184.000   -0.007   -0.001    0.007
 184.100   -0.006   -0.000    0.006
 184.200   -0.007   -0.000    0.007
 184.300   -0.008    0.001    0.008
 184.400   -0.009    0.001    0.009
 184.500   -0.008   -0.001    0.008
 184.600   -0.008   -0.001    0.008
 184.700   -0.007    0.002    0.007
 184.800   -0.010    0.000    0.010
 184.900   -0.008   -0.001    0.008
 185.000   -0.004    0.006    0.007
 185.100   -0.011    0.000    0.011
 185.200   -0.010    0.002    0.010
 185.300   -0.008    0.001    0.008
 185.400   -0.008    0.003    0.009
 185.500   -0.010    0.001    0.011
 185.600   -0.009    0.002    0.010
 185.700   -0.010    0.004    0.011
 185.800   -0.009    0.003    0.010
 185.900   -0.009    0.004    0.010
 186.000   -0.011    0.005    0.012
 186.100   -0.008    0.002    0.008
 186.200   -0.010    0.001    0.010
 186.300   -0.010    0.005    0.011
 186.400   -0.008    0.004    0.009
 186.500   -0.008    0.004    0.009
 186.600   -0.009    0.003    0.010
 186.700   -0.006    0.004    0.007
 186.800   -0.006    0.002    0.007
 186.900   -0.006    0.002    0.007
 187.000   -0.005    0.001    0.006
 187.100   -0.004    0.003    0.005
 187.200   -0.002   -0.000    0.002
 187.300   -0.004    0.002    0.004
 187.400   -0.006    0.002    0.006
 187.500   -0.002    0.003    0.004
 187.600   -0.004    0.002    0.004
 187.700   -0.003    0.001    0.003
 187.800   -0.004    0.002    0.005
 187.900   -0.004   -0.000    0.004
 188.000   -0.005    0.000    0.005
 188.100   -0.005   -0.003    0.006
 188.200   -0.007   -0.002    0.007
 188.300   -0.000   -0.003    0.003
 188.400   -0.009    0.000    0.009
 188.500   -0.009    0.001    0.009
 188.600   -0.007    0.004    0.008
 188.700   -0.008    0.005    0.010
 188.800   -0.006    0.002    0.006
 188.900   -0.007    0.002    0.007
 189.000   -0.006    0.005    0.008
 189.100   -0.007    0.002    0.007
 189.200   -0.008    0.001    0.008
 189.300   -0.008    0.002    0.008
 189.400   -0.006    0.001    0.006
 189.500   -0.007    0.001    0.008
 189.600   -0.012    0.002    0.012
 189.700   -0.008   -0.000    0.008
 189.800   -0.012    0.001    0.012
 189.900   -0.009    0.010    0.013
 190.000   -0.005   -0.002    0.005
 190.100   -0.013    0.004    0.013
 190.200   -0.017    0.001    0.017
 190.300   -0.012    0.003    0.012
 190.400   -0.011   -0.011    0.016
 190.500   -0.009    0.005    0.011
 190.600   -0.012    0.004    0.012
 190.700   -0.016    0.006    0.017
 190.800   -0.013   -0.008    0.016
 190.900   -0.012   -0.004    0.013
 191.000   -0.017   -0.002    0.017
 191.100   -0.017   -0.000    0.017
 191.200   -0.014   -0.001    0.014
 191.300   -0.015   -0.005    0.016
 191.400   -0.015   -0.008    0.017
 191.500   -0.014   -0.009    0.017
 191.600   -0.018   -0.009    0.020
 191.700   -0.019   -0.008    0.020
 191.800   -0.020   -0.008    0.022
 191.900   -0.019   -0.006    0.020
 192.000   -0.019   -0.012    0.023
 192.100   -0.021   -0.016    0.027
 192.200   -0.026   -0.017    0.031
 192.300   -0.028   -0.016    0.032
 192.400   -0.025   -0.017    0.030
 192.500   -0.040   -0.032    0.051
 192.600   -0.019   -0.004    0.019
 192.700   -0.019   -0.003    0.019
 192.800   -0.028   -0.006    0.028
 192.900   -0.025   -0.011    0.027
 193.000   -0.019   -0.010    0.022
 193.100   -0.017   -0.003    0.018
 193.200   -0.017   -0.005    0.018
 193.300   -0.016   -0.008    0.018
 193.400   -0.013   -0.008    0.015
 193.500   -0.017   -0.007    0.018
 193.600   -0.016   -0.006    0.017
 193.700   -0.016   -0.006    0.017
 193.800   -0.015   -0.008    0.017
 193.900   -0.016   -0.008    0.018
 194.000   -0.015   -0.005    0.016
 194.100   -0.013   -0.008    0.015
 194.200   -0.013   -0.007    0.015
 194.300   -0.012   -0.006    0.013
 194.400   -0.014   -0.005    0.015
 194.500   -0.012   -0.008    0.014
 194.600   -0.012   -0.007    0.014
 194.700   -0.013   -0.006    0.014
 194.800   -0.011   -0.006    0.012
 194.900   -0.011   -0.007    0.013
 195.000   -0.010    0.002    0.010
 195.100   -0.011   -0.006    0.013
 195.200   -0.013   -0.004    0.013
 195.300   -0.008   -0.008    0.011
 195.400   -0.010   -0.006    0.012
 195.500   -0.011   -0.007    0.013
 195.600   -0.013   -0.007    0.015
 195.700   -0.008   -0.007    0.011
 195.800   -0.009   -0.004    0.010
 195.900   -0.008   -0.004    0.009
 196.000   -0.009   -0.004    0.010
 196.100   -0.011   -0.006    0.012
 196.200   -0.011   -0.003    0.011
 196.300   -0.008   -0.005    0.009
 196.400   -0.009   -0.003    0.009
 196.500   -0.009   -0.004    0.010
 196.600   -0.008   -0.005    0.009
 196.700   -0.008   -0.004    0.009
 196.800   -0.008   -0.007    0.010
 196.900   -0.006   -0.005    0.008
 197.000   -0.005   -0.003    0.006
 197.100   -0.007   -0.004    0.008
 197.200   -0.009   -0.003    0.010
 197.300   -0.007   -0.004    0.008
 197.400   -0.007   -0.003    0.007
 197.500   -0.008   -0.003    0.008
 197.600   -0.006   -0.003    0.007
 197.700   -0.006   -0.003    0.007
 197.800   -0.008   -0.004    0.009
 197.900   -0.003   -0.002    0.004
 198.000   -0.006    0.001    0.006
 198.100   -0.005   -0.001    0.006
 198.200   -0.003   -0.003    0.004
 198.300   -0.006   -0.000    0.006
 198.400   -0.003   -0.003    0.004
 198.500   -0.003   -0.001    0.003
 198.600   -0.004   -0.002    0.004
 198.700   -0.003   -0.002    0.004
 198.800   -0.007    0.000    0.007
 198.900   -0.004    0.001    0.004
 199.000   -0.002    0.001    0.002
 199.100   -0.003   -0.001    0.003
 199.200   -0.002   -0.004    0.005
 199.300   -0.000    0.002    0.002
 199.400   -0.002   -0.001    0.002
 199.500   -0.004    0.002    0.004
 199.600   -0.003    0.001    0.003
 199.700   -0.004   -0.001    0.005
 199.800   -0.002   -0.001    0.002
 199.900   -0.002   -0.000    0.002
 200.000    0.005    0.003    0.006
 200.100   -0.001   -0.001    0.002
 200.200   -0.001   -0.001    0.001
 200.300   -0.002   -0.001    0.002
 200.400   -0.005   -0.011    0.012
 200.500   -0.002   -0.008    0.008
 200.600    0.001    0.000    0.001
 200.700    0.002    0.001    0.002
 200.800   -0.001   -0.001    0.002
 200.900    0.001   -0.003    0.003
 201.000   -0.001   -0.003    0.003
 201.100   -0.003    0.001    0.003
 201.200   -0.002   -0.001    0.002
 201.300   -0.003   -0.003    0.004
 201.400   -0.003   -0.001    0.003
 201.500   -0.004   -0.003    0.005
 201.600   -0.002    0.001    0.002
 201.700   -0.001   -0.003    0.003
 201.800   -0.003   -0.003    0.004
 201.900   -0.004   -0.004    0.006
 202.000   -0.005   -0.003    0.006
 202.100   -0.006   -0.007    0.010
 202.200   -0.004   -0.007    0.008
 202.300   -0.008   -0.010    0.013
 202.400   -0.010   -0.006    0.011
 202.500   -0.007   -0.008    0.010
 202.600   -0.009   -0.004    0.009
 202.700   -0.012   -0.001    0.012
 202.800   -0.014   -0.005    0.015
 202.900   -0.013   -0.006    0.014
 203.000   -0.010   -0.005    0.011
 203.100   -0.016   -0.011    0.019
 203.200   -0.007   -0.002    0.007
 203.300   -0.004   -0.002    0.005
 203.400   -0.018   -0.004    0.018
 203.500   -0.018   -0.007    0.019
 203.600   -0.023   -0.010    0.025
 203.700   -0.017   -0.008    0.019
 203.800   -0.018   -0.009    0.020
 203.900   -0.011   -0.007    0.013
 204.000   -0.013   -0.007    0.015
 204.100   -0.003   -0.003    0.004
 204.200   -0.008   -0.002    0.008
 204.300   -0.003    0.001    0.003
 204.400    0.000   -0.001    0.001
 204.500    0.001   -0.001    0.001
 204.600    0.001   -0.000    0.001
 204.700    0.001   -0.001    0.001
 204.800    0.000   -0.002    0.002
 204.900    0.001   -0.002    0.002
 205.000    0.005    0.003    0.006
 205.100   -0.001   -0.000    0.001
 205.200   -0.002   -0.003    0.003
 205.300   -0.000    0.000    0.000
 205.400    0.001   -0.001    0.001
 205.500    0.001   -0.002    0.002
 205.600    0.001   -0.001    0.001
 205.700    0.001   -0.001    0.002
 205.800   -0.000    0.001    0.001
 205.900    0.000   -0.001    0.001
 206.000    0.002   -0.001    0.003
 206.100   -0.001   -0.001    0.002
 206.200    0.000    0.002    0.002
 206.300    0.000   -0.002    0.002
 206.400   -0.002   -0.000    0.002
 206.500   -0.001   -0.002    0.003
 206.600    0.001   -0.004    0.004
 206.700    0.001   -0.006    0.006
 206.800    0.000   -0.004    0.004
 206.900    0.002   -0.004    0.005
 207.000    0.000   -0.004    0.004
 207.100    0.003   -0.004    0.005
 207.200    0.003   -0.002    0.004
 207.300    0.002   -0.004    0.005
 207.400    0.004   -0.002    0.004
 207.500    0.003   -0.004    0.005
 207.600    0.002   -0.003    0.004
 207.700    0.004   -0.005    0.006
 207.800    0.003   -0.003    0.005
 207.900    0.004   -0.004    0.006
 208.000    0.006   -0.004    0.007
 208.100    0.006   -0.005    0.008
 208.200    0.007   -0.004    0.008
 208.300    0.004   -0.003    0.005
 208.400    0.005   -0.006    0.007
 208.500    0.006   -0.004    0.007
 208.600    0.008   -0.002    0.008
 208.700    0.008   -0.005    0.010
 208.800    0.008   -0.002    0.009
 208.900    0.007   -0.007    0.010
 209.000    0.009   -0.005    0.010
 209.100    0.007   -0.007    0.010
 209.200    0.008   -0.006    0.010
 209.300    0.010   -0.007    0.012
 209.400    0.009   -0.006    0.011
 209.500    0.010   -0.006    0.012
 209.600    0.009   -0.007    0.011
 209.700    0.011   -0.006    0.012
 209.800    0.011   -0.007    0.013
 209.900    0.010   -0.008    0.013
 210.000    0.010    0.004    0.011
 210.100    0.012   -0.009    0.015
 210.200    0.010   -0.012    0.016
 210.300    0.012   -0.010    0.015
 210.400    0.013   -0.009    0.015
 210.500    0.014   -0.010    0.017
 210.600    0.014   -0.008    0.017
 210.700    0.013   -0.008    0.015
 210.800    0.013   -0.011    0.017
 210.900    0.012   -0.011    0.016
 211.000    0.011   -0.012    0.016
 211.100    0.014   -0.012    0.018
 211.200    0.016   -0.005    0.016
 211.300    0.013   -0.009    0.016
 211.400    0.014   -0.009    0.017
 211.500    0.013   -0.009    0.016
 211.600    0.014   -0.009    0.017
 211.700    0.014   -0.011    0.018
 211.800    0.013   -0.014    0.019
 211.900    0.014   -0.016    0.021
 212.000    0.015   -0.011    0.019
 212.100    0.014   -0.011    0.017
 212.200    0.013   -0.012    0.018
 212.300    0.012   -0.015    0.019
 212.400    0.010   -0.015    0.018
 212.500    0.014   -0.015    0.020
 212.600    0.013   -0.015    0.020
 212.700    0.012   -0.015    0.019
 212.800    0.014   -0.016    0.022
 212.900    0.012   -0.014    0.019
 213.000    0.012   -0.013    0.018
 213.100    0.012   -0.016    0.020
 213.200    0.015   -0.016    0.022
 213.300    0.013   -0.020    0.023
 213.400    0.013   -0.018    0.022
 213.500    0.013   -0.018    0.022
 213.600    0.013   -0.017    0.021
 213.700    0.021   -0.022    0.030
 213.800    0.015   -0.017    0.022
 213.900    0.015   -0.019    0.024
 214.000    0.012   -0.020    0.024
 214.100    0.014   -0.021    0.025
 214.200    0.014   -0.017    0.022
 214.300    0.016   -0.019    0.025
 214.400    0.016   -0.016    0.023
 214.500    0.015   -0.018    0.024
 214.600    0.016   -0.016    0.023
 214.700    0.015   -0.016    0.022
 214.800    0.017   -0.016    0.024
 214.900    0.020   -0.020    0.028
 215.000    0.022   -0.021    0.030
 215.100    0.024   -0.028    0.037
 215.200    0.025   -0.032    0.040
 215.300    0.021   -0.026    0.034
 215.400    0.024   -0.028    0.037
 215.500    0.023   -0.031    0.038
 215.600    0.022   -0.031    0.038
 215.700    0.017   -0.037    0.041
 215.800    0.015   -0.036    0.039
 215.900    0.014   -0.033    0.036
 216.000    0.014   -0.035    0.037
 216.100    0.015   -0.033    0.036
 216.200    0.009   -0.030    0.031
 216.300    0.017   -0.027    0.031
 216.400    0.016   -0.030    0.034
 216.500    0.018   -0.020    0.027
 216.600    0.010   -0.021    0.023
 216.700    0.016   -0.025    0.030
 216.800    0.013   -0.026    0.029
 216.900    0.009   -0.024    0.026
 217.000    0.013   -0.026    0.030
 217.100    0.015   -0.025    0.029
 217.200    0.008   -0.032    0.033
 217.300    0.012   -0.025    0.027
 217.400    0.007   -0.024    0.025
 217.500    0.011   -0.026    0.028
 217.600    0.011   -0.024    0.027
 217.700    0.015   -0.024    0.028
 217.800    0.015   -0.022    0.027
 217.900    0.016   -0.028    0.032
 218.000    0.017   -0.031    0.036
 218.100    0.018   -0.031    0.036
 218.200    0.015   -0.035    0.038
 218.300    0.017   -0.035    0.039
 218.400    0.016   -0.037    0.040
 218.500    0.020   -0.037    0.042
 218.600    0.022   -0.036    0.042
 218.700    0.022   -0.036    0.042
 218.800    0.021   -0.035    0.041
 218.900    0.022   -0.035    0.041
 219.000    0.016   -0.036    0.039
 219.100    0.022   -0.031    0.038
 219.200    0.023   -0.031    0.039
 219.300    0.019   -0.035    0.040
 219.400    0.019   -0.038    0.042
 219.500    0.021   -0.035    0.041
 219.600    0.017   -0.036    0.040
 219.700    0.021   -0.036    0.042
 219.800    0.020   -0.035    0.040
 219.900    0.018   -0.038    0.042
 220.000    0.021   -0.026    0.034
 220.100    0.020   -0.035    0.040
 220.200    0.022   -0.036    0.042
 220.300    0.019   -0.030    0.035
 220.400    0.018   -0.028    0.033
 220.500   -0.007   -0.043    0.043
 220.600    0.016   -0.033    0.037
 220.700    0.016   -0.032    0.036
 220.800    0.017   -0.038    0.042
 220.900    0.020   -0.029    0.036
 221.000    0.019   -0.028    0.034
 221.100    0.020   -0.028    0.035
 221.200    0.020   -0.030    0.036
 221.300    0.020   -0.024    0.031
 221.400    0.017   -0.026    0.031
 221.500    0.018   -0.028    0.034
 221.600    0.018   -0.029    0.034
 221.700    0.015   -0.029    0.033
 221.800    0.016   -0.028    0.032
 221.900    0.017   -0.031    0.035
 222.000    0.012   -0.027    0.030
 222.100    0.015   -0.030    0.033
 222.200    0.009   -0.033    0.034
 222.300    0.012   -0.030    0.033
 222.400    0.011   -0.031    0.033
 222.500    0.010   -0.024    0.026
 222.600    0.012   -0.025    0.028
 222.700    0.010   -0.026    0.027
 222.800    0.012   -0.025    0.027
 222.900    0.009   -0.022    0.024
 223.000    0.010   -0.027    0.028
 223.100    0.010   -0.026    0.028
 223.200    0.012   -0.030    0.032
 223.300    0.013   -0.025    0.028
 223.400    0.011   -0.024    0.026
 223.500    0.010   -0.024    0.026
 223.600    0.012   -0.024    0.027
 223.700    0.012   -0.024    0.027
 223.800    0.011   -0.025    0.027
 223.900    0.012   -0.020    0.023
 224.000    0.015   -0.019    0.024
 224.100    0.015   -0.022    0.027
 224.200    0.011   -0.023    0.026
 224.300    0.008   -0.025    0.026
 224.400    0.008   -0.023    0.024
 224.500    0.009   -0.025    0.026
 224.600    0.010   -0.026    0.028
 224.700    0.009   -0.025    0.027
 224.800    0.007   -0.023    0.024
 224.900    0.012   -0.020    0.023
 225.000    0.015   -0.013    0.020
 225.100    0.014   -0.021    0.025
 225.200    0.014   -0.021    0.025
 225.300    0.012   -0.023    0.025
 225.400    0.013   -0.020    0.024
 225.500    0.014   -0.023    0.027
 225.600    0.016   -0.026    0.030
 225.700    0.015   -0.020    0.025
 225.800    0.014   -0.022    0.026
 225.900    0.012   -0.021    0.025
 226.000    0.016   -0.022    0.027
 226.100    0.013   -0.021    0.025
 226.200    0.017   -0.020    0.026
 226.300    0.012   -0.023    0.026
 226.400    0.015   -0.020    0.025
 226.500    0.014   -0.016    0.021
 226.600    0.013   -0.016    0.021
 226.700    0.015   -0.018    0.024
 226.800    0.014   -0.020    0.024
 226.900    0.016   -0.020    0.025
 227.000    0.015   -0.018    0.024
 227.100    0.014   -0.019    0.024
 227.200    0.013   -0.020    0.024
 227.300    0.015   -0.017    0.023
 227.400    0.011   -0.019    0.022
 227.500    0.013   -0.016    0.020
 227.600    0.012   -0.016    0.020
 227.700    0.012   -0.015    0.019
 227.800    0.010   -0.016    0.019
 227.900    0.012   -0.013    0.017
 228.000    0.011   -0.014    0.018
 228.100    0.011   -0.010    0.015
 228.200    0.009   -0.010    0.014
 228.300    0.008   -0.010    0.013
 228.400    0.009   -0.009    0.013
 228.500    0.007   -0.007    0.009
 228.600    0.008   -0.008    0.011
 228.700    0.008   -0.007    0.011
 228.800    0.007   -0.007    0.010
 228.900    0.004   -0.006    0.007
 229.000    0.005   -0.005    0.007
 229.100    0.004   -0.009    0.009
 229.200    0.005   -0.006    0.008
 229.300    0.005   -0.001    0.005
 229.400    0.004   -0.007    0.008
 229.500    0.005   -0.005    0.007
 229.600    0.004   -0.004    0.006
 229.700    0.004   -0.004    0.005
 229.800    0.006   -0.006    0.009
 229.900    0.005   -0.002    0.006
 230.000    0.009    0.001    0.009
 230.100    0.004   -0.005    0.006
 230.200    0.005   -0.003    0.006
 230.300    0.004   -0.001    0.004
 230.400    0.003   -0.007    0.008
 230.500    0.004   -0.003    0.005
 230.600    0.003   -0.004    0.005
 230.700    0.005   -0.002    0.005
 230.800    0.001   -0.002    0.002
 230.900    0.005   -0.001    0.005
 231.000    0.002   -0.001    0.002
 231.100    0.004   -0.001    0.004
 231.200    0.003    0.000    0.003
 231.300    0.005    0.000    0.005
 231.400    0.004    0.002    0.004
 231.500    0.005    0.003    0.005
 231.600    0.002    0.002    0.003
 231.700    0.002   -0.016    0.017
 231.800    0.003    0.004    0.005
 231.900    0.002    0.003    0.004
 232.000   -0.004   -0.000    0.004
 232.100   -0.005    0.004    0.007
 232.200   -0.006    0.002    0.006
 232.300   -0.006    0.001    0.006
 232.400   -0.004    0.003    0.005
 232.500   -0.005   -0.003    0.006
 232.600   -0.008   -0.004    0.009
 232.700   -0.006   -0.003    0.007
 232.800   -0.003   -0.010    0.010
 232.900   -0.002   -0.004    0.004
 233.000    0.002    0.002    0.002
 233.100    0.006    0.004    0.007
 233.200    0.003    0.005    0.006
 233.300    0.004    0.004    0.006
 233.400    0.004    0.003    0.005
 233.500    0.003    0.003    0.004
 233.600    0.001    0.005    0.005
 233.700    0.003    0.006    0.007
 233.800    0.001    0.005    0.005
 233.900    0.002    0.006    0.007
 234.000    0.001    0.008    0.008
 234.100    0.003    0.004    0.004
 234.200    0.003    0.002    0.003
 234.300    0.005    0.003    0.005
 234.400    0.004    0.005    0.006
 234.500    0.005    0.007    0.009
 234.600    0.005    0.007    0.009
 234.700    0.004    0.003    0.005
 234.800    0.005    0.004    0.006
 234.900    0.003    0.006    0.007
 235.000    0.007    0.011    0.013
 235.100    0.003    0.001    0.003
 235.200   -0.001   -0.003    0.003
 235.300    0.000   -0.001    0.001
 235.400   -0.001    0.000    0.001
 235.500    0.002    0.006    0.006
 235.600    0.002    0.005    0.005
 235.700   -0.000    0.006    0.006
 235.800   -0.002    0.009    0.009
 235.900    0.001    0.007    0.007
 236.000   -0.001    0.009    0.009
 236.100   -0.002    0.007    0.007
 236.200   -0.004    0.005    0.006
 236.300   -0.004    0.007    0.008
 236.400   -0.006    0.007    0.009
 236.500   -0.006    0.001    0.006
 236.600   -0.004    0.010    0.011
 236.700   -0.003    0.009    0.010
 236.800   -0.003    0.013    0.014
 236.900   -0.002    0.013    0.013
 237.000   -0.011    0.013    0.017
 237.100   -0.001    0.010    0.010
 237.200   -0.003    0.010    0.010
 237.300   -0.005    0.005    0.007
 237.400   -0.004    0.006    0.007
 237.500   -0.002    0.003    0.003
 237.600   -0.006    0.010    0.011
 237.700   -0.003    0.001    0.003
 237.800   -0.007    0.006    0.009
 237.900   -0.004    0.004    0.006
 238.000   -0.005    0.005    0.007
 238.100   -0.003    0.001    0.003
 238.200   -0.006    0.006    0.008
 238.300   -0.005    0.005    0.007
 238.400   -0.004    0.004    0.005
 238.500   -0.006    0.005    0.008
 238.600   -0.007    0.005    0.009
 238.700   -0.007    0.004    0.008
 238.800   -0.005    0.007    0.009
 238.900   -0.005    0.006    0.007
 239.000   -0.007    0.007    0.010
 239.100   -0.005    0.006    0.008
 239.200   -0.007    0.006    0.009
 239.300   -0.007    0.006    0.009
 239.400   -0.006    0.007    0.009
 239.500   -0.007    0.006    0.009
 239.600   -0.007    0.004    0.008
 239.700   -0.007    0.006    0.009
 239.800   -0.004    0.009    0.010
 239.900   -0.004    0.010    0.011
 240.000   -0.003    0.011    0.011
 240.100   -0.005    0.003    0.005
 240.200   -0.007    0.007    0.010
 240.300   -0.007    0.005    0.009
 240.400   -0.007    0.004    0.008
 240.500   -0.007    0.006    0.009
 240.600   -0.004    0.005    0.006
 240.700   -0.004    0.004    0.006
 240.800   -0.005    0.003    0.006
 240.900   -0.003    0.007    0.007
 241.000   -0.007    0.005    0.008
 241.100   -0.005    0.006    0.008
 241.200   -0.007    0.007    0.010
 241.300   -0.006    0.007    0.009
 241.400   -0.003    0.007    0.008
 241.500   -0.004    0.005    0.007
 241.600   -0.004    0.004    0.006
 241.700   -0.005    0.006    0.008
 241.800   -0.001    0.006    0.006
 241.900   -0.001    0.007    0.007
 242.000    0.002    0.006    0.006
 242.100   -0.001    0.004    0.004
 242.200   -0.001    0.006    0.006
 242.300   -0.001    0.004    0.005
 242.400   -0.003    0.003    0.004
 242.500    0.005    0.000    0.005
 242.600   -0.001    0.006    0.006
 242.700   -0.000    0.010    0.010
 242.800   -0.002    0.004    0.004
 242.900    0.000    0.007    0.007
 243.000   -0.003    0.010    0.010
 243.100   -0.001    0.007    0.007
 243.200   -0.001    0.008    0.008
 243.300   -0.000    0.007    0.007
 243.400   -0.000    0.007    0.007
 243.500    0.003    0.006    0.007
 243.600   -0.002    0.004    0.004
 243.700   -0.002    0.008    0.008
 243.800   -0.004    0.008    0.009
 243.900   -0.006    0.007    0.009
 244.000   -0.003    0.006    0.006
 244.100   -0.002    0.005    0.006
 244.200   -0.000    0.006    0.006
 244.300    0.001    0.005    0.006
 244.400    0.003    0.002    0.003
 244.500   -0.000    0.001    0.001
 244.600    0.000    0.006    0.006
 244.700   -0.003    0.002    0.003
 244.800   -0.000    0.000    0.000
 244.900   -0.011   -0.006    0.013
 245.000    0.007    0.013    0.014
 245.100   -0.000    0.008    0.008
 245.200   -0.010   -0.012    0.016
 245.300   -0.013   -0.020    0.024
 245.400   -0.015   -0.014    0.021
 245.500   -0.017   -0.011    0.021
 245.600   -0.018   -0.010    0.021
 245.700   -0.014   -0.009    0.017
 245.800   -0.023   -0.016    0.028
 245.900   -0.013   -0.005    0.014
 246.000   -0.018   -0.003    0.018
 246.100   -0.007    0.003    0.008
 246.200   -0.007    0.004    0.008
 246.300   -0.003    0.011    0.012
 246.400    0.001    0.014    0.014
 246.500   -0.004    0.008    0.009
 246.600   -0.005    0.012    0.013
 246.700   -0.007    0.011    0.013
 246.800   -0.008    0.011    0.014
 246.900   -0.007    0.010    0.013
 247.000   -0.007    0.012    0.013
 247.100   -0.006    0.006    0.009
 247.200   -0.009    0.006    0.011
 247.300   -0.003    0.002    0.004
 247.400   -0.010    0.004    0.011
 247.500   -0.018   -0.001    0.018
 247.600   -0.008    0.012    0.015
 247.700   -0.025   -0.018    0.030
 247.800   -0.019    0.007    0.020
 247.900   -0.018    0.003    0.018
 248.000   -0.019    0.004    0.020
 248.100   -0.020   -0.003    0.020
 248.200   -0.027   -0.001    0.027
 248.300   -0.023   -0.002    0.023
 248.400   -0.021   -0.000    0.021
 248.500   -0.021   -0.001    0.022
 248.600   -0.023   -0.011    0.025
 248.700   -0.019   -0.001    0.019
 248.800   -0.022   -0.015    0.026
 248.900   -0.016   -0.014    0.021
 249.000   -0.015   -0.001    0.015
 249.100    0.002   -0.014    0.014
 249.200    0.006   -0.003    0.007
 249.300    0.017    0.002    0.017
 249.400    0.012    0.017    0.021
 249.500    0.006    0.017    0.018
 249.600    0.005    0.015    0.016
 249.700   -0.006    0.005    0.008
 249.800   -0.006    0.008    0.010
 249.900   -0.004    0.007    0.008
 250.000    0.001    0.011    0.011
 250.100   -0.008    0.004    0.009
 250.200    0.001    0.007    0.007
 250.300   -0.001    0.006    0.006
 250.400   -0.008    0.006    0.010
 250.500   -0.006    0.008    0.010
 250.600   -0.006    0.006    0.009
 250.700   -0.003    0.006    0.007
 250.800   -0.005    0.001    0.005
 250.900   -0.005    0.009    0.010
 251.000   -0.005    0.007    0.009
 251.100   -0.006    0.005    0.008
 251.200   -0.004    0.006    0.007
 251.300   -0.004    0.005    0.006
 251.400   -0.007    0.005    0.009
 251.500   -0.009    0.004    0.010
 251.600   -0.007    0.003    0.008
 251.700   -0.008    0.008    0.011
 251.800   -0.011    0.006    0.012
 251.900   -0.012    0.005    0.013
 252.000   -0.010    0.007    0.012
 252.100   -0.028   -0.014    0.032
 252.200   -0.011    0.005    0.013
 252.300   -0.011    0.001    0.011
 252.400   -0.012    0.001    0.012
 252.500   -0.012    0.003    0.013
 252.600   -0.018   -0.007    0.019
 252.700   -0.004    0.009    0.010
 252.800    0.001    0.015    0.015
 252.900   -0.003    0.012    0.012
 253.000   -0.003    0.010    0.010
 253.100   -0.004    0.013    0.014
 253.200    0.000    0.012    0.012
 253.300   -0.001    0.011    0.011
 253.400   -0.000    0.011    0.011
 253.500    0.002    0.011    0.012
 253.600    0.000    0.012    0.012
 253.700    0.004    0.015    0.016
 253.800    0.002    0.016    0.016
 253.900    0.004    0.014    0.015
 254.000   -0.001    0.007    0.007
 254.100    0.001    0.010    0.010
 254.200   -0.002    0.005    0.006
 254.300   -0.004    0.007    0.008
 254.400   -0.003    0.006    0.007
 254.500   -0.002    0.006    0.006
 254.600   -0.002    0.009    0.009
 254.700   -0.002    0.007    0.007
 254.800   -0.003    0.007    0.008
 254.900   -0.001    0.009    0.009
 255.000    0.004    0.012    0.013
 255.100   -0.003    0.009    0.009
 255.200   -0.003    0.010    0.011
 255.300   -0.002    0.006    0.007
 255.400   -0.001    0.010    0.010
 255.500   -0.002    0.013    0.013
 255.600   -0.006    0.012    0.013
 255.700   -0.001    0.011    0.011
 255.800    0.002    0.011    0.011
 255.900   -0.000    0.010    0.010
 256.000    0.003    0.009    0.009
 256.100    0.000    0.007    0.007
 256.200    0.001    0.009    0.009
 256.300   -0.001    0.008    0.008
 256.400    0.001    0.007    0.007
 256.500   -0.000    0.007    0.007
 256.600   -0.001    0.004    0.004
 256.700   -0.004    0.009    0.010
 256.800   -0.003    0.005    0.006
 256.900    0.000    0.004    0.004
 257.000   -0.003   -0.000    0.003
 257.100   -0.003    0.001    0.003
 257.200   -0.008   -0.001    0.008
 257.300   -0.002    0.007    0.007
 257.400   -0.000    0.010    0.010
 257.500   -0.004    0.009    0.010
 257.600    0.001    0.007    0.007
 257.700   -0.003    0.002    0.004
 257.800   -0.004    0.001    0.004
 257.900   -0.000    0.007    0.007
 258.000    0.001    0.007    0.007
 258.100   -0.002    0.001    0.002
 258.200   -0.001    0.003    0.003
 258.300   -0.003    0.003    0.004
 258.400   -0.003    0.003    0.004
 258.500   -0.004    0.003    0.005
 258.600   -0.003    0.003    0.004
 258.700   -0.001    0.002    0.003
 258.800   -0.003    0.003    0.004
 258.900   -0.001    0.004    0.004
 259.000   -0.002    0.007    0.007
 259.100   -0.001    0.004    0.004
 259.200   -0.005    0.003    0.005
 259.300   -0.000    0.004    0.004
 259.400   -0.001    0.006    0.006
 259.500    0.000    0.007    0.007
 259.600   -0.000    0.006    0.006
 259.700    0.001    0.004    0.004
 259.800    0.005    0.003    0.006
 259.900    0.001    0.006    0.006
 260.000    0.006    0.007    0.009
 260.100   -0.001   -0.003    0.003
 260.200   -0.001   -0.002    0.002
 260.300   -0.001   -0.000    0.001
 260.400   -0.003   -0.009    0.010
 260.500   -0.002   -0.006    0.006
 260.600    0.004    0.005    0.006
 260.700   -0.001    0.007    0.007
 260.800   -0.002   -0.006    0.006
 260.900   -0.004   -0.007    0.008
 261.000   -0.004   -0.013    0.013
 261.100   -0.005   -0.012    0.013
 261.200   -0.004   -0.015    0.016
 261.300   -0.002   -0.013    0.013
 261.400   -0.001   -0.023    0.023
 261.500    0.004   -0.018    0.018
 261.600    0.003   -0.019    0.019
 261.700    0.012   -0.007    0.014
 261.800    0.014    0.002    0.014
 261.900    0.011    0.005    0.013
 262.000    0.013    0.003    0.014
 262.100    0.014    0.003    0.014
 262.200    0.006    0.001    0.006
 262.300    0.004   -0.003    0.005
 262.400    0.003   -0.001    0.003
 262.500    0.004   -0.003    0.005
 262.600    0.003   -0.001    0.003
 262.700   -0.001   -0.001    0.002
 262.800    0.004    0.000    0.004
 262.900    0.004    0.001    0.004
 263.000    0.001   -0.002    0.002
 263.100    0.002   -0.000    0.002
 263.200    0.002   -0.001    0.003
 263.300    0.002   -0.001    0.003
 263.400    0.003   -0.003    0.004
 263.500    0.001   -0.002    0.002
 263.600    0.004    0.002    0.004
 263.700    0.005    0.002    0.005
 263.800    0.005    0.000    0.005
 263.900    0.005   -0.001    0.005
 264.000    0.005   -0.004    0.007
 264.100    0.006    0.000    0.006
 264.200    0.007   -0.004    0.008
 264.300    0.008   -0.001    0.008
 264.400    0.010   -0.003    0.010
 264.500    0.009   -0.000    0.009
 264.600    0.009   -0.003    0.009
 264.700    0.010   -0.001    0.010
 264.800    0.012   -0.004    0.013
 264.900    0.010   -0.001    0.010
 265.000    0.014    0.003    0.015
 265.100    0.009   -0.002    0.009
 265.200    0.009   -0.005    0.010
 265.300    0.010    0.001    0.010
 265.400    0.010    0.000    0.010
 265.500    0.010   -0.000    0.010
 265.600    0.008    0.002    0.009
 265.700    0.010    0.000    0.010
 265.800    0.003    0.003    0.004
 265.900    0.004    0.003    0.005
 266.000    0.005    0.002    0.006
 266.100    0.005    0.003    0.006
 266.200    0.005    0.005    0.007
 266.300    0.005    0.003    0.006
 266.400    0.002    0.002    0.003
 266.500    0.005    0.005    0.007
 266.600    0.006    0.005    0.008
 266.700    0.005    0.003    0.006
 266.800    0.005    0.004    0.006
 266.900    0.005    0.005    0.007
 267.000    0.004    0.005    0.007
 267.100    0.004    0.007    0.008
 267.200    0.005    0.005    0.007
 267.300    0.003    0.006    0.007
 267.400    0.005    0.005    0.007
 267.500    0.005    0.004    0.007
 267.600    0.004    0.006    0.008
 267.700    0.006    0.006    0.009
 267.800    0.004    0.005    0.007
 267.900    0.006    0.006    0.008
 268.000    0.003    0.006    0.007
 268.100    0.005    0.004    0.007
 268.200    0.006    0.004    0.007
 268.300    0.008    0.002    0.009
 268.400    0.006    0.006    0.008
 268.500    0.007    0.005    0.008
 268.600    0.008    0.005    0.009
 268.700    0.006    0.005    0.007
 268.800    0.006    0.006    0.008
 268.900    0.005    0.003    0.006
 269.000    0.005    0.004    0.007
 269.100    0.005    0.002    0.006
 269.200    0.006    0.004    0.007
 269.300    0.003    0.006    0.007
 269.400    0.003    0.003    0.005
 269.500    0.006    0.005    0.008
 269.600    0.007    0.004    0.008
 269.700    0.007    0.003    0.008
 269.800    0.008    0.004    0.009
 269.900    0.004    0.004    0.006
 270.000    0.005    0.001    0.005
 270.100    0.005   -0.000    0.005
 270.200    0.004    0.000    0.004
 270.300    0.004   -0.001    0.004
 270.400    0.006    0.003    0.007
 270.500    0.006    0.003    0.007
 270.600    0.007    0.006    0.009
 270.700    0.005    0.003    0.006
 270.800    0.004    0.006    0.008
 270.900    0.008    0.007    0.011
 271.000    0.006    0.000    0.006
 271.100    0.008    0.009    0.012
 271.200    0.007    0.005    0.009
 271.300    0.004    0.002    0.005
 271.400    0.006    0.002    0.007
 271.500    0.008    0.002    0.009
 271.600    0.005   -0.000    0.005
 271.700    0.006    0.002    0.006
 271.800    0.006    0.001    0.006
 271.900    0.006    0.003    0.007
 272.000    0.007   -0.001    0.007
 272.100    0.007    0.000    0.007
 272.200    0.005   -0.000    0.005
 272.300    0.006   -0.002    0.007
 272.400    0.008   -0.002    0.008
 272.500    0.004   -0.002    0.004
 272.600    0.007   -0.000    0.007
 272.700    0.005   -0.004    0.006
 272.800    0.001   -0.002    0.002
 272.900    0.005   -0.000    0.005
 273.000    0.002   -0.000    0.002
 273.100    0.003    0.001    0.003
 273.200    0.003   -0.000    0.003
 273.300    0.004    0.000    0.004
 273.400    0.004   -0.002    0.004
 273.500    0.002   -0.003    0.004
 273.600    0.001   -0.008    0.008
 273.700    0.006    0.003    0.007
 273.800    0.007    0.004    0.008
 273.900    0.005   -0.003    0.006
 274.000    0.004   -0.001    0.005
 274.100    0.005   -0.002    0.005
 274.200    0.004   -0.003    0.004
 274.300    0.001   -0.001    0.002
 274.400   -0.000    0.000    0.000
 274.500    0.002   -0.002    0.003
 274.600    0.003   -0.002    0.004
 274.700    0.004   -0.003    0.005
 274.800    0.002    0.001    0.002
 274.900    0.005   -0.001    0.005
 275.000    0.007    0.003    0.008
 275.100    0.008   -0.003    0.009
 275.200    0.008   -0.003    0.009
 275.300    0.007   -0.003    0.008
 275.400    0.007   -0.003    0.008
 275.500    0.009   -0.004    0.010
 275.600    0.006   -0.003    0.006
 275.700    0.003   -0.004    0.005
 275.800    0.006   -0.004    0.007
 275.900    0.006   -0.007    0.009
 276.000    0.005   -0.008    0.009
 276.100    0.004   -0.006    0.007
 276.200    0.001   -0.003    0.003
 276.300    0.006   -0.009    0.011
 276.400    0.001   -0.005    0.005
 276.500    0.000   -0.006    0.006
 276.600    0.004   -0.009    0.009
 276.700    0.005   -0.010    0.011
 276.800    0.005   -0.008    0.009
 276.900    0.005   -0.009    0.011
 277.000    0.005   -0.009    0.010
 277.100    0.005   -0.009    0.010
 277.200    0.006   -0.018    0.019
 277.300    0.008   -0.010    0.013
 277.400    0.011   -0.010    0.015
 277.500    0.010   -0.010    0.014
 277.600    0.008   -0.010    0.013
 277.700    0.010   -0.011    0.015
 277.800    0.010   -0.010    0.014
 277.900    0.012   -0.010    0.015
 278.000    0.011   -0.010    0.015
 278.100    0.008   -0.009    0.012
 278.200    0.007   -0.022    0.023
 278.300    0.008   -0.009    0.012
 278.400    0.008   -0.012    0.014
 278.500    0.006   -0.007    0.009
 278.600    0.005   -0.006    0.008
 278.700    0.003   -0.006    0.007
 278.800    0.004   -0.007    0.008
 278.900    0.004   -0.009    0.010
 279.000    0.000   -0.004    0.004
 279.100   -0.002   -0.005    0.005
 279.200   -0.000   -0.005    0.005
 279.300   -0.000   -0.006    0.006
 279.400    0.002   -0.006    0.006
 279.500   -0.000   -0.005    0.005
 279.600    0.001   -0.004    0.005
 279.700    0.002   -0.004    0.005
 279.800    0.003   -0.007    0.008
 279.900    0.004   -0.006    0.007
 280.000    0.009   -0.001    0.009
 280.100    0.005   -0.011    0.012
 280.200    0.005   -0.005    0.007
 280.300    0.006   -0.008    0.010
 280.400    0.008   -0.007    0.011
 280.500    0.005   -0.007    0.009
 280.600    0.010   -0.009    0.013
 280.700    0.009   -0.006    0.010
 280.800    0.007   -0.008    0.011
 280.900    0.007   -0.006    0.010
 281.000    0.008   -0.006    0.010
 281.100    0.008   -0.007    0.011
 281.200    0.007   -0.006    0.009
 281.300    0.007   -0.007    0.009
 281.400    0.006   -0.006    0.009
 281.500    0.007   -0.005    0.009
 281.600    0.007   -0.006    0.009
 281.700    0.000   -0.004    0.004
 281.800    0.001   -0.004    0.004
 281.900    0.002   -0.004    0.005
 282.000    0.001   -0.002    0.002
 282.100    0.002   -0.003    0.004
 282.200   -0.001   -0.003    0.004
 282.300    0.004   -0.002    0.004
 282.400    0.003   -0.004    0.005
 282.500    0.004   -0.004    0.006
 282.600    0.004   -0.003    0.005
 282.700    0.004   -0.006    0.008
 282.800    0.004   -0.004    0.005
 282.900    0.007   -0.007    0.010
 283.000    0.006   -0.006    0.008
 283.100    0.008   -0.007    0.011
 283.200    0.004   -0.003    0.005
 283.300    0.006   -0.004    0.007
 283.400    0.005   -0.003    0.006
 283.500    0.007   -0.007    0.010
 283.600    0.005   -0.002    0.005
 283.700    0.004   -0.004    0.006
 283.800    0.003   -0.003    0.004
 283.900    0.006   -0.005    0.008
 284.000    0.005   -0.005    0.007
 284.100    0.003   -0.003    0.004
 284.200    0.006   -0.003    0.006
 284.300   -0.000   -0.003    0.003
 284.400    0.002   -0.001    0.003
 284.500    0.002   -0.003    0.004
 284.600    0.003   -0.003    0.004
 284.700    0.002   -0.002    0.003
 284.800    0.001   -0.003    0.003
 284.900   -0.002   -0.002    0.003
 285.000    0.006    0.003    0.006
 285.100   -0.001   -0.004    0.004
 285.200   -0.001   -0.000    0.002
 285.300   -0.001   -0.003    0.003
 285.400   -0.001   -0.002    0.002
 285.500   -0.000   -0.001    0.001
 285.600   -0.003   -0.002    0.003
 285.700   -0.001   -0.001    0.001
 285.800   -0.001    0.001    0.002
 285.900   -0.002   -0.000    0.002
 286.000   -0.001   -0.001    0.001
 286.100   -0.004    0.000    0.004
 286.200   -0.003   -0.000    0.003
 286.300   -0.002   -0.000    0.002
 286.400   -0.003    0.000    0.003
 286.500   -0.000    0.001    0.001
 286.600   -0.001    0.001    0.002
 286.700   -0.002   -0.001    0.002
 286.800   -0.006    0.002    0.007
 286.900   -0.003    0.001    0.003
 287.000   -0.003   -0.002    0.004
 287.100   -0.002    0.003    0.004
 287.200   -0.004    0.001    0.004
 287.300   -0.004    0.002    0.005
 287.400   -0.004    0.001    0.004
 287.500   -0.004    0.001    0.005
 287.600   -0.005    0.001    0.005
 287.700   -0.005    0.002    0.005
 287.800   -0.004    0.002    0.005
 287.900   -0.005    0.002    0.005
 288.000   -0.003    0.008    0.009
 288.100   -0.005   -0.001    0.005
 288.200   -0.005    0.003    0.006
 288.300   -0.005    0.002    0.005
 288.400   -0.004    0.004    0.006
 288.500   -0.006    0.001    0.006
 288.600   -0.006    0.002    0.006
 288.700   -0.007    0.003    0.008
 288.800   -0.006    0.003    0.007
 288.900   -0.005    0.003    0.006
 289.000   -0.006    0.003    0.007
 289.100   -0.005    0.003    0.006
 289.200   -0.006    0.005    0.008
 289.300   -0.004    0.002    0.005
 289.400   -0.007    0.005    0.008
 289.500   -0.008    0.003    0.008
 289.600   -0.004    0.001    0.004
 289.700   -0.005    0.002    0.005
 289.800   -0.007    0.004    0.008
 289.900   -0.007    0.004    0.008
 290.000   -0.002    0.007    0.007
 290.100   -0.006    0.004    0.007
 290.200   -0.007    0.004    0.008
 290.300   -0.007    0.003    0.008
 290.400   -0.008    0.003    0.008
 290.500   -0.006    0.004    0.007
 290.600   -0.007    0.004    0.008
 290.700   -0.005    0.002    0.005
 290.800   -0.007    0.002    0.007
 290.900   -0.003    0.002    0.004
 291.000   -0.007    0.003    0.008
 291.100   -0.007    0.004    0.008
 291.200   -0.006    0.003    0.007
 291.300   -0.006    0.005    0.008
 291.400   -0.005    0.004    0.007
 291.500   -0.005    0.005    0.007
 291.600   -0.004    0.002    0.005
 291.700   -0.007    0.003    0.007
 291.800   -0.005    0.007    0.009
 291.900   -0.004    0.006    0.007
 292.000   -0.005    0.004    0.007
 292.100   -0.003    0.007    0.008
 292.200   -0.006    0.008    0.010
 292.300   -0.004    0.004    0.006
 292.400   -0.004    0.007    0.008
 292.500   -0.003    0.005    0.006
 292.600   -0.003    0.006    0.007
 292.700   -0.004    0.008    0.009
 292.800   -0.006    0.006    0.008
 292.900   -0.006    0.006    0.008
 293.000   -0.004    0.006    0.008
 293.100   -0.006    0.005    0.008
 293.200   -0.005    0.007    0.009
 293.300   -0.003    0.006    0.007
 293.400   -0.004    0.007    0.008
 293.500   -0.003    0.006    0.007
 293.600   -0.004    0.007    0.008
 293.700   -0.004    0.007    0.008
 293.800   -0.003    0.006    0.007
 293.900   -0.003    0.006    0.006
 294.000   -0.002    0.005    0.006
 294.100   -0.004    0.009    0.010
 294.200   -0.004    0.006    0.007
 294.300   -0.003    0.008    0.008
 294.400   -0.002    0.008    0.008
 294.500    0.000    0.006    0.006
 294.600   -0.002   -0.014    0.014
 294.700   -0.003    0.005    0.006
 294.800    0.001    0.009    0.009
 294.900    0.001    0.008    0.008
 295.000    0.002    0.014    0.014
 295.100    0.002    0.006    0.007
 295.200   -0.001    0.004    0.005
 295.300    0.002    0.010    0.010
 295.400    0.000    0.008    0.008
 295.500    0.001    0.008    0.008
 295.600    0.003    0.008    0.009
 295.700    0.001    0.008    0.008
 295.800    0.006    0.006    0.009
 295.900    0.003    0.006    0.007
 296.000    0.002    0.005    0.006
 296.100    0.004    0.006    0.007
 296.200    0.004    0.002    0.005
 296.300    0.003   -0.002    0.003
 296.400    0.002    0.000    0.002
 296.500    0.001   -0.004    0.004
 296.600    0.007   -0.005    0.009
 296.700    0.002   -0.009    0.009
 296.800    0.002   -0.008    0.009
 296.900    0.002   -0.017    0.018
 297.000    0.005   -0.016    0.017
 297.100    0.016   -0.020    0.025
 297.200    0.014   -0.010    0.018
 297.300    0.017   -0.004    0.018
 297.400    0.011   -0.009    0.014
 297.500    0.009    0.008    0.012
 297.600    0.004    0.004    0.005
 297.700    0.009   -0.003    0.009
 297.800    0.012   -0.001    0.012
 297.900    0.012   -0.003    0.012
 298.000    0.013   -0.001    0.013
 298.100    0.013   -0.006    0.014
 298.200    0.015   -0.007    0.017
 298.300    0.014   -0.009    0.016
 298.400    0.015   -0.010    0.018
 298.500    0.017   -0.007    0.019
 298.600    0.016   -0.011    0.019
 298.700    0.016   -0.013    0.021
 298.800    0.015   -0.012    0.020
 298.900    0.021   -0.017    0.027
 299.000    0.013   -0.020    0.024
 299.100    0.016   -0.023    0.028
 299.200    0.018   -0.025    0.030
 299.300    0.019   -0.023    0.030
 299.400    0.018   -0.027    0.032
 299.500    0.018   -0.027    0.032
 299.600    0.015   -0.025    0.029
 299.700    0.016   -0.032    0.036
 299.800    0.015   -0.030    0.033
 299.900    0.014   -0.034    0.037
 300.000    0.005   -0.048    0.049
 300.100    0.015   -0.023    0.028
 300.200    0.012   -0.025    0.027
 300.300   -0.000   -0.052    0.052
 300.400    0.004   -0.040    0.040
 300.500    0.012   -0.043    0.045
 300.600    0.018   -0.042    0.045
 300.700    0.026   -0.036    0.044
 300.800    0.028   -0.026    0.038
 300.900    0.034   -0.029    0.045
 301.000    0.035   -0.032    0.047
 301.100    0.037   -0.032    0.049
 301.200    0.032   -0.034    0.047
 301.300    0.036   -0.031    0.048
