  84.000    0.000    0.000    0.000
  84.040    0.000   -0.001    0.001
  84.080   -0.000    0.001    0.001
  84.120   -0.001   -0.001    0.001
  84.160   -0.000    0.001    0.001
  84.200   -0.000    0.001    0.001
  84.240   -0.001    0.001    0.001
  84.280   -0.001   -0.000    0.001
  84.320    0.000    0.000    0.000
  84.360    0.000   -0.000    0.000
  84.400    0.001   -0.001    0.001
  84.440    0.000   -0.001    0.001
  84.480   -0.001    0.000    0.001
  84.520    0.001    0.000    0.001
  84.560   -0.000    0.000    0.001
  84.600    0.001    0.000    0.001
  84.640   -0.000    0.000    0.000
  84.680   -0.000    0.001    0.001
  84.720    0.000    0.000    0.000
  84.760    0.000    0.000    0.001
  84.800    0.005   -0.001    0.005
  84.840   -0.001    0.000    0.001
  84.880   -0.001   -0.000    0.001
  84.920   -0.000    0.001    0.001
  84.960    0.000   -0.000    0.000
  85.000    0.001   -0.001    0.001
  85.040    0.000    0.001    0.001
  85.080    0.002   -0.000    0.002
  85.120   -0.000   -0.000    0.000
  85.160   -0.001   -0.000    0.001
  85.200    0.001    0.000    0.001
  85.240    0.000    0.000    0.000
  85.280    0.000   -0.000    0.000
  85.320   -0.001   -0.000    0.001
  85.360   -0.001    0.000    0.001
  85.400    0.000   -0.001    0.001
  85.440   -0.001   -0.000    0.001
  85.480   -0.000   -0.001    0.001
  85.520    0.001   -0.001    0.001
  85.560   -0.000    0.000    0.000
  85.600    0.001    0.003    0.003
  85.640   -0.000    0.003    0.003
  85.680    0.001   -0.002    0.002
  85.720    0.001    0.001    0.001
  85.760    0.000    0.002    0.002
  85.800    0.000   -0.003    0.003
  85.840   -0.000    0.001    0.001
  85.880    0.000    0.001    0.001
  85.920    0.001    0.001    0.002
  85.960   -0.000   -0.000    0.000
  86.000   -0.001    0.002    0.003
  86.040    0.002   -0.001    0.002
  86.080    0.000    0.000    0.000
  86.120    0.000   -0.000    0.001
  86.160   -0.003   -0.001    0.003
  86.200    0.001   -0.001    0.001
  86.240   -0.000   -0.000    0.000
  86.280    0.001    0.001    0.002
  86.320   -0.001   -0.001    0.002
  86.360    0.001    0.001    0.001
  86.400   -0.000   -0.001    0.001
  86.440    0.000    0.001    0.001
  86.480   -0.000    0.000    0.000
  86.520   -0.000    0.000    0.000
  86.560    0.000    0.000    0.000
  86.600   -0.001    0.001    0.001
  86.640    0.001   -0.000    0.001
  86.680   -0.000   -0.001    0.001
  86.720    0.001    0.001    0.001
  86.760   -0.002   -0.002    0.003
  86.800    0.000    0.002    0.002
  86.840    0.001    0.000    0.001
  86.880   -0.001   -0.000    0.001
  86.920    0.001    0.000    0.001
  86.960    0.000    0.000    0.000
  87.000    0.001    0.002    0.003
  87.040    0.000   -0.001    0.001
  87.080   -0.001    0.000    0.001
  87.120   -0.000   -0.001    0.001
  87.160    0.000    0.004    0.004
  87.200    0.003    0.004    0.005
  87.240   -0.001   -0.001    0.001
  87.280   -0.000   -0.000    0.000
  87.320   -0.001    0.001    0.002
  87.360    0.001   -0.001    0.001
  87.400   -0.001   -0.001    0.001
  87.440   -0.000   -0.000    0.000
  87.480    0.000    0.000    0.000
  87.520   -0.000    0.000    0.000
  87.560    0.001   -0.000    0.001
  87.600   -0.001   -0.000    0.001
  87.640   -0.000   -0.000    0.001
  87.680   -0.001   -0.000    0.001
  87.720   -0.000   -0.000    0.000
  87.760    0.001    0.001    0.001
  87.800    0.000   -0.001    0.001
  87.840    0.001    0.000    0.001
  87.880   -0.001   -0.001    0.001
  87.920   -0.000    0.000    0.000
  87.960   -0.001    0.001    0.002
  88.000    0.001   -0.001    0.001
  88.040    0.000   -0.000    0.000
  88.080    0.001   -0.002    0.002
  88.120   -0.000   -0.001    0.001
  88.160    0.000   -0.000    0.001
  88.200   -0.001   -0.000    0.001
  88.240    0.001    0.000    0.001
  88.280    0.000    0.000    0.000
  88.320   -0.002    0.003    0.004
  88.360    0.001   -0.000    0.001
  88.400   -0.000   -0.001    0.001
  88.440    0.000   -0.003    0.003
  88.480    0.000    0.000    0.000
  88.520    0.001    0.000    0.001
  88.560    0.000    0.001    0.001
  88.600    0.000    0.001    0.001
  88.640    0.000    0.000    0.001
  88.680    0.001    0.001    0.001
  88.720   -0.000    0.000    0.000
  88.760   -0.001   -0.001    0.001
  88.800   -0.000    0.001    0.001
  88.840    0.001    0.000    0.001
  88.880   -0.001   -0.000    0.001
  88.920    0.001   -0.000    0.001
  88.960    0.000   -0.001    0.001
  89.000   -0.001    0.002    0.002
  89.040   -0.002   -0.000    0.002
  89.080    0.001    0.000    0.001
  89.120   -0.000    0.001    0.001
  89.160    0.000    0.001    0.001
  89.200   -0.001   -0.000    0.001
  89.240   -0.000   -0.000    0.000
  89.280    0.001   -0.000    0.001
  89.320   -0.000    0.000    0.001
  89.360   -0.001   -0.001    0.001
  89.400   -0.001    0.000    0.001
  89.440    0.001   -0.000    0.001
  89.480   -0.001   -0.001    0.001
  89.520    0.000    0.001    0.001
  89.560   -0.000   -0.000    0.000
  89.600    0.008    0.007    0.011
  89.640   -0.000   -0.001    0.001
  89.680    0.000    0.000    0.000
  89.720   -0.001   -0.001    0.001
  89.760   -0.001   -0.002    0.002
  89.800   -0.002   -0.004    0.004
  89.840   -0.000   -0.001    0.001
  89.880    0.000    0.000    0.000
  89.920    0.001    0.001    0.001
  89.960   -0.000    0.000    0.000
  90.000    0.001    0.002    0.002
  90.040   -0.000   -0.002    0.002
  90.080   -0.001    0.001    0.001
  90.120    0.000   -0.000    0.000
  90.160   -0.002    0.000    0.002
  90.200   -0.000    0.002    0.002
  90.240    0.000    0.001    0.001
  90.280    0.001   -0.001    0.001
  90.320    0.000    0.000    0.000
  90.360    0.001    0.000    0.001
  90.400   -0.000    0.000    0.000
  90.440    0.001   -0.002    0.002
  90.480   -0.001   -0.000    0.001
  90.520    0.000    0.000    0.000
  90.560   -0.000    0.000    0.000
  90.600   -0.001    0.002    0.002
  90.640    0.001    0.001    0.001
  90.680    0.001   -0.002    0.002
  90.720   -0.000    0.000    0.000
  90.760    0.001   -0.000    0.001
  90.800   -0.001    0.000    0.001
  90.840   -0.001   -0.000    0.001
  90.880   -0.002    0.001    0.002
  90.920   -0.000    0.001    0.001
  90.960    0.000    0.001    0.001
  91.000    0.002    0.002    0.003
  91.040    0.000   -0.000    0.000
  91.080   -0.001    0.000    0.001
  91.120    0.001    0.001    0.001
  91.160   -0.000   -0.001    0.001
  91.200   -0.002   -0.001    0.002
  91.240    0.001    0.000    0.001
  91.280   -0.000   -0.000    0.001
  91.320    0.000   -0.001    0.001
  91.360   -0.000    0.001    0.001
  91.400   -0.001    0.001    0.001
  91.440    0.001   -0.000    0.001
  91.480   -0.001    0.000    0.001
  91.520    0.000   -0.000    0.000
  91.560    0.000    0.000    0.000
  91.600   -0.001   -0.001    0.001
  91.640    0.000    0.001    0.001
  91.680    0.000    0.000    0.000
  91.720   -0.001    0.002    0.002
  91.760   -0.000   -0.001    0.001
  91.800    0.001    0.001    0.002
  91.840    0.000    0.000    0.000
  91.880    0.000    0.000    0.001
  91.920    0.000    0.000    0.000
  91.960   -0.001   -0.001    0.001
  92.000    0.003    0.004    0.005
  92.040   -0.000   -0.000    0.000
  92.080   -0.000   -0.001    0.001
  92.120   -0.001   -0.000    0.001
  92.160   -0.000   -0.000    0.000
  92.200    0.000   -0.002    0.002
  92.240   -0.001   -0.000    0.001
  92.280    0.001   -0.001    0.001
  92.320   -0.000   -0.000    0.000
  92.360    0.001    0.001    0.001
  92.400    0.000   -0.000    0.000
  92.440   -0.002    0.003    0.004
  92.480    0.001   -0.000    0.001
  92.520    0.001   -0.001    0.001
  92.560    0.001    0.000    0.001
  92.600   -0.002   -0.001    0.002
  92.640    0.000   -0.001    0.001
  92.680    0.001   -0.000    0.001
  92.720   -0.000    0.000    0.000
  92.760    0.001    0.000    0.001
  92.800   -0.001    0.000    0.001
  92.840   -0.000    0.002    0.002
  92.880   -0.001    0.001    0.001
  92.920    0.001    0.001    0.001
  92.960    0.000   -0.000    0.001
  93.000   -0.001   -0.000    0.001
  93.040    0.000   -0.000    0.000
  93.080   -0.000   -0.001    0.001
  93.120   -0.000    0.000    0.000
  93.160    0.000    0.000    0.000
  93.200   -0.001    0.002    0.002
  93.240    0.000   -0.000    0.000
  93.280    0.003    0.039    0.039
  93.320    0.103   -0.056    0.117
  93.360    0.032    0.034    0.046
  93.400    0.013   -0.014    0.019
  93.440   -0.006    0.007    0.010
  93.480    0.003    0.012    0.012
  93.520   -0.008    0.014    0.016
  93.560    0.002    0.021    0.022
  93.600   -0.000   -0.020    0.020
  93.640    0.001    0.000    0.001
  93.680    0.006    0.002    0.007
  93.720   -0.001   -0.002    0.003
  93.760    0.000   -0.002    0.002
  93.800   -0.004   -0.008    0.009
  93.840   -0.008   -0.006    0.010
  93.880   -0.024   -0.005    0.024
  93.920    0.000   -0.000    0.000
  93.960   -0.002   -0.000    0.002
  94.000    0.006    0.001    0.006
  94.040    0.004    0.002    0.004
  94.080    0.005   -0.000    0.005
  94.120    0.003    0.000    0.003
  94.160   -0.003    0.002    0.003
  94.200   -0.005    0.003    0.006
  94.240   -0.003   -0.001    0.003
  94.280   -0.001    0.001    0.002
  94.320   -0.000   -0.001    0.001
  94.360    0.001   -0.001    0.002
  94.400    0.011    0.002    0.012
  94.440    0.001   -0.003    0.003
  94.480    0.001    0.001    0.002
  94.520   -0.000    0.000    0.001
  94.560   -0.003    0.000    0.003
  94.600   -0.005    0.002    0.005
  94.640   -0.001    0.001    0.002
  94.680   -0.001   -0.002    0.002
  94.720    0.000   -0.000    0.000
  94.760   -0.000    0.000    0.000
  94.800   -0.000   -0.001    0.001
  94.840   -0.000    0.000    0.000
  94.880    0.001    0.000    0.001
  94.920    0.001   -0.001    0.001
  94.960    0.000    0.000    0.000
  95.000   -0.001    0.006    0.006
  95.040    0.001    0.000    0.001
  95.080   -0.001   -0.001    0.001
  95.120    0.000    0.001    0.001
  95.160   -0.001   -0.001    0.001
  95.200    0.001   -0.000    0.001
  95.240    0.001   -0.000    0.001
  95.280    0.002    0.001    0.002
  95.320   -0.001    0.002    0.002
  95.360    0.001   -0.003    0.003
  95.400   -0.001   -0.000    0.001
  95.440    0.001   -0.001    0.001
  95.480    0.000   -0.000    0.000
  95.520   -0.001    0.001    0.001
  95.560    0.001   -0.002    0.002
  95.600   -0.000   -0.000    0.000
  95.640   -0.000    0.000    0.000
  95.680   -0.000    0.002    0.002
  95.720   -0.001   -0.000    0.001
  95.760    0.002    0.001    0.002
  95.800   -0.000   -0.002    0.002
  95.840    0.000    0.000    0.000
  95.880    0.001   -0.000    0.001
  95.920    0.000   -0.000    0.000
  95.960    0.001   -0.000    0.001
  96.000    0.001    0.000    0.001
  96.040   -0.000   -0.000    0.000
  96.080   -0.000    0.001    0.001
  96.120   -0.001    0.000    0.001
  96.160    0.002   -0.000    0.002
  96.200   -0.001    0.001    0.001
  96.240   -0.001    0.001    0.001
  96.280    0.001    0.001    0.002
  96.320    0.000   -0.000    0.000
  96.360   -0.000   -0.001    0.001
  96.400   -0.001    0.001    0.001
  96.440   -0.001   -0.000    0.001
  96.480   -0.002   -0.000    0.002
  96.520   -0.000    0.000    0.001
  96.560   -0.000   -0.000    0.000
  96.600   -0.000    0.001    0.001
  96.640    0.001   -0.000    0.001
  96.680    0.000    0.001    0.001
  96.720    0.001   -0.001    0.002
  96.760    0.001    0.001    0.002
  96.800    0.001    0.002    0.002
  96.840    0.001    0.000    0.002
  96.880    0.000   -0.001    0.001
  96.920   -0.001   -0.001    0.001
  96.960   -0.001    0.001    0.001
  97.000    0.002   -0.001    0.003
  97.040    0.000   -0.001    0.001
  97.080    0.001    0.001    0.001
  97.120    0.004    0.004    0.006
  97.160    0.000    0.000    0.000
  97.200    0.005    0.007    0.009
  97.240    0.003    0.001    0.003
  97.280    0.003   -0.002    0.003
  97.320    0.001   -0.001    0.001
  97.360   -0.000   -0.003    0.003
  97.400   -0.022   -0.018    0.029
  97.440   -0.002   -0.003    0.004
  97.480    0.005    0.001    0.005
  97.520    0.001   -0.000    0.001
  97.560    0.009    0.004    0.010
  97.600    0.010    0.009    0.013
  97.640    0.000    0.000    0.001
  97.680    0.002   -0.001    0.002
  97.720    0.003   -0.001    0.003
  97.760   -0.002   -0.004    0.004
  97.800   -0.003   -0.002    0.003
  97.840   -0.003    0.000    0.003
  97.880   -0.000    0.001    0.001
  97.920   -0.000    0.002    0.002
  97.960    0.000    0.002    0.002
  98.000    0.005   -0.004    0.006
  98.040    0.000   -0.000    0.000
  98.080   -0.001   -0.004    0.004
  98.120    0.001   -0.001    0.002
  98.160   -0.002    0.001    0.003
  98.200   -0.002    0.001    0.002
  98.240   -0.002   -0.000    0.002
  98.280    0.003    0.001    0.003
  98.320    0.000    0.000    0.000
  98.360   -0.000   -0.001    0.001
  98.400    0.000    0.001    0.001
  98.440   -0.001    0.002    0.002
  98.480   -0.001    0.000    0.001
  98.520   -0.002   -0.000    0.002
  98.560    0.000    0.000    0.000
  98.600   -0.000    0.001    0.001
  98.640    0.000    0.000    0.000
  98.680    0.002    0.001    0.002
  98.720   -0.001   -0.002    0.002
  98.760   -0.000    0.000    0.000
  98.800   -0.001    0.001    0.001
  98.840    0.001   -0.001    0.001
  98.880   -0.000   -0.000    0.000
  98.920    0.001    0.001    0.001
  98.960    0.000    0.000    0.000
  99.000    0.001    0.002    0.002
  99.040    0.002    0.002    0.003
  99.080    0.000   -0.001    0.001
  99.120   -0.001   -0.000    0.001
  99.160    0.000    0.001    0.001
  99.200   -0.002   -0.000    0.002
  99.240   -0.000   -0.001    0.001
  99.280   -0.000    0.001    0.001
  99.320   -0.000    0.000    0.000
  99.360    0.001    0.001    0.001
  99.400    0.001    0.001    0.001
  99.440    0.001    0.001    0.002
  99.480    0.000    0.001    0.001
  99.520   -0.000   -0.001    0.001
  99.560    0.000    0.000    0.000
  99.600   -0.002    0.000    0.002
  99.640   -0.000    0.000    0.000
  99.680    0.001   -0.000    0.001
  99.720   -0.000    0.001    0.001
  99.760   -0.000   -0.002    0.002
  99.800    0.004    0.003    0.005
  99.840   -0.001   -0.000    0.001
  99.880   -0.001    0.000    0.001
  99.920   -0.000    0.000    0.000
  99.960   -0.000   -0.002    0.002
 100.000    0.000    0.000    0.000
 100.040   -0.000    0.001    0.001
 100.080   -0.000   -0.000    0.001
 100.120   -0.001    0.000    0.001
 100.160   -0.001   -0.001    0.001
 100.200    0.001    0.000    0.001
 100.240   -0.001    0.000    0.001
 100.280    0.000   -0.000    0.001
 100.320    0.001   -0.000    0.001
 100.360   -0.001    0.000    0.001
 100.400   -0.000   -0.000    0.000
 100.440   -0.000    0.000    0.000
 100.480   -0.001   -0.000    0.001
 100.520    0.001    0.001    0.002
 100.560    0.000    0.001    0.001
 100.600   -0.001   -0.001    0.001
 100.640   -0.001   -0.001    0.002
 100.680    0.000    0.001    0.001
 100.720    0.000    0.000    0.000
 100.760    0.001   -0.001    0.001
 100.800    0.001    0.001    0.001
 100.840    0.000   -0.001    0.001
 100.880    0.000   -0.001    0.001
 100.920   -0.000   -0.000    0.000
 100.960   -0.001   -0.000    0.001
 101.000    0.000    0.000    0.000
 101.040   -0.000   -0.000    0.000
 101.080    0.001   -0.001    0.001
 101.120    0.000   -0.001    0.001
 101.160   -0.000   -0.000    0.000
 101.200   -0.000    0.000    0.000
 101.240    0.001    0.001    0.001
 101.280   -0.001   -0.000    0.001
 101.320    0.000    0.001    0.001
 101.360   -0.000    0.001    0.001
 101.400   -0.001    0.001    0.001
 101.440   -0.002   -0.000    0.002
 101.480   -0.002   -0.002    0.003
 101.520   -0.001   -0.001    0.001
 101.560   -0.001    0.002    0.002
 101.600   -0.001    0.002    0.002
 101.640   -0.000   -0.000    0.000
 101.680   -0.001    0.001    0.002
 101.720    0.000   -0.000    0.000
 101.760   -0.000   -0.002    0.002
 101.800   -0.001    0.003    0.003
 101.840    0.000    0.002    0.002
 101.880    0.001   -0.001    0.001
 101.920    0.001    0.000    0.001
 101.960    0.003    0.015    0.016
 102.000    0.000    0.000    0.000
 102.040    0.000    0.000    0.000
 102.080   -0.001   -0.003    0.003
 102.120   -0.001   -0.002    0.002
 102.160   -0.000   -0.001    0.001
 102.200    0.005   -0.003    0.006
 102.240   -0.000    0.000    0.000
 102.280   -0.003    0.001    0.003
 102.320    0.000    0.000    0.000
 102.360   -0.004   -0.003    0.005
 102.400   -0.001   -0.002    0.002
 102.440    0.002    0.000    0.002
 102.480    0.000   -0.001    0.001
 102.520   -0.001    0.000    0.001
 102.560   -0.001    0.001    0.001
 102.600    0.001    0.000    0.001
 102.640    0.001   -0.001    0.002
 102.680   -0.000    0.000    0.000
 102.720    0.001    0.001    0.002
 102.760   -0.001   -0.000    0.001
 102.800   -0.001    0.002    0.002
 102.840   -0.000    0.001    0.001
 102.880   -0.001    0.000    0.001
 102.920   -0.002   -0.001    0.002
 102.960   -0.000   -0.002    0.002
 103.000    0.003    0.001    0.003
 103.040   -0.001   -0.001    0.001
 103.080    0.000   -0.000    0.000
 103.120   -0.002   -0.000    0.002
 103.160   -0.001    0.000    0.001
 103.200   -0.001   -0.000    0.001
 103.240    0.000   -0.001    0.001
 103.280   -0.001    0.000    0.001
 103.320    0.001    0.001    0.002
 103.360    0.000    0.000    0.000
 103.400   -0.001   -0.002    0.002
 103.440    0.000    0.002    0.002
 103.480   -0.000   -0.000    0.000
 103.520    0.001   -0.000    0.001
 103.560   -0.001   -0.001    0.001
 103.600   -0.001   -0.000    0.001
 103.640    0.000   -0.000    0.000
 103.680    0.000    0.000    0.000
 103.720   -0.001   -0.000    0.001
 103.760   -0.000    0.001    0.001
 103.800   -0.000   -0.001    0.001
 103.840    0.001   -0.000    0.001
 103.880   -0.002   -0.000    0.002
 103.920   -0.000   -0.000    0.001
 103.960   -0.001    0.000    0.001
 104.000    0.001   -0.002    0.002
 104.040   -0.001   -0.000    0.001
 104.080   -0.001   -0.000    0.001
 104.120    0.000    0.000    0.000
 104.160    0.000   -0.001    0.001
 104.200   -0.001   -0.001    0.001
 104.240    0.001    0.002    0.002
 104.280   -0.000    0.001    0.001
 104.320   -0.000   -0.001    0.001
 104.360   -0.000    0.001    0.001
 104.400   -0.000    0.001    0.001
 104.440   -0.000   -0.000    0.000
 104.480   -0.001    0.000    0.001
 104.520    0.001    0.000    0.001
 104.560   -0.001   -0.000    0.001
 104.600    0.004    0.002    0.005
 104.640   -0.000   -0.000    0.000
 104.680   -0.000   -0.000    0.000
 104.720   -0.000   -0.000    0.000
 104.760    0.000   -0.000    0.000
 104.800   -0.001   -0.000    0.001
 104.840    0.000   -0.000    0.000
 104.880   -0.002   -0.001    0.002
 104.920    0.000   -0.000    0.001
 104.960    0.001    0.000    0.001
 105.000    0.000   -0.000    0.000
 105.040    0.000   -0.001    0.001
 105.080    0.001   -0.000    0.001
 105.120   -0.002   -0.000    0.002
 105.160    0.000   -0.000    0.000
 105.200    0.001    0.002    0.002
 105.240   -0.001   -0.000    0.001
 105.280    0.000   -0.000    0.000
 105.320   -0.000    0.000    0.000
 105.360    0.001    0.001    0.001
 105.400   -0.001    0.000    0.001
 105.440   -0.000   -0.000    0.001
 105.480   -0.000   -0.002    0.002
 105.520    0.000   -0.000    0.000
 105.560    0.000    0.002    0.002
 105.600   -0.001    0.000    0.001
 105.640   -0.000   -0.000    0.001
 105.680   -0.001   -0.000    0.001
 105.720    0.001    0.001    0.001
