  96.019    0.000    0.000    0.000
  96.052   -0.002   -0.004    0.005
  96.086   -0.002    0.003    0.004
  96.119    0.001   -0.001    0.002
  96.152    0.000   -0.002    0.002
  96.186   -0.001    0.001    0.001
  96.219   -0.000    0.001    0.001
  96.253   -0.001   -0.000    0.001
  96.286    0.000   -0.002    0.002
  96.319    0.000   -0.000    0.000
  96.353    0.000   -0.000    0.000
  96.386   -0.000   -0.002    0.002
  96.419   -0.000   -0.000    0.000
  96.453    0.000    0.001    0.001
  96.486   -0.000    0.001    0.001
  96.519   -0.001   -0.001    0.001
  96.553    0.000   -0.001    0.001
  96.586    0.000    0.000    0.000
  96.620    0.000    0.000    0.000
  96.653   -0.001    0.001    0.002
  96.686    0.001   -0.001    0.001
  96.720    0.002   -0.001    0.002
  96.753   -0.000   -0.000    0.000
  96.786   -0.002    0.004    0.004
  96.820    0.001   -0.000    0.001
  96.853    0.002   -0.002    0.002
  96.887   -0.001    0.001    0.001
  96.920    0.000   -0.005    0.005
  96.953    0.051   -0.141    0.150
  96.987   -0.000   -0.005    0.005
  97.020    0.000   -0.004    0.004
  97.053    0.000   -0.001    0.001
  97.087   -0.001    0.002    0.002
  97.120   -0.001   -0.001    0.002
  97.153    0.000    0.001    0.001
  97.187    0.001   -0.002    0.002
  97.220   -0.002    0.004    0.004
  97.254    0.000   -0.001    0.001
  97.287   -0.001    0.003    0.003
  97.320    0.000   -0.003    0.003
  97.354    0.000   -0.000    0.000
  97.387   -0.001    0.002    0.002
  97.420   -0.000   -0.002    0.002
  97.454    0.001   -0.000    0.001
  97.487    0.001   -0.001    0.001
  97.520    0.001    0.001    0.001
  97.554    0.000   -0.000    0.000
  97.587   -0.002   -0.001    0.002
  97.621   -0.001   -0.001    0.001
  97.654    0.000   -0.000    0.000
  97.687   -0.001    0.002    0.002
  97.721    0.001   -0.001    0.002
  97.754    0.000    0.000    0.000
  97.787   -0.001    0.001    0.001
  97.821    0.001   -0.002    0.002
  97.854   -0.001    0.003    0.003
  97.888    0.001   -0.001    0.001
  97.921   -0.000   -0.002    0.002
  97.954   -0.001   -0.001    0.001
  97.988   -0.000    0.002    0.002
  98.021    0.004    0.003    0.005
  98.054   -0.002   -0.002    0.003
  98.088   -0.001   -0.002    0.002
  98.121    0.001   -0.001    0.001
  98.154   -0.002    0.001    0.003
  98.188    0.002   -0.002    0.003
  98.221   -0.000    0.001    0.001
  98.255   -0.001    0.001    0.002
  98.288   -0.000    0.001    0.001
  98.321    0.001   -0.001    0.002
  98.355   -0.002   -0.000    0.002
  98.388    0.000   -0.001    0.001
  98.421    0.001   -0.000    0.001
  98.455    0.000   -0.001    0.001
  98.488   -0.001   -0.000    0.001
  98.522   -0.002   -0.001    0.002
  98.555    0.001   -0.002    0.003
  98.588   -0.001    0.001    0.002
  98.622    0.000   -0.000    0.000
  98.655   -0.001    0.002    0.002
  98.688   -0.000    0.002    0.002
  98.722   -0.001   -0.001    0.001
  98.755   -0.000   -0.002    0.002
  98.788    0.000    0.001    0.001
  98.822   -0.000   -0.000    0.000
  98.855    0.000    0.000    0.000
  98.889   -0.000   -0.001    0.001
  98.922    0.000   -0.000    0.000
  98.955   -0.000   -0.001    0.001
  98.989    0.001    0.001    0.001
  99.022   -0.000   -0.000    0.001
  99.055   -0.000   -0.002    0.002
  99.089    0.000    0.000    0.000
  99.122    0.001    0.000    0.001
  99.155   -0.000   -0.001    0.001
  99.189    0.001    0.000    0.001
  99.222   -0.001   -0.000    0.001
  99.256   -0.000   -0.000    0.000
  99.289   -0.000   -0.000    0.000
  99.322   -0.001   -0.001    0.001
  99.356    0.001    0.001    0.001
  99.389    0.000   -0.000    0.001
  99.422    0.001    0.001    0.001
  99.456   -0.001   -0.001    0.001
  99.489    0.000   -0.013    0.013
  99.523   -0.007   -0.044    0.044
  99.556    0.019   -0.008    0.021
  99.589   -0.008   -0.017    0.018
  99.623   -0.009    0.006    0.011
  99.656   -0.003    0.005    0.006
  99.689    0.009    0.013    0.016
  99.723   -0.000   -0.012    0.012
  99.756    0.006    0.004    0.008
  99.789   -0.010    0.000    0.010
  99.823   -0.007   -0.007    0.010
  99.856    0.001    0.017    0.017
  99.890    0.001   -0.002    0.002
  99.923    0.004    0.003    0.005
  99.956    0.000    0.004    0.004
  99.990    0.003    0.006    0.007
 100.023    0.009    0.012    0.015
 100.056   -0.004    0.002    0.004
 100.090   -0.002    0.007    0.008
 100.123   -0.003    0.009    0.009
 100.156   -0.000    0.012    0.012
 100.190   -0.002    0.003    0.004
 100.223    0.006    0.019    0.020
 100.257   -0.006   -0.002    0.006
 100.290    0.001    0.018    0.018
 100.323   -0.002    0.003    0.004
 100.357    0.001    0.006    0.007
 100.390    0.000    0.000    0.000
 100.423    0.001    0.006    0.006
 100.457    0.001    0.005    0.005
 100.490    0.001    0.011    0.011
 100.523   -0.000    0.004    0.005
 100.557   -0.001    0.003    0.003
 100.590   -0.002    0.004    0.005
 100.624    0.001    0.005    0.005
 100.657   -0.002    0.002    0.003
 100.690   -0.004    0.005    0.006
 100.724   -0.002    0.003    0.004
 100.757   -0.002    0.000    0.002
 100.790   -0.001    0.005    0.005
 100.824   -0.001    0.003    0.003
 100.857   -0.000    0.003    0.003
 100.891   -0.001    0.002    0.002
 100.924   -0.002    0.001    0.002
 100.957   -0.001   -0.000    0.001
 100.991   -0.001   -0.000    0.001
 101.024   -0.002    0.002    0.003
 101.057   -0.002    0.001    0.002
 101.091   -0.003    0.002    0.003
 101.124    0.000    0.001    0.001
 101.157    0.000    0.000    0.001
 101.191   -0.002   -0.001    0.002
 101.224   -0.002   -0.000    0.002
 101.258   -0.000   -0.001    0.001
 101.291   -0.000    0.000    0.000
 101.324   -0.001   -0.000    0.001
 101.358   -0.001    0.001    0.001
 101.391   -0.001   -0.001    0.001
 101.424    0.000    0.002    0.002
 101.458   -0.001   -0.000    0.001
 101.491   -0.001    0.002    0.002
 101.525   -0.001    0.001    0.001
 101.558    0.002   -0.002    0.003
 101.591   -0.002    0.000    0.002
 101.625   -0.000    0.002    0.002
 101.658   -0.001   -0.001    0.002
 101.691    0.001    0.001    0.002
 101.725    0.001   -0.000    0.001
 101.758   -0.000    0.002    0.002
 101.791    0.001    0.000    0.001
 101.825   -0.001    0.000    0.001
 101.858   -0.001   -0.002    0.002
 101.892   -0.000   -0.000    0.000
 101.925   -0.000    0.001    0.001
 101.958    0.001    0.001    0.001
 101.992    0.001   -0.004    0.004
 102.025    0.003    0.001    0.003
 102.058   -0.003   -0.004    0.005
 102.092   -0.002    0.001    0.002
 102.125    0.001   -0.001    0.002
 102.158   -0.000   -0.001    0.002
 102.192    0.000    0.002    0.002
 102.225   -0.001   -0.002    0.002
 102.259    0.000    0.000    0.000
 102.292   -0.000    0.000    0.000
 102.325   -0.000   -0.000    0.000
 102.359    0.000    0.002    0.002
 102.392   -0.001    0.001    0.001
 102.425    0.001    0.001    0.001
 102.459   -0.000   -0.002    0.002
 102.492    0.001   -0.000    0.001
 102.525    0.000   -0.000    0.000
 102.559   -0.001   -0.002    0.002
 102.592   -0.000    0.001    0.001
 102.626    0.000    0.001    0.001
 102.659    0.001    0.001    0.001
 102.692   -0.000    0.001    0.001
 102.726   -0.001   -0.001    0.001
 102.759    0.000    0.001    0.001
 102.792   -0.000   -0.001    0.001
 102.826   -0.002   -0.000    0.002
 102.859    0.000   -0.001    0.001
 102.893    0.002    0.002    0.003
 102.926    0.001   -0.002    0.002
 102.959   -0.000    0.001    0.001
 102.993    0.001    0.000    0.001
 103.026   -0.002   -0.001    0.002
 103.059   -0.000   -0.001    0.001
 103.093    0.000    0.000    0.001
 103.126    0.000    0.001    0.001
 103.159    0.000    0.002    0.002
 103.193   -0.001   -0.001    0.001
 103.226   -0.001   -0.001    0.002
 103.260   -0.001    0.002    0.002
 103.293    0.001   -0.000    0.001
 103.326    0.000   -0.002    0.002
 103.360    0.001    0.000    0.001
 103.393    0.000    0.001    0.001
 103.426   -0.001   -0.002    0.002
 103.460    0.001    0.000    0.001
 103.493    0.000    0.000    0.000
 103.526   -0.001    0.001    0.001
 103.560   -0.001   -0.002    0.002
 103.593    0.000    0.000    0.000
 103.627    0.000    0.000    0.000
 103.660    0.001    0.001    0.001
 103.693    0.002    0.000    0.002
 103.727   -0.000    0.000    0.001
 103.760   -0.000   -0.001    0.001
 103.793   -0.000   -0.001    0.001
 103.827   -0.000    0.001    0.001
 103.860   -0.000   -0.001    0.001
 103.894    0.001    0.001    0.001
 103.927    0.001    0.001    0.001
 103.960   -0.001   -0.001    0.002
 103.994   -0.002   -0.001    0.002
 104.027    0.004    0.007    0.008
 104.060   -0.002   -0.004    0.004
 104.094   -0.001   -0.000    0.001
 104.127    0.001    0.000    0.001
 104.160    0.000   -0.001    0.001
 104.194   -0.000   -0.002    0.002
 104.227    0.000    0.001    0.001
 104.261   -0.001   -0.001    0.001
 104.294   -0.001   -0.000    0.001
 104.327   -0.000   -0.001    0.001
 104.361    0.000    0.001    0.001
 104.394    0.000   -0.001    0.001
 104.427   -0.001   -0.000    0.001
 104.461   -0.001    0.001    0.001
 104.494    0.001   -0.001    0.002
 104.528    0.001    0.000    0.001
 104.561    0.001   -0.001    0.001
 104.594   -0.000    0.001    0.001
 104.628    0.001   -0.000    0.001
 104.661   -0.002    0.001    0.002
 104.694    0.001   -0.000    0.001
 104.728    0.000    0.000    0.000
 104.761    0.000   -0.001    0.001
 104.794   -0.001    0.000    0.001
 104.828    0.000   -0.001    0.001
 104.861   -0.000   -0.000    0.000
 104.895    0.001   -0.002    0.003
 104.928    0.001    0.001    0.001
 104.961    0.001    0.001    0.001
 104.995    0.001   -0.001    0.002
 105.028   -0.002    0.002    0.003
 105.061    0.001   -0.001    0.002
 105.095    0.000   -0.000    0.000
 105.128    0.001   -0.000    0.002
 105.161   -0.002   -0.001    0.002
 105.195   -0.001    0.000    0.001
 105.228    0.000    0.000    0.000
 105.262    0.000   -0.000    0.000
 105.295   -0.001    0.001    0.002
 105.328    0.001   -0.001    0.002
 105.362    0.001    0.001    0.001
 105.395   -0.000   -0.002    0.002
 105.428   -0.002   -0.000    0.002
 105.462    0.001   -0.001    0.002
 105.495   -0.000    0.000    0.000
 105.529    0.001    0.000    0.001
 105.562   -0.000   -0.002    0.002
 105.595    0.000    0.001    0.001
 105.629   -0.002   -0.000    0.002
 105.662    0.001   -0.002    0.002
 105.695    0.001   -0.001    0.001
 105.729   -0.002    0.002    0.002
 105.762    0.001    0.001    0.002
 105.795    0.000    0.000    0.000
 105.829   -0.001   -0.001    0.001
 105.862    0.001    0.002    0.002
 105.896   -0.001   -0.003    0.003
 105.929    0.001   -0.002    0.002
 105.962   -0.000   -0.000    0.000
 105.996   -0.000   -0.000    0.000
 106.029    0.004    0.002    0.004
 106.062   -0.004   -0.002    0.004
 106.096   -0.001   -0.002    0.002
 106.129   -0.001   -0.001    0.002
 106.162   -0.001   -0.003    0.003
 106.196   -0.000   -0.001    0.001
 106.229   -0.001   -0.001    0.001
 106.263   -0.001   -0.001    0.002
 106.296   -0.003   -0.002    0.003
 106.329    0.001    0.000    0.001
 106.363   -0.001   -0.001    0.001
 106.396   -0.005    0.000    0.005
 106.429   -0.003    0.000    0.003
 106.463   -0.001   -0.000    0.001
 106.496   -0.000   -0.001    0.001
 106.529   -0.003    0.002    0.004
 106.563   -0.000   -0.001    0.001
 106.596   -0.002   -0.001    0.003
 106.630   -0.001    0.001    0.002
 106.663    0.000   -0.000    0.001
 106.696    0.000    0.001    0.001
 106.730   -0.002   -0.001    0.002
 106.763   -0.001    0.000    0.001
 106.796   -0.001   -0.001    0.001
 106.830   -0.001   -0.000    0.001
 106.863   -0.001   -0.000    0.001
 106.897   -0.001   -0.001    0.001
 106.930   -0.001    0.001    0.001
 106.963   -0.000    0.000    0.000
 106.997   -0.002   -0.001    0.002
 107.030    0.000    0.007    0.007
 107.063   -0.001   -0.001    0.001
 107.097   -0.003   -0.004    0.005
 107.130   -0.002    0.002    0.003
 107.163   -0.002   -0.001    0.002
 107.197   -0.001    0.001    0.001
 107.230   -0.001    0.000    0.001
 107.264   -0.001   -0.000    0.001
 107.297   -0.001   -0.000    0.001
 107.330   -0.003    0.000    0.003
 107.364   -0.000    0.000    0.001
 107.397   -0.002    0.001    0.002
 107.430    0.000   -0.001    0.001
 107.464   -0.000   -0.000    0.000
 107.497   -0.000    0.000    0.000
 107.531    0.000    0.001    0.001
 107.564   -0.002   -0.001    0.002
 107.597    0.000   -0.002    0.002
 107.631   -0.001    0.002    0.002
 107.664    0.001    0.000    0.001
 107.697   -0.001    0.001    0.001
 107.731    0.000    0.001    0.001
 107.764   -0.002   -0.001    0.003
 107.797   -0.001   -0.001    0.001
 107.831    0.001    0.000    0.001
 107.864   -0.003   -0.001    0.003
 107.898    0.001    0.001    0.001
 107.931    0.000    0.000    0.000
 107.964   -0.002   -0.001    0.002
 107.998   -0.001    0.001    0.001
 108.031    0.001    0.001    0.002
 108.064   -0.001   -0.001    0.002
 108.098    0.001    0.000    0.001
 108.131   -0.001    0.002    0.002
 108.164   -0.001   -0.001    0.001
 108.198    0.001    0.001    0.001
 108.231   -0.002    0.000    0.002
 108.265   -0.001   -0.000    0.001
 108.298    0.001   -0.001    0.001
 108.331   -0.000   -0.000    0.000
 108.365    0.002   -0.000    0.002
 108.398   -0.001   -0.000    0.001
 108.431   -0.001    0.001    0.001
 108.465   -0.000   -0.000    0.000
 108.498   -0.000    0.001    0.001
 108.531    0.000   -0.001    0.001
 108.565   -0.002   -0.001    0.002
 108.598    0.001    0.002    0.002
 108.632    0.002    0.000    0.002
 108.665   -0.002   -0.002    0.002
 108.698    0.001   -0.001    0.001
 108.732   -0.000   -0.001    0.001
 108.765    0.001   -0.000    0.001
 108.798   -0.001    0.001    0.001
 108.832    0.001    0.001    0.001
 108.865   -0.002    0.003    0.003
 108.899    0.001   -0.006    0.006
 108.932    0.003    0.008    0.009
 108.965   -0.003   -0.011    0.011
 108.999    0.002    0.007    0.007
 109.032    0.002    0.001    0.003
 109.065   -0.003   -0.001    0.003
 109.099   -0.001    0.000    0.001
 109.132    0.001   -0.001    0.001
 109.165   -0.001    0.000    0.001
 109.199   -0.001    0.000    0.001
 109.232   -0.000   -0.001    0.002
 109.266   -0.000    0.002    0.002
 109.299   -0.000   -0.002    0.002
 109.332   -0.000   -0.000    0.000
 109.366    0.000    0.000    0.000
 109.399    0.000   -0.002    0.002
 109.432   -0.001    0.001    0.001
 109.466    0.000   -0.001    0.001
 109.499    0.002   -0.001    0.003
 109.532   -0.004   -0.002    0.005
 109.566    0.002    0.005    0.005
 109.599   -0.002   -0.004    0.004
 109.633    0.002    0.003    0.004
 109.666   -0.002    0.001    0.002
 109.699    0.000   -0.002    0.002
 109.733    0.001    0.001    0.001
 109.766   -0.001    0.001    0.002
 109.799    0.001   -0.001    0.001
 109.833    0.000   -0.001    0.001
 109.866   -0.001    0.000    0.001
 109.900   -0.000   -0.001    0.001
 109.933    0.001   -0.002    0.002
 109.966   -0.002    0.001    0.002
 110.000   -0.000   -0.002    0.002
 110.033    0.000    0.001    0.001
 110.066   -0.001   -0.002    0.002
 110.100    0.000    0.000    0.001
 110.133    0.000    0.001    0.001
 110.166   -0.001   -0.002    0.002
 110.200   -0.000    0.001    0.001
 110.233    0.002   -0.000    0.002
 110.267   -0.001    0.002    0.002
 110.300   -0.000   -0.002    0.002
 110.333    0.001   -0.001    0.002
 110.367   -0.003   -0.001    0.004
 110.400    0.001   -0.001    0.001
 110.433    0.001    0.012    0.012
 110.467   -0.001   -0.011    0.011
 110.500    0.000    0.006    0.006
 110.534   -0.001   -0.008    0.008
 110.567   -0.000    0.004    0.004
 110.600    0.002   -0.007    0.007
 110.634    0.001   -0.001    0.001
 110.667   -0.000   -0.001    0.001
 110.700    0.002    0.000    0.002
 110.734   -0.006    0.013    0.014
 110.767    0.002    0.000    0.002
 110.800   -0.001   -0.002    0.002
 110.834    0.002   -0.002    0.003
 110.867   -0.002    0.001    0.002
 110.901   -0.000   -0.001    0.001
 110.934    0.001   -0.000    0.001
 110.967    0.002   -0.002    0.002
 111.001   -0.001    0.000    0.001
 111.034    0.004    0.005    0.007
 111.067   -0.003   -0.007    0.008
 111.101   -0.001   -0.000    0.001
 111.134   -0.001    0.000    0.001
 111.167   -0.001    0.002    0.002
 111.201   -0.001   -0.001    0.002
 111.234    0.002   -0.001    0.002
 111.268    0.001    0.004    0.004
 111.301   -0.001   -0.005    0.005
 111.334    0.000    0.004    0.004
 111.368   -0.002   -0.004    0.004
 111.401    0.002    0.001    0.003
 111.434   -0.003   -0.000    0.003
 111.468    0.001    0.000    0.001
 111.501   -0.001   -0.003    0.003
 111.535    0.001    0.002    0.002
 111.568    0.001   -0.002    0.002
 111.601   -0.002    0.001    0.002
 111.635    0.000    0.000    0.001
 111.668   -0.001    0.001    0.002
 111.701    0.000   -0.000    0.000
 111.735   -0.001    0.002    0.002
 111.768    0.001   -0.001    0.001
 111.801   -0.000    0.000    0.000
 111.835    0.001   -0.001    0.001
 111.868   -0.000    0.000    0.000
 111.902   -0.001   -0.000    0.001
 111.935   -0.001   -0.001    0.001
 111.968   -0.001    0.000    0.001
 112.002   -0.001    0.000    0.001
 112.035    0.001   -0.000    0.001
 112.068   -0.001   -0.001    0.001
 112.102    0.000    0.001    0.001
 112.135    0.000    0.001    0.001
 112.168   -0.001   -0.001    0.001
 112.202   -0.000   -0.000    0.000
 112.235   -0.000    0.001    0.001
 112.269    0.001   -0.000    0.001
 112.302    0.001    0.000    0.001
 112.335    0.001   -0.000    0.001
 112.369   -0.000   -0.002    0.002
 112.402    0.000    0.002    0.002
 112.435   -0.000    0.000    0.000
 112.469    0.000    0.001    0.001
 112.502   -0.001    0.001    0.001
 112.535   -0.003    0.001    0.003
 112.569    0.002   -0.003    0.004
 112.602    0.000   -0.001    0.001
 112.636   -0.001   -0.001    0.001
 112.669    0.001   -0.000    0.001
 112.702   -0.001    0.000    0.001
 112.736   -0.000    0.000    0.000
 112.769    0.002   -0.001    0.002
 112.802   -0.001    0.002    0.002
 112.836    0.000   -0.004    0.004
 112.869   -0.000    0.004    0.004
 112.903   -0.002   -0.002    0.002
 112.936    0.001   -0.001    0.001
 112.969    0.000   -0.000    0.000
 113.003    0.000    0.001    0.001
 113.036    0.004    0.004    0.006
 113.069   -0.000   -0.005    0.005
 113.103   -0.001   -0.001    0.001
 113.136   -0.002    0.001    0.002
 113.169   -0.001    0.000    0.001
 113.203    0.001   -0.002    0.002
 113.236    0.000    0.001    0.001
 113.270   -0.000   -0.002    0.002
 113.303   -0.000   -0.001    0.001
 113.336    0.001    0.003    0.003
 113.370   -0.000   -0.000    0.000
 113.403   -0.000    0.000    0.000
 113.436    0.000   -0.002    0.002
 113.470    0.000   -0.001    0.001
 113.503   -0.000   -0.000    0.000
 113.537    0.000    0.003    0.003
 113.570    0.000   -0.002    0.002
 113.603    0.002    0.001    0.002
 113.637   -0.002   -0.000    0.002
 113.670    0.001   -0.001    0.001
 113.703   -0.001    0.000    0.001
 113.737   -0.000    0.001    0.001
 113.770   -0.002   -0.003    0.004
 113.803    0.002    0.007    0.007
 113.837   -0.002   -0.002    0.003
 113.870    0.002    0.002    0.003
 113.904   -0.001    0.000    0.002
 113.937   -0.001   -0.003    0.003
 113.970    0.001    0.005    0.005
 114.004   -0.002   -0.007    0.007
 114.037    0.003    0.002    0.004
 114.070   -0.001    0.002    0.003
 114.104   -0.000   -0.001    0.001
 114.137   -0.002   -0.001    0.002
 114.170    0.001   -0.001    0.002
 114.204    0.002    0.007    0.007
 114.237   -0.004   -0.009    0.009
 114.271    0.002    0.010    0.010
 114.304   -0.000   -0.005    0.005
 114.337    0.002    0.005    0.005
 114.371   -0.003   -0.005    0.006
 114.404    0.000    0.005    0.005
 114.437   -0.002   -0.004    0.005
 114.471    0.002    0.003    0.004
 114.504   -0.001   -0.004    0.004
 114.537    0.004    0.004    0.005
 114.571   -0.001   -0.002    0.002
 114.604    0.001    0.002    0.002
 114.638   -0.002    0.000    0.002
 114.671    0.001    0.001    0.001
 114.704   -0.001   -0.004    0.005
 114.738   -0.001    0.002    0.003
 114.771    0.002    0.001    0.002
 114.804   -0.001    0.002    0.002
 114.838   -0.001   -0.000    0.001
 114.871   -0.001    0.000    0.001
 114.905    0.001   -0.001    0.001
 114.938   -0.002    0.001    0.002
 114.971    0.002   -0.000    0.002
 115.005   -0.002   -0.001    0.002
 115.038    0.007    0.002    0.007
 115.071   -0.002   -0.001    0.002
 115.105   -0.002   -0.001    0.002
 115.138   -0.002   -0.001    0.002
 115.171    0.001   -0.002    0.002
 115.205   -0.001    0.001    0.001
 115.238    0.000    0.000    0.000
 115.272   -0.001   -0.001    0.001
 115.305   -0.000    0.000    0.000
 115.338    0.000   -0.001    0.001
 115.372   -0.001    0.001    0.002
 115.405    0.000    0.001    0.001
 115.438   -0.000   -0.002    0.002
 115.472   -0.002    0.002    0.003
 115.505    0.000    0.000    0.000
 115.538   -0.001    0.001    0.001
 115.572    0.001   -0.001    0.002
 115.605   -0.001   -0.002    0.002
 115.639    0.001    0.003    0.003
 115.672   -0.003   -0.000    0.003
 115.705    0.002   -0.003    0.003
 115.739    0.001    0.002    0.002
 115.772   -0.001    0.000    0.001
 115.805    0.000   -0.000    0.000
 115.839   -0.000   -0.000    0.000
 115.872   -0.001   -0.000    0.001
 115.906    0.001    0.001    0.001
 115.939   -0.000    0.002    0.002
 115.972   -0.001    0.000    0.001
 116.006   -0.000   -0.001    0.001
 116.039   -0.001    0.002    0.002
 116.072    0.002   -0.001    0.003
 116.106   -0.001    0.000    0.001
 116.139    0.000    0.002    0.002
 116.172   -0.001    0.003    0.003
 116.206   -0.004   -0.008    0.009
 116.239   -0.002    0.017    0.017
 116.273   -0.002   -0.000    0.002
 116.306    0.001   -0.001    0.002
 116.339   -0.002   -0.002    0.002
 116.373    0.000    0.002    0.002
 116.406    0.001   -0.002    0.002
 116.439   -0.000    0.001    0.001
 116.473   -0.000    0.001    0.001
 116.506    0.003   -0.012    0.013
 116.540    0.001   -0.002    0.002
 116.573   -0.002   -0.000    0.002
 116.606   -0.001    0.002    0.002
 116.640   -0.000   -0.001    0.001
 116.673    0.002    0.002    0.003
 116.706   -0.001   -0.001    0.001
 116.740   -0.001    0.001    0.002
 116.773   -0.000    0.000    0.000
 116.806   -0.000    0.001    0.001
 116.840   -0.000    0.002    0.002
 116.873   -0.002   -0.003    0.003
 116.907   -0.004    0.011    0.011
 116.940   -0.001    0.001    0.001
 116.973    0.001   -0.001    0.001
 117.007   -0.000   -0.001    0.001
 117.040    0.005   -0.008    0.010
 117.073   -0.000   -0.005    0.005
 117.107   -0.003    0.001    0.004
 117.140   -0.002    0.001    0.002
 117.173   -0.000    0.000    0.001
 117.207   -0.003    0.013    0.014
 117.240   -0.000   -0.003    0.003
 117.274   -0.000   -0.001    0.001
 117.307   -0.000    0.001    0.001
 117.340    0.001   -0.001    0.001
 117.374    0.001   -0.001    0.001
 117.407    0.000    0.002    0.002
 117.440    0.000   -0.000    0.001
 117.474   -0.002    0.001    0.002
 117.507   -0.000   -0.002    0.002
 117.541   -0.000   -0.001    0.001
 117.574   -0.000   -0.001    0.001
 117.607   -0.000   -0.000    0.000
 117.641    0.002   -0.000    0.002
 117.674   -0.002   -0.001    0.002
 117.707    0.001    0.001    0.002
 117.741    0.001   -0.010    0.010
 117.774   -0.000   -0.000    0.000
 117.807    0.001    0.001    0.001
 117.841   -0.000    0.000    0.000
 117.874   -0.004    0.010    0.011
 117.908   -0.002   -0.001    0.002
 117.941    0.000    0.003    0.003
 117.974    0.001    0.001    0.001
 118.008    0.000   -0.001    0.001
 118.041   -0.001   -0.001    0.002
 118.074    0.002   -0.002    0.003
 118.108   -0.002    0.001    0.002
 118.141    0.004   -0.012    0.013
 118.174    0.000    0.005    0.005
 118.208   -0.000   -0.000    0.000
 118.241    0.000   -0.000    0.001
 118.275   -0.003    0.012    0.013
 118.308   -0.001   -0.002    0.002
 118.341   -0.001    0.000    0.001
 118.375    0.001   -0.001    0.001
 118.408   -0.001   -0.001    0.001
 118.441    0.001    0.000    0.001
 118.475   -0.001    0.000    0.001
 118.508    0.000   -0.001    0.001
 118.541    0.002   -0.013    0.013
 118.575    0.001    0.001    0.001
 118.608   -0.000   -0.001    0.001
 118.642    0.001    0.002    0.002
 118.675   -0.004    0.011    0.012
 118.708   -0.001   -0.003    0.003
 118.742   -0.002    0.002    0.003
 118.775    0.000   -0.000    0.000
 118.808    0.000    0.000    0.000
 118.842    0.001   -0.001    0.001
 118.875   -0.000   -0.000    0.000
 118.909   -0.000    0.001    0.001
 118.942    0.000   -0.003    0.003
 118.975    0.000    0.000    0.000
 119.009    0.004   -0.010    0.011
 119.042    0.004    0.006    0.008
 119.075   -0.001   -0.003    0.004
 119.109   -0.002   -0.001    0.003
 119.142   -0.004    0.013    0.013
 119.175   -0.001   -0.003    0.003
 119.209    0.000    0.001    0.001
 119.242   -0.001   -0.002    0.002
 119.276   -0.000    0.001    0.001
 119.309    0.001   -0.001    0.002
 119.342    0.001    0.000    0.001
 119.376   -0.001    0.002    0.002
 119.409   -0.001    0.001    0.002
 119.442    0.000   -0.004    0.004
 119.476    0.001   -0.001    0.001
 119.509    0.000   -0.000    0.000
 119.543   -0.001    0.002    0.002
 119.576    0.001   -0.001    0.001
 119.609   -0.001    0.000    0.001
 119.643    0.000   -0.000    0.000
 119.676   -0.002    0.002    0.003
 119.709    0.000    0.001    0.001
 119.743   -0.000   -0.001    0.001
 119.776    0.002   -0.000    0.002
 119.809   -0.002    0.001    0.002
 119.843    0.001   -0.002    0.002
 119.876    0.000    0.000    0.000
 119.910   -0.000   -0.001    0.001
 119.943   -0.000    0.001    0.001
 119.976    0.000    0.000    0.000
 120.010    0.000   -0.000    0.000
 120.043   -0.000   -0.001    0.001
 120.076   -0.000   -0.001    0.001
 120.110   -0.000    0.000    0.000
 120.143    0.001   -0.001    0.001
 120.176    0.000    0.000    0.000
 120.210   -0.001    0.002    0.002
 120.243   -0.000   -0.003    0.003
 120.277    0.000    0.003    0.003
 120.310   -0.000   -0.001    0.001
 120.343   -0.000    0.002    0.002
 120.377   -0.000   -0.002    0.002
 120.410   -0.000   -0.001    0.001
 120.443    0.000   -0.000    0.000
 120.477    0.000   -0.000    0.000
 120.510    0.000    0.001    0.001
 120.543    0.001   -0.002    0.002
 120.577    0.000   -0.001    0.001
 120.610    0.000    0.001    0.001
 120.644    0.000   -0.001    0.001
 120.677   -0.001    0.002    0.002
 120.710   -0.000   -0.001    0.001
 120.744    0.001    0.000    0.001
 120.777   -0.001    0.000    0.001
 120.810   -0.001    0.000    0.001
 120.844    0.003   -0.002    0.004
 120.877   -0.000    0.001    0.001
 120.911    0.000   -0.000    0.000
 120.944   -0.001   -0.000    0.001
 120.977   -0.000   -0.000    0.000
 121.011    0.000   -0.001    0.001
 121.044    0.002    0.006    0.007
 121.077   -0.002   -0.004    0.004
 121.111    0.001   -0.002    0.003
 121.144    0.000    0.000    0.000
 121.177   -0.001   -0.001    0.001
 121.211    0.001   -0.001    0.001
 121.244   -0.001    0.001    0.001
 121.278    0.001   -0.000    0.002
 121.311   -0.000    0.001    0.001
 121.344    0.001   -0.000    0.001
 121.378   -0.002    0.001    0.002
 121.411   -0.001    0.001    0.001
 121.444    0.001   -0.001    0.001
 121.478   -0.000    0.000    0.000
 121.511    0.000   -0.002    0.002
 121.544   -0.000    0.000    0.000
 121.578    0.001    0.001    0.001
 121.611    0.001    0.000    0.001
 121.645   -0.000    0.001    0.001
 121.678   -0.000   -0.001    0.001
 121.711    0.000   -0.001    0.001
 121.745    0.000   -0.001    0.001
 121.778   -0.000    0.000    0.000
 121.811    0.001   -0.001    0.001
 121.845    0.000   -0.000    0.000
 121.878    0.000    0.000    0.000
 121.912    0.000   -0.000    0.001
 121.945    0.000   -0.000    0.000
 121.978   -0.002    0.003    0.004
 122.012    0.000   -0.000    0.000
 122.045    0.003    0.002    0.004
 122.078   -0.000   -0.002    0.002
 122.112   -0.002   -0.002    0.002
 122.145   -0.001   -0.000    0.001
 122.178    0.000    0.000    0.000
 122.212    0.002    0.001    0.003
 122.245    0.000   -0.001    0.001
 122.279   -0.001   -0.001    0.002
 122.312    0.000    0.001    0.001
 122.345    0.000    0.001    0.001
 122.379   -0.001   -0.002    0.002
 122.412    0.000    0.003    0.003
 122.445   -0.001   -0.000    0.001
 122.479   -0.000   -0.001    0.001
 122.512    0.001   -0.001    0.001
 122.546   -0.001   -0.000    0.001
 122.579    0.001   -0.002    0.003
 122.612   -0.000    0.002    0.002
 122.646   -0.000   -0.000    0.001
 122.679    0.001    0.001    0.001
 122.712   -0.000   -0.001    0.001
 122.746    0.002    0.001    0.002
 122.779   -0.001    0.000    0.001
 122.812   -0.001    0.001    0.001
 122.846    0.000    0.001    0.001
 122.879    0.001   -0.002    0.002
 122.913    0.000    0.001    0.001
 122.946   -0.001    0.000    0.001
 122.979    0.001   -0.000    0.001
 123.013    0.001    0.001    0.001
 123.046    0.000   -0.000    0.001
 123.079   -0.000   -0.001    0.001
 123.113   -0.000    0.001    0.001
 123.146    0.001    0.001    0.002
 123.179   -0.001    0.000    0.001
