 140.000    0.000    0.000    0.000
 140.050    0.001   -0.000    0.001
 140.100   -0.000   -0.000    0.000
 140.150   -0.000    0.000    0.000
 140.200    0.000    0.001    0.001
 140.250   -0.000   -0.000    0.000
 140.300   -0.000   -0.000    0.000
 140.350    0.000   -0.000    0.000
 140.400    0.000   -0.000    0.000
 140.450    0.000    0.000    0.000
 140.500   -0.000   -0.000    0.000
 140.550   -0.000    0.000    0.000
 140.600    0.000   -0.000    0.000
 140.650    0.000    0.000    0.000
 140.700   -0.000    0.000    0.000
 140.750    0.000   -0.000    0.000
 140.800   -0.000    0.000    0.000
 140.850    0.000   -0.000    0.000
 140.900    0.000    0.000    0.000
 140.950    0.000    0.000    0.000
 141.000    0.003    0.007    0.007
 141.050   -0.001   -0.002    0.003
 141.100   -0.001   -0.001    0.001
 141.150   -0.001    0.001    0.001
 141.200   -0.001   -0.001    0.002
 141.250   -0.000   -0.000    0.000
 141.300   -0.000   -0.000    0.000
 141.350    0.000   -0.001    0.001
 141.400    0.000   -0.000    0.000
 141.450   -0.000    0.000    0.000
 141.500   -0.000    0.001    0.001
 141.550    0.000   -0.000    0.000
 141.600   -0.000    0.000    0.000
 141.650    0.000    0.000    0.000
 141.700    0.000   -0.000    0.000
 141.750   -0.000   -0.001    0.001
 141.800   -0.000   -0.000    0.000
 141.850   -0.000   -0.000    0.000
 141.900    0.000   -0.000    0.000
 141.950    0.000   -0.000    0.001
 142.000    0.000    0.000    0.000
 142.050    0.000   -0.001    0.001
 142.100    0.000    0.001    0.001
 142.150   -0.000    0.001    0.001
 142.200   -0.000   -0.000    0.000
 142.250   -0.000   -0.000    0.000
 142.300    0.000   -0.000    0.000
 142.350   -0.000   -0.000    0.000
 142.400   -0.000    0.000    0.000
 142.450    0.000    0.000    0.000
 142.500    0.001    0.001    0.001
 142.550    0.000   -0.000    0.001
 142.600   -0.000   -0.000    0.000
 142.650   -0.000    0.000    0.000
 142.700   -0.000   -0.000    0.000
 142.750    0.000   -0.000    0.000
 142.800   -0.000   -0.000    0.000
 142.850   -0.000   -0.001    0.001
 142.900    0.000    0.000    0.000
 142.950   -0.000    0.000    0.001
 143.000   -0.000   -0.001    0.001
 143.050    0.000   -0.000    0.000
 143.100   -0.000    0.000    0.000
 143.150    0.000   -0.000    0.000
 143.200    0.001   -0.001    0.001
 143.250   -0.001    0.001    0.001
 143.300   -0.000   -0.000    0.000
 143.350    0.000   -0.001    0.001
 143.400    0.000   -0.000    0.000
 143.450   -0.000    0.000    0.000
 143.500   -0.001   -0.000    0.001
 143.550   -0.000   -0.001    0.001
 143.600   -0.000    0.000    0.000
 143.650    0.000    0.001    0.001
 143.700   -0.000   -0.001    0.001
 143.750   -0.000    0.000    0.000
 143.800    0.000    0.000    0.001
 143.850   -0.000   -0.000    0.000
 143.900    0.000    0.000    0.000
 143.950   -0.000    0.000    0.000
 144.000    0.003    0.003    0.004
 144.050   -0.001   -0.002    0.002
 144.100   -0.001   -0.001    0.001
 144.150   -0.000   -0.001    0.001
 144.200   -0.000   -0.000    0.001
 144.250   -0.000   -0.000    0.000
 144.300    0.000   -0.000    0.000
 144.350    0.001   -0.000    0.001
 144.400   -0.000   -0.000    0.000
 144.450   -0.000    0.000    0.000
 144.500   -0.000    0.000    0.000
 144.550    0.000   -0.000    0.000
 144.600   -0.000   -0.000    0.001
 144.650   -0.000   -0.000    0.000
 144.700   -0.000   -0.000    0.000
 144.750    0.001    0.001    0.001
 144.800   -0.000   -0.000    0.000
 144.850   -0.000   -0.001    0.001
 144.900    0.000   -0.001    0.001
 144.950   -0.001    0.000    0.001
 145.000    0.000    0.001    0.001
 145.050    0.000    0.001    0.001
 145.100   -0.000   -0.000    0.001
 145.150   -0.000    0.000    0.000
 145.200   -0.001   -0.000    0.001
 145.250    0.000   -0.000    0.000
 145.300    0.000   -0.000    0.000
 145.350    0.001   -0.000    0.001
 145.400   -0.000   -0.001    0.001
 145.450   -0.000   -0.000    0.000
 145.500   -0.000    0.001    0.001
 145.550   -0.000   -0.000    0.001
 145.600    0.000   -0.000    0.000
 145.650   -0.000    0.000    0.000
 145.700    0.000   -0.001    0.001
 145.750   -0.001   -0.000    0.001
 145.800    0.000   -0.000    0.000
 145.850    0.000    0.000    0.000
 145.900    0.000    0.000    0.000
 145.950    0.000   -0.000    0.000
 146.000   -0.001    0.000    0.001
 146.050    0.000   -0.000    0.000
 146.100    0.000    0.000    0.000
 146.150   -0.000   -0.000    0.000
 146.200   -0.000   -0.001    0.001
 146.250    0.000    0.001    0.001
 146.300   -0.000   -0.000    0.000
 146.350    0.000   -0.000    0.000
 146.400   -0.000   -0.000    0.000
 146.450    0.000    0.000    0.000
 146.500    0.000   -0.000    0.001
 146.550   -0.000   -0.001    0.001
 146.600    0.000    0.000    0.000
 146.650   -0.000    0.000    0.000
 146.700    0.000    0.000    0.000
 146.750   -0.000    0.000    0.000
 146.800   -0.000   -0.000    0.000
 146.850    0.000    0.000    0.001
 146.900    0.000   -0.000    0.000
 146.950    0.000    0.000    0.000
 147.000    0.003    0.004    0.005
 147.050   -0.001   -0.001    0.001
 147.100   -0.001   -0.001    0.001
 147.150   -0.000   -0.000    0.000
 147.200   -0.000   -0.000    0.000
 147.250   -0.000    0.000    0.000
 147.300    0.000   -0.000    0.000
 147.350    0.000    0.000    0.000
 147.400   -0.000    0.000    0.000
 147.450   -0.000   -0.000    0.000
 147.500   -0.000   -0.001    0.001
 147.550    0.001   -0.000    0.001
 147.600    0.000    0.000    0.000
 147.650    0.000   -0.000    0.000
 147.700   -0.000   -0.000    0.001
 147.750    0.000   -0.000    0.000
 147.800    0.000   -0.000    0.000
 147.850   -0.000   -0.000    0.000
 147.900   -0.000   -0.000    0.000
 147.950   -0.000   -0.000    0.000
 148.000   -0.001    0.002    0.002
 148.050   -0.001   -0.001    0.001
 148.100    0.000   -0.000    0.001
 148.150   -0.000    0.001    0.001
 148.200    0.000   -0.000    0.001
 148.250   -0.000   -0.000    0.000
 148.300    0.001    0.000    0.001
 148.350    0.000   -0.000    0.000
 148.400   -0.000    0.000    0.000
 148.450   -0.000    0.000    0.000
 148.500    0.000    0.000    0.000
 148.550    0.000   -0.001    0.001
 148.600   -0.000    0.000    0.000
 148.650   -0.000    0.001    0.001
 148.700    0.000   -0.000    0.000
 148.750    0.001    0.000    0.001
 148.800   -0.000    0.000    0.001
 148.850   -0.001   -0.000    0.001
 148.900    0.000   -0.000    0.000
 148.950    0.000    0.000    0.000
 149.000    0.000    0.000    0.001
 149.050    0.000   -0.001    0.001
 149.100    0.000    0.000    0.000
 149.150   -0.000   -0.000    0.000
 149.200    0.000   -0.000    0.001
 149.250   -0.000    0.000    0.001
 149.300   -0.001   -0.001    0.001
 149.350    0.000   -0.000    0.000
 149.400   -0.000    0.000    0.000
 149.450   -0.000    0.000    0.000
 149.500    0.000   -0.000    0.001
 149.550    0.001   -0.000    0.001
 149.600    0.000   -0.000    0.000
 149.650    0.000    0.000    0.000
 149.700    0.000   -0.000    0.000
 149.750   -0.000   -0.000    0.000
 149.800   -0.000   -0.000    0.000
 149.850    0.000    0.000    0.000
 149.900    0.000    0.000    0.000
 149.950    0.000   -0.000    0.000
 150.000    0.003    0.007    0.008
 150.050   -0.000   -0.002    0.002
 150.100   -0.000   -0.000    0.000
 150.150   -0.000   -0.001    0.001
 150.200   -0.001   -0.000    0.001
 150.250    0.001    0.000    0.001
 150.300    0.000   -0.000    0.000
 150.350   -0.000   -0.000    0.000
 150.400   -0.000   -0.000    0.000
 150.450   -0.001   -0.000    0.001
 150.500   -0.000   -0.001    0.001
 150.550   -0.000    0.000    0.000
 150.600    0.000    0.000    0.000
 150.650   -0.000    0.000    0.000
 150.700    0.000   -0.000    0.000
 150.750    0.000   -0.000    0.000
 150.800    0.000   -0.000    0.000
 150.850    0.000   -0.000    0.000
 150.900   -0.000   -0.000    0.000
 150.950   -0.000    0.000    0.000
 151.000   -0.001   -0.000    0.001
 151.050   -0.000   -0.000    0.001
 151.100   -0.000   -0.000    0.001
 151.150   -0.000   -0.000    0.000
 151.200   -0.001   -0.001    0.001
 151.250    0.000    0.000    0.000
 151.300   -0.000   -0.001    0.001
 151.350   -0.000   -0.000    0.000
 151.400    0.000    0.001    0.001
 151.450   -0.000   -0.000    0.000
 151.500    0.001   -0.002    0.002
 151.550    0.000   -0.000    0.000
 151.600   -0.000   -0.000    0.000
 151.650    0.000    0.001    0.001
 151.700    0.000   -0.000    0.000
 151.750   -0.000   -0.000    0.000
 151.800    0.000    0.000    0.000
 151.850    0.000   -0.000    0.000
 151.900    0.000   -0.000    0.000
 151.950   -0.000    0.000    0.000
 152.000    0.000   -0.000    0.000
 152.050   -0.000   -0.000    0.000
 152.100    0.000   -0.000    0.000
 152.150   -0.000    0.001    0.001
 152.200   -0.000   -0.000    0.001
 152.250   -0.000    0.001    0.001
 152.300   -0.000   -0.000    0.000
 152.350   -0.000    0.000    0.000
 152.400    0.000    0.000    0.000
 152.450    0.000    0.000    0.000
 152.500   -0.000    0.000    0.000
 152.550    0.000    0.000    0.001
 152.600   -0.000   -0.000    0.000
 152.650   -0.000   -0.000    0.000
 152.700    0.000   -0.000    0.000
 152.750   -0.000   -0.000    0.000
 152.800   -0.000   -0.000    0.000
 152.850    0.000   -0.000    0.000
 152.900    0.000   -0.000    0.000
 152.950    0.000   -0.000    0.000
 153.000    0.003    0.005    0.006
 153.050   -0.000   -0.002    0.002
 153.100    0.000   -0.000    0.000
 153.150   -0.000   -0.001    0.001
 153.200    0.000   -0.001    0.001
 153.250   -0.000   -0.000    0.000
 153.300    0.000   -0.000    0.000
 153.350   -0.000   -0.000    0.000
 153.400    0.000   -0.000    0.000
 153.450   -0.000   -0.000    0.000
 153.500    0.000   -0.001    0.001
 153.550   -0.000    0.000    0.000
 153.600   -0.000   -0.000    0.001
 153.650   -0.001   -0.000    0.001
 153.700   -0.000   -0.000    0.000
 153.750    0.001   -0.001    0.002
 153.800    0.000   -0.000    0.000
 153.850   -0.000   -0.000    0.000
 153.900   -0.000   -0.000    0.000
 153.950   -0.000    0.000    0.000
 154.000    0.000    0.001    0.001
 154.050    0.000    0.000    0.000
 154.100   -0.000    0.000    0.000
 154.150    0.000   -0.000    0.000
 154.200    0.001   -0.000    0.001
 154.250   -0.000    0.000    0.000
 154.300   -0.001    0.000    0.001
 154.350   -0.000   -0.000    0.000
 154.400    0.000    0.000    0.000
 154.450   -0.000   -0.000    0.000
 154.500   -0.000    0.000    0.000
 154.550    0.000   -0.000    0.001
 154.600    0.000   -0.000    0.000
 154.650   -0.000    0.000    0.000
 154.700    0.000   -0.000    0.000
 154.750   -0.000   -0.001    0.001
 154.800   -0.000    0.000    0.000
 154.850   -0.000   -0.000    0.000
 154.900   -0.000    0.000    0.000
 154.950    0.000    0.000    0.000
 155.000    0.000   -0.001    0.001
 155.050   -0.000   -0.001    0.001
 155.100   -0.000   -0.000    0.000
 155.150    0.000   -0.000    0.000
 155.200   -0.000    0.000    0.000
 155.250   -0.000   -0.000    0.000
 155.300    0.000   -0.000    0.000
 155.350   -0.000   -0.000    0.000
 155.400    0.000   -0.000    0.000
 155.450   -0.000   -0.000    0.000
 155.500    0.000    0.001    0.001
 155.550    0.000   -0.001    0.001
 155.600   -0.000   -0.000    0.000
 155.650   -0.000    0.000    0.000
 155.700    0.000    0.000    0.000
 155.750    0.000    0.000    0.000
 155.800   -0.000   -0.000    0.000
 155.850   -0.000    0.000    0.000
 155.900   -0.000   -0.000    0.000
 155.950   -0.000   -0.000    0.000
 156.000    0.004    0.002    0.004
 156.050    0.000   -0.001    0.001
 156.100   -0.000   -0.000    0.000
 156.150   -0.000   -0.000    0.000
 156.200   -0.000   -0.001    0.001
 156.250   -0.000   -0.001    0.001
 156.300   -0.001   -0.000    0.001
 156.350   -0.000    0.000    0.000
 156.400    0.000   -0.000    0.000
 156.450   -0.000   -0.000    0.000
 156.500   -0.000   -0.000    0.000
 156.550   -0.000    0.000    0.000
 156.600   -0.001   -0.000    0.001
 156.650   -0.000   -0.000    0.000
 156.700   -0.000   -0.002    0.002
 156.750   -0.002   -0.052    0.052
 156.800   -0.009    0.019    0.021
 156.850   -0.003   -0.026    0.026
 156.900    0.030    0.156    0.159
 156.950   -0.086    0.017    0.088
 157.000    0.098   -0.027    0.102
 157.050    0.046   -0.081    0.094
 157.100   -0.003   -0.034    0.034
 157.150   -0.035    0.042    0.055
 157.200    0.025   -0.077    0.080
 157.250   -0.003   -0.041    0.041
 157.300   -0.006   -0.056    0.057
 157.350   -0.004   -0.040    0.040
 157.400   -0.002    0.011    0.011
 157.450   -0.000    0.016    0.016
 157.500    0.002    0.039    0.039
 157.550    0.001    0.010    0.011
 157.600   -0.002   -0.010    0.010
 157.650   -0.001   -0.025    0.025
 157.700    0.001    0.004    0.004
 157.750   -0.001    0.027    0.027
 157.800   -0.000    0.007    0.007
 157.850   -0.001   -0.014    0.014
 157.900    0.000   -0.005    0.005
 157.950    0.001    0.008    0.008
 158.000    0.000   -0.011    0.011
 158.050    0.001    0.002    0.002
 158.100   -0.000   -0.001    0.001
 158.150   -0.000    0.001    0.001
 158.200   -0.000    0.001    0.001
 158.250    0.000   -0.019    0.019
 158.300   -0.001    0.010    0.010
 158.350   -0.000    0.007    0.007
 158.400   -0.000   -0.000    0.000
 158.450    0.001    0.006    0.006
 158.500    0.001    0.002    0.002
 158.550   -0.001   -0.004    0.004
 158.600   -0.001   -0.014    0.014
 158.650   -0.001   -0.002    0.002
 158.700   -0.001    0.007    0.007
 158.750    0.002    0.015    0.015
 158.800   -0.000   -0.004    0.004
 158.850    0.000   -0.001    0.001
 158.900    0.000   -0.003    0.003
 158.950   -0.000   -0.002    0.002
 159.000    0.004    0.004    0.006
 159.050   -0.000   -0.002    0.002
 159.100   -0.000   -0.000    0.001
 159.150   -0.001   -0.001    0.001
 159.200   -0.001   -0.001    0.001
 159.250   -0.001   -0.004    0.004
 159.300   -0.002   -0.004    0.005
 159.350    0.001    0.003    0.003
 159.400    0.000   -0.000    0.000
 159.450   -0.002   -0.005    0.006
 159.500   -0.000    0.003    0.003
 159.550    0.001    0.003    0.003
 159.600    0.000   -0.000    0.000
 159.650   -0.001    0.001    0.001
 159.700   -0.001   -0.005    0.005
 159.750    0.002    0.005    0.005
 159.800   -0.001   -0.012    0.012
 159.850   -0.000    0.002    0.002
 159.900    0.002    0.009    0.009
 159.950   -0.000    0.001    0.001
 160.000   -0.001   -0.005    0.005
 160.050    0.000   -0.002    0.002
 160.100    0.001    0.005    0.005
 160.150    0.001    0.002    0.002
 160.200   -0.000   -0.004    0.004
 160.250   -0.001   -0.004    0.004
 160.300    0.000    0.001    0.001
 160.350    0.000   -0.000    0.000
 160.400    0.000    0.001    0.001
 160.450    0.000   -0.000    0.000
 160.500   -0.001   -0.000    0.001
 160.550   -0.000   -0.001    0.001
 160.600    0.001    0.004    0.004
 160.650    0.001    0.018    0.018
 160.700   -0.001   -0.010    0.010
 160.750   -0.001   -0.018    0.018
 160.800    0.001    0.005    0.005
 160.850    0.002    0.014    0.014
 160.900    0.000   -0.005    0.005
 160.950   -0.002   -0.004    0.004
 161.000   -0.001   -0.005    0.005
 161.050   -0.001   -0.003    0.003
 161.100    0.001    0.004    0.004
 161.150    0.001    0.017    0.017
 161.200   -0.001   -0.011    0.011
 161.250   -0.003   -0.006    0.007
 161.300    0.002    0.004    0.005
 161.350    0.000    0.015    0.015
 161.400   -0.001   -0.006    0.006
 161.450   -0.001   -0.004    0.004
 161.500    0.001   -0.005    0.005
 161.550   -0.001   -0.003    0.003
 161.600    0.001   -0.001    0.002
 161.650    0.001    0.003    0.003
 161.700    0.001    0.007    0.007
 161.750   -0.001    0.003    0.003
 161.800   -0.001   -0.001    0.001
 161.850   -0.000   -0.001    0.001
 161.900   -0.000   -0.006    0.006
 161.950    0.000   -0.002    0.002
 162.000    0.002   -0.002    0.003
 162.050   -0.000   -0.002    0.002
 162.100   -0.001   -0.000    0.001
 162.150    0.001   -0.001    0.001
 162.200   -0.000    0.001    0.001
 162.250   -0.000   -0.000    0.000
 162.300    0.000    0.000    0.000
 162.350    0.000   -0.000    0.000
 162.400    0.000    0.000    0.001
 162.450   -0.001   -0.001    0.001
 162.500   -0.001   -0.008    0.009
 162.550    0.001    0.001    0.001
 162.600    0.001    0.003    0.003
 162.650    0.001    0.016    0.016
 162.700   -0.000    0.003    0.003
 162.750    0.001   -0.006    0.006
 162.800   -0.001   -0.003    0.003
 162.850    0.000   -0.001    0.001
 162.900   -0.000   -0.002    0.002
 162.950   -0.001   -0.003    0.003
 163.000    0.001   -0.001    0.001
 163.050    0.001    0.003    0.003
 163.100   -0.001    0.003    0.003
 163.150   -0.001   -0.003    0.003
 163.200    0.002   -0.012    0.012
 163.250    0.001    0.009    0.009
 163.300   -0.000    0.003    0.003
 163.350   -0.001    0.001    0.001
 163.400   -0.001    0.011    0.011
 163.450    0.001    0.010    0.010
 163.500    0.002    0.001    0.003
 163.550   -0.001   -0.010    0.010
 163.600   -0.002   -0.027    0.027
 163.650   -0.001   -0.002    0.002
 163.700    0.002    0.014    0.014
 163.750    0.001    0.004    0.004
 163.800   -0.001   -0.002    0.003
 163.850   -0.000   -0.001    0.001
 163.900    0.000   -0.001    0.001
 163.950   -0.000    0.001    0.001
 164.000    0.000    0.001    0.001
 164.050   -0.000   -0.002    0.002
 164.100    0.000    0.000    0.000
 164.150    0.000    0.003    0.003
 164.200   -0.000    0.001    0.001
 164.250   -0.001   -0.001    0.001
 164.300   -0.000    0.000    0.000
 164.350    0.000    0.000    0.000
 164.400    0.001    0.000    0.001
 164.450   -0.001   -0.000    0.001
 164.500    0.000   -0.001    0.001
 164.550    0.001    0.000    0.001
 164.600   -0.001   -0.000    0.001
 164.650   -0.000   -0.000    0.000
 164.700    0.000   -0.000    0.000
 164.750    0.000    0.000    0.000
 164.800   -0.000    0.000    0.001
 164.850    0.000    0.001    0.001
 164.900    0.000   -0.000    0.001
 164.950    0.000   -0.000    0.000
 165.000    0.003    0.003    0.004
 165.050   -0.000   -0.001    0.001
 165.100   -0.000   -0.000    0.001
 165.150   -0.000   -0.000    0.000
 165.200    0.000   -0.001    0.001
 165.250   -0.000   -0.001    0.001
 165.300   -0.000   -0.000    0.000
 165.350   -0.000   -0.000    0.000
 165.400   -0.001   -0.000    0.001
 165.450   -0.000    0.000    0.000
 165.500   -0.000    0.000    0.001
 165.550   -0.000   -0.000    0.000
 165.600    0.000   -0.000    0.000
 165.650   -0.001   -0.000    0.001
 165.700    0.000    0.000    0.000
 165.750    0.000   -0.000    0.000
 165.800    0.000    0.000    0.000
 165.850    0.000   -0.000    0.000
 165.900   -0.000   -0.000    0.000
 165.950   -0.000    0.000    0.000
 166.000   -0.000   -0.000    0.000
 166.050    0.000   -0.000    0.000
 166.100    0.000   -0.000    0.000
 166.150   -0.000   -0.000    0.000
 166.200   -0.000   -0.000    0.000
 166.250   -0.001    0.000    0.001
 166.300   -0.000   -0.000    0.000
 166.350    0.000   -0.000    0.000
 166.400    0.000   -0.000    0.000
 166.450   -0.000    0.002    0.002
 166.500    0.001    0.004    0.004
 166.550   -0.000   -0.003    0.003
 166.600   -0.001   -0.002    0.002
 166.650   -0.000   -0.001    0.001
 166.700   -0.001   -0.008    0.008
 166.750    0.001    0.009    0.009
 166.800   -0.000   -0.000    0.000
 166.850   -0.000    0.000    0.000
 166.900    0.000   -0.001    0.001
 166.950   -0.000   -0.000    0.000
 167.000    0.000   -0.001    0.001
 167.050    0.000    0.001    0.001
 167.100    0.000   -0.000    0.000
 167.150    0.004    0.040    0.040
 167.200    0.001   -0.005    0.005
 167.250   -0.001    0.014    0.014
 167.300   -0.003   -0.048    0.048
 167.350   -0.002   -0.032    0.033
 167.400    0.000    0.022    0.022
 167.450    0.000    0.017    0.017
 167.500   -0.000    0.000    0.000
 167.550    0.000   -0.001    0.001
 167.600   -0.000    0.000    0.000
 167.650   -0.001   -0.000    0.001
 167.700   -0.000   -0.000    0.000
 167.750    0.000    0.000    0.000
 167.800   -0.000    0.000    0.000
 167.850   -0.001    0.000    0.001
 167.900   -0.000   -0.001    0.001
 167.950   -0.000   -0.001    0.001
 168.000    0.005    0.007    0.009
 168.050    0.001    0.006    0.006
 168.100   -0.000    0.019    0.019
 168.150   -0.002   -0.016    0.016
 168.200   -0.004   -0.023    0.023
 168.250    0.002   -0.002    0.003
 168.300    0.001    0.011    0.011
 168.350   -0.002   -0.001    0.002
 168.400    0.001   -0.001    0.002
 168.450    0.001    0.014    0.014
 168.500   -0.001    0.005    0.005
 168.550   -0.003   -0.024    0.024
 168.600    0.001    0.001    0.001
 168.650    0.001   -0.002    0.002
 168.700    0.002    0.009    0.009
 168.750   -0.001   -0.002    0.003
 168.800    0.000   -0.001    0.001
 168.850    0.000   -0.001    0.001
 168.900    0.001    0.000    0.001
 168.950    0.001    0.005    0.005
 169.000    0.000    0.006    0.006
 169.050   -0.001   -0.008    0.008
 169.100   -0.001   -0.007    0.007
 169.150    0.001    0.001    0.001
 169.200    0.002    0.005    0.006
 169.250   -0.000   -0.003    0.003
 169.300   -0.000   -0.000    0.001
 169.350    0.001    0.011    0.011
 169.400   -0.000   -0.001    0.001
 169.450   -0.001   -0.004    0.004
 169.500   -0.001   -0.014    0.014
 169.550    0.000   -0.005    0.005
 169.600    0.002    0.011    0.012
 169.650    0.001    0.004    0.005
 169.700   -0.000   -0.002    0.002
 169.750   -0.001   -0.002    0.002
 169.800    0.001   -0.009    0.009
 169.850   -0.000    0.005    0.005
 169.900   -0.001    0.003    0.003
 169.950    0.001    0.006    0.006
 170.000    0.002    0.015    0.015
 170.050   -0.001   -0.006    0.006
 170.100   -0.001   -0.018    0.018
 170.150   -0.000   -0.005    0.005
 170.200    0.001    0.010    0.010
 170.250    0.000    0.008    0.008
 170.300   -0.001   -0.002    0.002
 170.350    0.001    0.001    0.001
 170.400    0.001    0.001    0.002
 170.450    0.000    0.010    0.010
 170.500   -0.002   -0.020    0.020
 170.550   -0.001   -0.016    0.016
 170.600    0.000    0.014    0.014
 170.650    0.001    0.005    0.005
 170.700    0.000    0.018    0.018
 170.750   -0.001   -0.010    0.010
 170.800   -0.000   -0.000    0.000
 170.850    0.000   -0.001    0.001
 170.900    0.000   -0.000    0.000
 170.950    0.000    0.000    0.000
 171.000    0.001   -0.012    0.012
 171.050    0.000   -0.002    0.002
 171.100   -0.000    0.001    0.001
 171.150   -0.001    0.001    0.001
 171.200   -0.000   -0.000    0.000
 171.250   -0.001   -0.000    0.001
 171.300   -0.000    0.001    0.001
 171.350   -0.001    0.000    0.001
 171.400    0.000   -0.000    0.000
 171.450   -0.000    0.000    0.001
 171.500    0.001    0.000    0.001
 171.550    0.000    0.000    0.000
 171.600    0.000    0.000    0.000
 171.650   -0.000   -0.000    0.000
 171.700    0.000    0.000    0.000
 171.750   -0.000   -0.001    0.001
 171.800   -0.000   -0.000    0.000
 171.850    0.000   -0.000    0.000
 171.900    0.000   -0.000    0.000
 171.950    0.005    0.045    0.045
 172.000   -0.001   -0.009    0.009
 172.050   -0.003   -0.023    0.023
 172.100   -0.001   -0.033    0.033
 172.150    0.000    0.001    0.001
 172.200    0.001    0.016    0.016
 172.250    0.000    0.012    0.012
 172.300   -0.001   -0.004    0.004
 172.350   -0.000   -0.001    0.001
 172.400    0.000   -0.001    0.001
 172.450   -0.000    0.000    0.000
 172.500   -0.001    0.000    0.001
 172.550   -0.001   -0.001    0.001
 172.600   -0.000   -0.001    0.001
 172.650    0.002    0.003    0.003
 172.700   -0.000   -0.001    0.001
 172.750   -0.000   -0.000    0.000
 172.800   -0.000   -0.000    0.000
 172.850   -0.000    0.000    0.000
 172.900   -0.000   -0.001    0.001
 172.950   -0.000   -0.001    0.001
 173.000    0.000    0.000    0.000
 173.050    0.000    0.000    0.000
 173.100    0.000   -0.000    0.000
 173.150   -0.000    0.000    0.000
 173.200    0.001   -0.000    0.001
 173.250    0.000   -0.000    0.001
 173.300   -0.000   -0.000    0.000
 173.350   -0.000   -0.001    0.001
 173.400    0.000   -0.000    0.000
 173.450   -0.005   -0.002    0.006
 173.500    0.001   -0.021    0.021
 173.550    0.002   -0.023    0.023
 173.600    0.003    0.042    0.042
 173.650   -0.001    0.017    0.017
 173.700   -0.000    0.002    0.002
 173.750   -0.001   -0.014    0.014
 173.800    0.001    0.004    0.005
 173.850    0.000   -0.006    0.006
 173.900   -0.001   -0.002    0.002
 173.950   -0.001   -0.007    0.007
 174.000    0.005    0.012    0.013
 174.050   -0.000    0.007    0.007
 174.100   -0.001   -0.005    0.006
 174.150   -0.002   -0.010    0.010
 174.200   -0.000   -0.000    0.000
 174.250   -0.000    0.000    0.000
 174.300    0.002    0.006    0.006
 174.350   -0.001   -0.000    0.001
 174.400   -0.001   -0.002    0.002
 174.450   -0.001   -0.023    0.023
 174.500    0.001    0.004    0.004
 174.550   -0.002   -0.008    0.008
 174.600    0.003    0.016    0.016
 174.650    0.002    0.024    0.024
 174.700   -0.000    0.001    0.001
 174.750   -0.000   -0.009    0.009
 174.800   -0.001   -0.018    0.018
 174.850   -0.000    0.004    0.004
 174.900    0.001    0.008    0.008
 174.950    0.001    0.005    0.005
 175.000   -0.001   -0.000    0.001
 175.050   -0.001   -0.005    0.005
 175.100    0.002    0.001    0.002
 175.150    0.000    0.003    0.003
 175.200   -0.001   -0.002    0.002
 175.250    0.000    0.000    0.000
 175.300   -0.000    0.000    0.000
 175.350   -0.001   -0.000    0.001
 175.400    0.000   -0.000    0.000
 175.450    0.000   -0.000    0.000
 175.500    0.000    0.000    0.000
 175.550   -0.000   -0.000    0.000
 175.600   -0.000   -0.000    0.000
 175.650    0.000    0.000    0.000
 175.700   -0.001   -0.012    0.012
 175.750    0.001    0.013    0.013
 175.800    0.000    0.003    0.003
 175.850   -0.001   -0.003    0.003
 175.900   -0.000   -0.005    0.005
 175.950    0.000    0.000    0.000
 176.000    0.001   -0.032    0.032
 176.050   -0.000    0.006    0.006
 176.100    0.001    0.015    0.015
 176.150    0.002    0.025    0.025
 176.200   -0.000    0.030    0.030
 176.250    0.001   -0.013    0.013
 176.300   -0.004   -0.035    0.035
 176.350    0.000   -0.014    0.014
 176.400    0.002    0.032    0.032
 176.450   -0.001   -0.003    0.003
 176.500   -0.001   -0.002    0.002
 176.550   -0.000   -0.003    0.003
 176.600    0.001    0.002    0.002
 176.650   -0.000    0.001    0.001
 176.700   -0.000   -0.001    0.001
 176.750   -0.000   -0.000    0.000
 176.800    0.000   -0.001    0.001
 176.850   -0.001   -0.000    0.001
 176.900    0.000   -0.000    0.000
 176.950    0.000    0.000    0.000
 177.000    0.002    0.006    0.006
 177.050    0.000   -0.002    0.002
 177.100   -0.001   -0.001    0.001
 177.150   -0.001   -0.000    0.001
 177.200   -0.001   -0.001    0.001
 177.250   -0.000   -0.000    0.000
 177.300   -0.000   -0.000    0.000
 177.350    0.001    0.001    0.001
 177.400    0.001    0.007    0.007
 177.450   -0.002   -0.014    0.014
 177.500    0.000   -0.009    0.009
 177.550    0.001    0.002    0.002
 177.600    0.001    0.015    0.015
 177.650    0.001    0.006    0.006
 177.700   -0.000   -0.007    0.007
 177.750   -0.002   -0.009    0.009
 177.800   -0.000   -0.002    0.002
 177.850    0.001    0.008    0.008
 177.900    0.001    0.009    0.009
 177.950   -0.001    0.001    0.002
 178.000   -0.001   -0.012    0.012
 178.050   -0.001   -0.006    0.007
 178.100    0.001    0.003    0.004
 178.150    0.001    0.002    0.003
 178.200    0.000    0.000    0.001
 178.250   -0.000    0.000    0.000
 178.300   -0.000    0.000    0.001
 178.350   -0.000   -0.000    0.000
 178.400    0.000   -0.000    0.000
 178.450   -0.000    0.000    0.000
 178.500    0.000   -0.001    0.001
 178.550   -0.001   -0.000    0.001
 178.600    0.000    0.001    0.001
 178.650   -0.000    0.001    0.001
 178.700   -0.000    0.000    0.000
 178.750   -0.001   -0.000    0.001
 178.800    0.000   -0.001    0.001
 178.850   -0.000   -0.000    0.000
 178.900    0.001    0.002    0.002
 178.950   -0.000    0.000    0.000
 179.000   -0.001   -0.000    0.001
 179.050    0.000    0.000    0.000
 179.100    0.001   -0.000    0.001
 179.150   -0.001    0.000    0.001
 179.200   -0.001   -0.000    0.001
 179.250    0.000    0.001    0.001
 179.300    0.000   -0.001    0.001
 179.350    0.000   -0.000    0.000
 179.400   -0.000    0.001    0.001
 179.450   -0.001   -0.002    0.002
 179.500    0.003   -0.002    0.004
 179.550   -0.001    0.021    0.022
 179.600   -0.003   -0.007    0.008
 179.650   -0.001   -0.022    0.022
 179.700    0.001   -0.000    0.001
 179.750    0.001    0.004    0.004
 179.800    0.001    0.026    0.026
 179.850   -0.001   -0.003    0.003
 179.900   -0.002   -0.011    0.011
 179.950   -0.001   -0.009    0.009
 180.000    0.005    0.003    0.006
 180.050    0.000   -0.001    0.001
 180.100    0.000    0.005    0.005
 180.150   -0.001   -0.001    0.002
 180.200   -0.000    0.000    0.000
 180.250    0.000    0.000    0.000
 180.300   -0.000   -0.001    0.001
 180.350   -0.000    0.000    0.000
 180.400    0.000   -0.001    0.001
 180.450   -0.000   -0.001    0.001
 180.500   -0.001   -0.001    0.001
 180.550   -0.000    0.000    0.000
 180.600    0.000    0.001    0.001
 180.650    0.000    0.001    0.001
 180.700   -0.000   -0.000    0.000
 180.750   -0.001   -0.003    0.003
 180.800    0.000    0.001    0.001
 180.850   -0.000   -0.000    0.000
 180.900    0.001    0.000    0.001
 180.950    0.000    0.001    0.001
 181.000   -0.001   -0.002    0.002
 181.050   -0.000    0.000    0.000
 181.100   -0.000   -0.001    0.001
 181.150    0.001   -0.000    0.001
 181.200    0.000    0.000    0.000
 181.250   -0.001   -0.000    0.001
 181.300   -0.000    0.000    0.000
 181.350   -0.000   -0.000    0.000
 181.400   -0.000   -0.000    0.000
 181.450    0.001   -0.000    0.001
 181.500   -0.000    0.000    0.000
 181.550    0.000   -0.000    0.000
 181.600   -0.000   -0.000    0.000
 181.650    0.001   -0.000    0.001
 181.700    0.000   -0.000    0.001
 181.750    0.000   -0.000    0.000
 181.800    0.000    0.000    0.000
 181.850   -0.000   -0.000    0.000
 181.900   -0.000   -0.005    0.005
 181.950    0.001    0.003    0.003
 182.000    0.000    0.013    0.013
 182.050   -0.002   -0.005    0.006
 182.100   -0.000   -0.004    0.004
 182.150    0.000   -0.001    0.001
 182.200    0.000    0.001    0.001
 182.250    0.001    0.003    0.003
 182.300   -0.000   -0.001    0.001
 182.350   -0.000   -0.001    0.001
 182.400    0.000   -0.000    0.000
 182.450    0.001    0.009    0.009
 182.500   -0.001   -0.004    0.005
 182.550   -0.001   -0.004    0.004
 182.600    0.000   -0.000    0.000
 182.650    0.000   -0.001    0.001
 182.700    0.001    0.002    0.002
 182.750   -0.001    0.003    0.003
 182.800   -0.001   -0.006    0.006
 182.850    0.001    0.003    0.003
 182.900   -0.000    0.001    0.001
 182.950   -0.001   -0.002    0.002
 183.000    0.005    0.008    0.010
 183.050   -0.000   -0.001    0.001
 183.100   -0.001   -0.001    0.001
 183.150   -0.000   -0.000    0.001
 183.200    0.001   -0.002    0.002
 183.250   -0.000   -0.001    0.001
 183.300   -0.000    0.001    0.001
 183.350    0.000    0.001    0.001
 183.400   -0.001    0.000    0.001
 183.450   -0.000   -0.000    0.000
 183.500    0.000   -0.001    0.001
 183.550    0.000   -0.001    0.001
 183.600   -0.000   -0.000    0.000
 183.650   -0.000    0.000    0.000
 183.700    0.001   -0.000    0.001
 183.750   -0.001    0.000    0.001
 183.800   -0.001    0.013    0.013
 183.850   -0.002   -0.026    0.026
 183.900    0.002    0.003    0.003
 183.950    0.001    0.018    0.018
 184.000   -0.000    0.001    0.001
 184.050   -0.000   -0.004    0.004
 184.100   -0.000   -0.002    0.002
 184.150   -0.001   -0.004    0.004
 184.200    0.000    0.001    0.001
 184.250    0.000    0.001    0.001
 184.300   -0.000    0.000    0.000
 184.350    0.000    0.000    0.000
 184.400   -0.000   -0.001    0.001
 184.450    0.000   -0.000    0.000
 184.500   -0.001   -0.000    0.001
 184.550    0.000   -0.001    0.001
 184.600    0.000   -0.000    0.001
 184.650    0.000   -0.000    0.000
 184.700   -0.001   -0.004    0.004
 184.750    0.001   -0.002    0.002
 184.800    0.001    0.009    0.009
 184.850    0.000   -0.002    0.002
 184.900   -0.001   -0.002    0.002
 184.950    0.000    0.000    0.000
 185.000   -0.001    0.000    0.001
 185.050   -0.000   -0.000    0.001
 185.100    0.001    0.000    0.001
 185.150   -0.000    0.001    0.001
 185.200   -0.000   -0.001    0.001
 185.250   -0.001    0.001    0.001
 185.300    0.000    0.000    0.000
 185.350   -0.000   -0.001    0.001
 185.400   -0.000   -0.000    0.000
 185.450    0.000    0.000    0.000
 185.500   -0.000    0.001    0.001
 185.550    0.000   -0.000    0.000
 185.600   -0.000    0.000    0.000
 185.650    0.000   -0.000    0.000
 185.700    0.000   -0.000    0.000
 185.750    0.000   -0.000    0.000
 185.800   -0.000    0.000    0.000
 185.850    0.000    0.000    0.000
 185.900   -0.000   -0.000    0.000
 185.950    0.000    0.000    0.000
 186.000    0.002    0.001    0.002
 186.050   -0.002   -0.028    0.029
 186.100   -0.002   -0.002    0.003
 186.150    0.002    0.020    0.020
 186.200   -0.001    0.006    0.006
 186.250    0.001   -0.002    0.003
 186.300   -0.002    0.000    0.002
 186.350   -0.000   -0.000    0.000
 186.400   -0.001   -0.003    0.004
 186.450    0.000   -0.003    0.003
 186.500    0.002    0.010    0.010
 186.550    0.001    0.000    0.001
 186.600   -0.002   -0.002    0.003
 186.650   -0.001   -0.002    0.003
 186.700    0.000    0.001    0.001
 186.750    0.002    0.002    0.003
 186.800   -0.000   -0.000    0.001
 186.850   -0.000   -0.000    0.000
 186.900   -0.000   -0.001    0.001
 186.950   -0.000   -0.001    0.001
 187.000    0.000    0.001    0.001
 187.050    0.000   -0.000    0.000
 187.100   -0.000    0.001    0.001
 187.150    0.001    0.000    0.001
 187.200    0.000   -0.000    0.000
 187.250   -0.000    0.000    0.000
 187.300   -0.000   -0.000    0.000
 187.350   -0.000    0.000    0.000
 187.400   -0.000   -0.000    0.000
 187.450    0.000    0.000    0.000
 187.500   -0.000   -0.001    0.001
 187.550    0.000   -0.000    0.000
 187.600    0.000   -0.002    0.002
 187.650   -0.001   -0.003    0.004
 187.700    0.000    0.001    0.001
 187.750    0.000   -0.000    0.000
 187.800    0.001    0.001    0.001
 187.850    0.001    0.003    0.003
 187.900   -0.001   -0.001    0.001
 187.950   -0.000   -0.001    0.001
 188.000    0.001    0.001    0.002
 188.050   -0.000   -0.000    0.000
 188.100   -0.000    0.000    0.000
 188.150   -0.000    0.000    0.000
 188.200    0.000   -0.001    0.001
 188.250    0.000   -0.000    0.000
 188.300   -0.000   -0.000    0.000
 188.350    0.001   -0.000    0.001
 188.400   -0.000    0.001    0.001
 188.450   -0.000   -0.002    0.002
 188.500   -0.001    0.001    0.001
 188.550   -0.000   -0.001    0.001
 188.600    0.000   -0.000    0.000
 188.650    0.001    0.000    0.001
 188.700    0.000    0.000    0.000
 188.750    0.000    0.001    0.001
 188.800   -0.001    0.006    0.006
 188.850   -0.001   -0.004    0.004
 188.900    0.001   -0.001    0.002
 188.950    0.000   -0.002    0.002
 189.000    0.005    0.009    0.010
 189.050   -0.002   -0.001    0.002
 189.100   -0.001   -0.002    0.002
 189.150    0.000   -0.001    0.001
 189.200   -0.000   -0.001    0.001
 189.250   -0.000    0.000    0.000
 189.300   -0.000   -0.000    0.000
 189.350    0.000   -0.000    0.000
 189.400    0.000   -0.000    0.000
 189.450   -0.001   -0.000    0.001
 189.500    0.001   -0.000    0.001
 189.550   -0.000    0.000    0.000
 189.600   -0.000   -0.001    0.001
 189.650   -0.000   -0.000    0.000
 189.700    0.000   -0.000    0.001
 189.750   -0.000   -0.000    0.000
 189.800    0.000   -0.000    0.001
 189.850    0.000   -0.000    0.000
 189.900   -0.000    0.000    0.000
 189.950    0.000   -0.000    0.000
 190.000   -0.001    0.000    0.001
 190.050    0.000   -0.000    0.000
 190.100   -0.000   -0.000    0.000
 190.150   -0.000    0.000    0.000
 190.200    0.000   -0.001    0.001
 190.250   -0.000    0.000    0.000
 190.300   -0.000   -0.000    0.000
 190.350   -0.000   -0.000    0.000
 190.400    0.002   -0.034    0.034
 190.450   -0.001   -0.001    0.001
 190.500    0.001    0.016    0.016
 190.550   -0.000   -0.001    0.001
 190.600    0.000    0.018    0.018
 190.650    0.000    0.018    0.018
 190.700   -0.001   -0.013    0.013
 190.750   -0.001   -0.010    0.010
 190.800    0.000    0.001    0.001
 190.850   -0.000    0.001    0.001
 190.900    0.000   -0.001    0.001
 190.950    0.000    0.000    0.001
 191.000    0.000   -0.000    0.000
 191.050   -0.000    0.000    0.000
 191.100    0.000    0.000    0.000
 191.150   -0.001   -0.000    0.001
 191.200    0.000   -0.000    0.000
 191.250   -0.001    0.001    0.002
 191.300   -0.000    0.000    0.000
 191.350    0.001    0.001    0.001
 191.400   -0.001    0.002    0.002
 191.450   -0.001   -0.012    0.012
 191.500   -0.001    0.000    0.001
 191.550    0.000    0.007    0.007
 191.600    0.002    0.006    0.006
 191.650   -0.000    0.002    0.002
 191.700    0.000   -0.002    0.002
 191.750    0.000   -0.001    0.001
 191.800    0.000   -0.001    0.001
 191.850    0.000   -0.001    0.001
 191.900    0.000    0.000    0.000
 191.950   -0.000   -0.001    0.001
 192.000    0.003    0.002    0.004
 192.050   -0.000   -0.000    0.001
 192.100   -0.001   -0.001    0.002
 192.150   -0.000   -0.000    0.000
 192.200   -0.001   -0.000    0.001
 192.250    0.001   -0.001    0.001
 192.300   -0.000    0.001    0.001
 192.350   -0.000    0.000    0.000
 192.400   -0.001   -0.001    0.001
 192.450   -0.001   -0.000    0.001
 192.500   -0.000   -0.001    0.001
 192.550   -0.000    0.000    0.000
 192.600   -0.000    0.001    0.001
 192.650   -0.000   -0.001    0.001
 192.700    0.001    0.000    0.001
 192.750    0.001    0.001    0.002
 192.800   -0.000   -0.001    0.001
 192.850    0.000   -0.001    0.001
 192.900   -0.000   -0.001    0.001
 192.950   -0.000   -0.000    0.000
 193.000   -0.000   -0.000    0.001
 193.050    0.000    0.000    0.001
 193.100    0.000   -0.000    0.000
 193.150   -0.000    0.001    0.001
 193.200    0.000   -0.001    0.001
 193.250    0.001    0.000    0.001
 193.300    0.000    0.000    0.000
 193.350   -0.000   -0.000    0.000
 193.400   -0.000   -0.000    0.000
 193.450   -0.000   -0.000    0.000
 193.500   -0.001    0.004    0.004
 193.550    0.001   -0.002    0.002
 193.600   -0.000    0.000    0.001
 193.650   -0.001   -0.000    0.001
 193.700   -0.001   -0.001    0.001
 193.750   -0.000   -0.006    0.006
 193.800    0.000   -0.001    0.001
 193.850    0.001    0.004    0.005
 193.900   -0.000   -0.000    0.000
 193.950    0.000   -0.000    0.000
 194.000    0.000    0.000    0.000
 194.050    0.000    0.000    0.000
 194.100   -0.000    0.000    0.000
 194.150    0.000    0.000    0.000
 194.200    0.000   -0.000    0.000
 194.250   -0.001   -0.000    0.001
 194.300   -0.000    0.001    0.001
 194.350    0.001    0.000    0.001
 194.400   -0.000    0.000    0.000
 194.450   -0.000    0.000    0.000
 194.500    0.000   -0.001    0.001
 194.550   -0.000   -0.000    0.000
 194.600    0.000   -0.000    0.000
 194.650    0.000    0.000    0.000
 194.700   -0.000   -0.000    0.000
 194.750   -0.000    0.000    0.000
 194.800    0.000    0.000    0.000
 194.850   -0.000   -0.000    0.000
 194.900   -0.000    0.000    0.000
 194.950   -0.000   -0.000    0.000
 195.000    0.004    0.003    0.004
 195.050   -0.000   -0.001    0.001
 195.100   -0.000   -0.001    0.001
 195.150   -0.000   -0.000    0.000
 195.200   -0.001   -0.001    0.001
 195.250   -0.000   -0.000    0.000
 195.300   -0.000    0.000    0.000
 195.350   -0.000   -0.000    0.000
 195.400    0.000   -0.000    0.000
 195.450    0.000   -0.000    0.001
 195.500    0.000    0.000    0.000
 195.550   -0.000    0.001    0.001
 195.600   -0.000    0.000    0.000
 195.650   -0.000    0.000    0.000
 195.700   -0.001   -0.000    0.001
 195.750   -0.001   -0.000    0.001
 195.800   -0.000   -0.000    0.000
 195.850    0.001   -0.000    0.001
 195.900   -0.000    0.001    0.001
 195.950    0.000   -0.000    0.000
 196.000    0.000   -0.000    0.000
 196.050    0.000    0.000    0.000
 196.100    0.000   -0.000    0.000
 196.150    0.000   -0.000    0.000
 196.200   -0.000   -0.001    0.001
 196.250   -0.000    0.000    0.000
 196.300   -0.000   -0.000    0.000
 196.350    0.001    0.000    0.001
 196.400   -0.000    0.000    0.000
 196.450    0.000   -0.000    0.000
 196.500    0.002    0.001    0.002
 196.550   -0.000    0.000    0.000
 196.600   -0.001   -0.002    0.002
 196.650   -0.000   -0.001    0.001
 196.700   -0.001   -0.000    0.001
 196.750    0.000    0.001    0.002
 196.800    0.001    0.002    0.002
 196.850   -0.000   -0.000    0.000
 196.900   -0.001   -0.001    0.001
 196.950    0.000    0.000    0.000
 197.000   -0.000   -0.000    0.001
 197.050    0.000   -0.000    0.000
 197.100   -0.001   -0.000    0.001
 197.150    0.001    0.001    0.001
 197.200    0.000   -0.000    0.000
 197.250    0.001   -0.001    0.001
 197.300   -0.000   -0.000    0.000
 197.350    0.000   -0.000    0.000
 197.400    0.000   -0.000    0.000
 197.450   -0.001   -0.000    0.001
 197.500    0.000    0.001    0.001
 197.550    0.000    0.000    0.000
 197.600    0.000   -0.000    0.000
 197.650    0.000   -0.000    0.000
 197.700   -0.000    0.000    0.000
 197.750   -0.001   -0.000    0.001
 197.800    0.000   -0.000    0.000
 197.850    0.000    0.000    0.000
 197.900    0.000    0.001    0.001
 197.950    0.000    0.002    0.002
 198.000    0.004    0.000    0.004
 198.050   -0.001   -0.002    0.002
 198.100   -0.000   -0.000    0.000
 198.150   -0.000   -0.001    0.001
 198.200    0.000   -0.000    0.000
 198.250   -0.000    0.000    0.000
 198.300   -0.000    0.001    0.001
 198.350   -0.000   -0.000    0.000
 198.400   -0.000   -0.000    0.000
 198.450   -0.000   -0.000    0.000
 198.500    0.000   -0.001    0.001
 198.550   -0.001   -0.000    0.001
 198.600    0.000    0.000    0.000
 198.650   -0.001    0.001    0.001
 198.700    0.000    0.000    0.000
 198.750   -0.000   -0.002    0.002
 198.800    0.000   -0.001    0.001
 198.850   -0.001   -0.000    0.001
 198.900    0.000    0.001    0.001
 198.950    0.001    0.003    0.003
 199.000   -0.001   -0.001    0.001
 199.050   -0.001   -0.002    0.002
 199.100    0.001   -0.001    0.002
 199.150    0.000    0.001    0.002
 199.200    0.001   -0.000    0.001
 199.250    0.000    0.000    0.000
 199.300    0.000   -0.001    0.001
 199.350   -0.000   -0.000    0.000
 199.400    0.000    0.000    0.000
 199.450    0.000    0.000    0.000
 199.500   -0.001    0.002    0.003
 199.550   -0.000    0.000    0.000
 199.600    0.000   -0.001    0.001
 199.650   -0.000    0.000    0.000
 199.700    0.000    0.000    0.000
 199.750   -0.001   -0.002    0.002
 199.800    0.001    0.004    0.004
 199.850    0.000    0.001    0.002
 199.900   -0.000    0.001    0.001
 199.950   -0.001   -0.003    0.003
 200.000   -0.000   -0.004    0.004
 200.050   -0.000   -0.000    0.000
 200.100    0.001    0.000    0.001
 200.150    0.000    0.001    0.001
 200.200    0.000    0.000    0.000
 200.250    0.000   -0.000    0.000
 200.300    0.000   -0.000    0.000
 200.350   -0.000    0.000    0.000
 200.400    0.000    0.000    0.001
 200.450   -0.000   -0.000    0.000
 200.500   -0.000    0.000    0.000
 200.550   -0.000   -0.001    0.001
 200.600    0.000   -0.000    0.000
 200.650   -0.000    0.000    0.000
 200.700    0.000   -0.000    0.000
 200.750   -0.000   -0.000    0.000
 200.800    0.000    0.000    0.000
 200.850    0.000    0.000    0.000
 200.900   -0.000    0.000    0.000
 200.950   -0.000   -0.000    0.000
 201.000    0.000    0.004    0.004
 201.050   -0.002   -0.001    0.002
 201.100   -0.000   -0.000    0.001
 201.150    0.000    0.000    0.000
 201.200   -0.001   -0.003    0.003
 201.250   -0.002   -0.002    0.002
 201.300    0.001    0.000    0.001
 201.350   -0.001   -0.001    0.001
 201.400    0.001   -0.001    0.001
 201.450   -0.000    0.001    0.001
 201.500    0.000    0.004    0.004
 201.550   -0.000   -0.000    0.000
 201.600   -0.001   -0.001    0.001
 201.650    0.001    0.000    0.001
 201.700   -0.001   -0.001    0.001
 201.750   -0.000    0.000    0.000
 201.800    0.001   -0.000    0.001
 201.850   -0.000   -0.001    0.001
 201.900    0.000    0.001    0.001
 201.950    0.000   -0.000    0.000
 202.000   -0.001   -0.001    0.001
 202.050   -0.000    0.000    0.000
 202.100   -0.000    0.000    0.000
 202.150   -0.000    0.000    0.000
 202.200    0.000    0.001    0.001
 202.250    0.000   -0.000    0.000
 202.300   -0.000   -0.000    0.000
 202.350    0.000    0.000    0.000
 202.400   -0.000   -0.000    0.000
 202.450    0.000   -0.000    0.000
 202.500   -0.002    0.002    0.003
 202.550   -0.000   -0.000    0.000
 202.600    0.001   -0.000    0.001
 202.650   -0.000   -0.000    0.001
 202.700   -0.000   -0.000    0.000
 202.750    0.000    0.000    0.000
 202.800    0.000    0.000    0.001
 202.850   -0.000   -0.001    0.001
 202.900   -0.000   -0.000    0.001
 202.950   -0.001   -0.000    0.001
 203.000    0.001    0.001    0.001
 203.050    0.000   -0.000    0.000
 203.100   -0.000   -0.000    0.000
 203.150   -0.000   -0.000    0.000
 203.200    0.000   -0.000    0.000
 203.250    0.002    0.000    0.002
 203.300    0.000    0.000    0.000
 203.350    0.001    0.000    0.001
 203.400   -0.001   -0.000    0.001
 203.450    0.000   -0.000    0.000
 203.500    0.000    0.000    0.000
 203.550   -0.000   -0.001    0.001
 203.600    0.001    0.000    0.001
 203.650   -0.000   -0.000    0.000
 203.700   -0.000   -0.001    0.001
 203.750   -0.000    0.000    0.000
 203.800    0.000   -0.000    0.000
 203.850    0.001   -0.000    0.001
 203.900   -0.000    0.000    0.000
 203.950    0.000   -0.000    0.000
 204.000    0.004    0.007    0.008
 204.050   -0.002   -0.003    0.003
 204.100   -0.001   -0.001    0.001
 204.150   -0.000   -0.000    0.000
 204.200   -0.000   -0.000    0.000
 204.250    0.000   -0.001    0.001
 204.300   -0.000   -0.000    0.000
 204.350    0.000   -0.000    0.000
 204.400    0.000    0.000    0.000
 204.450    0.000    0.000    0.000
 204.500    0.000   -0.001    0.001
 204.550   -0.000   -0.000    0.000
 204.600   -0.000   -0.000    0.000
 204.650    0.000   -0.000    0.000
 204.700    0.000    0.000    0.001
 204.750   -0.001   -0.000    0.001
 204.800    0.000    0.000    0.000
 204.850    0.000   -0.000    0.000
 204.900   -0.000    0.000    0.000
 204.950   -0.000   -0.000    0.000
 205.000    0.001   -0.000    0.001
 205.050    0.000   -0.000    0.000
 205.100   -0.000   -0.000    0.000
 205.150   -0.000    0.000    0.001
 205.200   -0.000   -0.000    0.000
 205.250   -0.000   -0.000    0.001
 205.300   -0.000   -0.000    0.000
 205.350    0.000    0.001    0.001
 205.400   -0.001   -0.000    0.001
 205.450   -0.000   -0.003    0.003
 205.500    0.001   -0.001    0.002
 205.550   -0.001    0.001    0.002
 205.600    0.000    0.000    0.000
 205.650    0.000   -0.001    0.001
 205.700    0.000   -0.001    0.001
 205.750    0.000    0.000    0.001
 205.800   -0.000   -0.000    0.000
 205.850   -0.000    0.000    0.000
 205.900   -0.000   -0.000    0.000
 205.950    0.000   -0.000    0.000
 206.000    0.000    0.000    0.000
 206.050   -0.000   -0.000    0.001
 206.100   -0.000   -0.000    0.000
 206.150   -0.000    0.000    0.000
 206.200   -0.000   -0.001    0.001
 206.250   -0.000    0.000    0.000
 206.300    0.000    0.000    0.000
 206.350   -0.001    0.000    0.001
 206.400    0.000    0.000    0.000
 206.450   -0.000   -0.001    0.001
 206.500    0.001   -0.000    0.001
 206.550   -0.001   -0.000    0.001
 206.600    0.000    0.001    0.001
 206.650    0.000   -0.000    0.000
 206.700    0.000   -0.000    0.000
 206.750    0.000    0.000    0.000
 206.800   -0.000    0.001    0.001
 206.850    0.000    0.001    0.001
 206.900   -0.000   -0.002    0.002
 206.950   -0.000    0.000    0.000
 207.000    0.004    0.007    0.008
 207.050   -0.001   -0.002    0.002
 207.100   -0.001   -0.000    0.001
 207.150   -0.000    0.000    0.000
 207.200   -0.001   -0.001    0.001
 207.250   -0.000   -0.001    0.001
 207.300   -0.001   -0.000    0.001
 207.350    0.001    0.000    0.001
 207.400    0.000   -0.001    0.001
 207.450    0.000    0.000    0.000
 207.500   -0.000   -0.000    0.000
 207.550    0.001   -0.001    0.001
 207.600   -0.000    0.000    0.000
 207.650   -0.000   -0.000    0.000
 207.700   -0.001   -0.004    0.004
 207.750   -0.000   -0.004    0.004
 207.800    0.001    0.006    0.006
 207.850   -0.001   -0.000    0.001
 207.900    0.000   -0.000    0.000
 207.950   -0.000    0.000    0.000
 208.000   -0.000   -0.000    0.000
 208.050    0.000    0.000    0.001
 208.100    0.000   -0.000    0.000
 208.150   -0.000   -0.000    0.000
 208.200    0.000   -0.000    0.000
 208.250    0.000   -0.000    0.000
 208.300   -0.000   -0.000    0.000
 208.350    0.000   -0.000    0.000
 208.400   -0.000    0.000    0.000
 208.450   -0.000    0.001    0.001
 208.500   -0.000    0.000    0.000
 208.550    0.000   -0.001    0.001
 208.600   -0.000   -0.000    0.000
 208.650    0.000   -0.000    0.001
 208.700    0.000    0.000    0.000
 208.750    0.000    0.000    0.000
 208.800   -0.000   -0.000    0.001
 208.850    0.000   -0.000    0.001
 208.900   -0.000   -0.000    0.000
 208.950   -0.000    0.000    0.000
 209.000    0.000   -0.001    0.001
 209.050    0.000    0.000    0.000
 209.100    0.000    0.000    0.000
 209.150    0.000    0.000    0.000
 209.200   -0.000    0.000    0.000
 209.250   -0.000   -0.000    0.001
 209.300   -0.000    0.000    0.000
 209.350    0.000   -0.001    0.001
 209.400    0.000    0.001    0.001
 209.450    0.001    0.001    0.001
 209.500   -0.001    0.001    0.001
 209.550    0.000   -0.001    0.001
 209.600   -0.000   -0.001    0.001
 209.650    0.000    0.001    0.001
 209.700    0.000   -0.000    0.001
 209.750   -0.000   -0.000    0.000
 209.800    0.000   -0.000    0.000
 209.850   -0.000    0.000    0.000
 209.900   -0.000   -0.001    0.001
 209.950   -0.000   -0.000    0.000
 210.000    0.004    0.003    0.005
 210.050   -0.001   -0.001    0.002
 210.100   -0.000   -0.000    0.000
 210.150    0.001    0.001    0.001
 210.200   -0.001    0.000    0.001
 210.250   -0.000   -0.001    0.001
 210.300   -0.000   -0.000    0.000
 210.350    0.000    0.001    0.001
 210.400   -0.000   -0.000    0.000
 210.450   -0.000   -0.001    0.001
 210.500   -0.000   -0.000    0.000
 210.550   -0.000    0.001    0.001
 210.600   -0.001   -0.001    0.001
 210.650    0.000   -0.000    0.000
 210.700   -0.000   -0.000    0.000
 210.750   -0.000    0.000    0.000
 210.800   -0.000   -0.000    0.000
 210.850    0.001    0.000    0.001
 210.900   -0.000    0.000    0.000
 210.950   -0.000    0.000    0.000
 211.000    0.001   -0.000    0.001
 211.050   -0.001   -0.000    0.001
 211.100    0.000    0.001    0.001
 211.150    0.000    0.000    0.000
 211.200   -0.001   -0.001    0.001
 211.250    0.001    0.000    0.001
 211.300   -0.000    0.000    0.000
 211.350   -0.000   -0.000    0.000
 211.400    0.000   -0.000    0.000
 211.450   -0.000   -0.000    0.000
 211.500   -0.001    0.003    0.003
 211.550   -0.000   -0.001    0.001
 211.600   -0.000   -0.001    0.001
 211.650    0.000   -0.001    0.001
 211.700    0.000    0.001    0.001
 211.750   -0.000    0.001    0.001
 211.800   -0.000   -0.001    0.001
 211.850   -0.000    0.000    0.000
 211.900    0.000    0.000    0.000
 211.950    0.000   -0.000    0.000
 212.000   -0.000    0.000    0.000
 212.050   -0.000    0.001    0.001
 212.100    0.000   -0.000    0.000
 212.150    0.000    0.000    0.000
 212.200    0.000    0.000    0.000
 212.250   -0.000    0.001    0.001
 212.300    0.001   -0.000    0.001
 212.350   -0.000   -0.000    0.000
 212.400   -0.000    0.001    0.001
 212.450    0.000    0.000    0.000
 212.500   -0.000    0.000    0.001
 212.550    0.000   -0.000    0.000
 212.600   -0.000   -0.000    0.000
 212.650    0.000    0.000    0.001
 212.700   -0.000    0.001    0.001
 212.750    0.000    0.000    0.000
 212.800    0.000    0.000    0.000
 212.850   -0.000   -0.001    0.001
 212.900    0.000   -0.000    0.000
 212.950    0.000    0.000    0.000
 213.000    0.003    0.005    0.006
 213.050   -0.000   -0.001    0.001
 213.100   -0.001   -0.001    0.001
 213.150   -0.000   -0.000    0.000
 213.200   -0.000   -0.001    0.001
 213.250    0.001   -0.000    0.001
 213.300   -0.000   -0.000    0.000
 213.350   -0.000   -0.000    0.001
 213.400   -0.000    0.000    0.000
 213.450   -0.000   -0.000    0.000
 213.500   -0.001    0.001    0.001
 213.550   -0.000   -0.001    0.001
 213.600    0.000    0.000    0.000
 213.650   -0.000   -0.000    0.000
 213.700   -0.000    0.001    0.001
 213.750    0.000    0.000    0.000
 213.800   -0.000   -0.000    0.001
 213.850    0.000   -0.000    0.000
 213.900   -0.000   -0.000    0.000
 213.950   -0.000    0.000    0.000
 214.000    0.002    0.001    0.002
 214.050   -0.000   -0.000    0.000
 214.100   -0.001   -0.002    0.002
 214.150    0.001    0.001    0.001
 214.200    0.000    0.000    0.001
 214.250    0.000   -0.000    0.000
 214.300   -0.001   -0.000    0.001
 214.350    0.000   -0.000    0.000
 214.400   -0.000   -0.000    0.000
 214.450   -0.000    0.000    0.000
 214.500   -0.000   -0.001    0.001
 214.550   -0.000   -0.000    0.000
 214.600    0.000    0.000    0.000
 214.650    0.000    0.000    0.000
 214.700    0.000    0.000    0.000
 214.750   -0.000   -0.000    0.000
 214.800   -0.000    0.000    0.000
 214.850    0.000    0.000    0.000
 214.900    0.000   -0.000    0.000
 214.950    0.000    0.000    0.000
 215.000    0.000    0.000    0.000
 215.050    0.000   -0.001    0.001
 215.100   -0.000    0.000    0.000
 215.150    0.000    0.000    0.000
 215.200    0.000   -0.000    0.000
 215.250   -0.001   -0.000    0.001
 215.300    0.000    0.000    0.000
 215.350   -0.000   -0.000    0.000
 215.400    0.000   -0.000    0.000
 215.450    0.000    0.000    0.000
 215.500   -0.000    0.000    0.000
 215.550    0.000   -0.000    0.000
 215.600    0.000   -0.000    0.000
 215.650   -0.000   -0.000    0.000
 215.700    0.000   -0.000    0.000
 215.750   -0.000    0.000    0.000
 215.800   -0.000   -0.000    0.000
 215.850    0.000    0.000    0.000
 215.900    0.000   -0.000    0.000
 215.950    0.000   -0.000    0.000
 216.000    0.002    0.003    0.003
 216.050   -0.001   -0.003    0.003
 216.100   -0.000   -0.000    0.000
 216.150   -0.001   -0.000    0.001
 216.200   -0.000   -0.001    0.001
 216.250   -0.000    0.000    0.000
 216.300   -0.000   -0.000    0.000
 216.350   -0.000   -0.000    0.000
 216.400   -0.001   -0.000    0.001
 216.450   -0.000    0.000    0.000
 216.500   -0.000   -0.001    0.001
 216.550   -0.000   -0.001    0.001
 216.600    0.001    0.000    0.001
 216.650   -0.000    0.000    0.000
 216.700    0.000    0.000    0.000
 216.750    0.000   -0.000    0.000
 216.800   -0.000   -0.000    0.000
 216.850   -0.000   -0.000    0.000
 216.900    0.002    0.002    0.003
 216.950    0.001    0.003    0.003
 217.000   -0.002   -0.005    0.006
 217.050   -0.000   -0.000    0.000
 217.100    0.001    0.001    0.002
 217.150   -0.000   -0.000    0.000
 217.200   -0.000   -0.000    0.000
 217.250   -0.000   -0.000    0.000
 217.300   -0.000    0.000    0.000
 217.350    0.000    0.000    0.000
 217.400    0.000    0.000    0.000
 217.450   -0.000    0.000    0.000
 217.500    0.001    0.001    0.001
 217.550    0.000    0.000    0.000
 217.600    0.000   -0.000    0.000
 217.650    0.000    0.000    0.000
 217.700   -0.000    0.000    0.000
 217.750   -0.000    0.000    0.001
 217.800    0.000    0.000    0.000
 217.850   -0.000   -0.000    0.000
 217.900    0.000   -0.000    0.000
 217.950   -0.000   -0.000    0.000
 218.000   -0.001    0.001    0.002
 218.050    0.001   -0.001    0.001
 218.100   -0.000    0.000    0.000
 218.150   -0.000   -0.000    0.000
 218.200    0.001    0.000    0.001
 218.250   -0.000   -0.000    0.000
 218.300    0.000   -0.000    0.000
 218.350    0.000   -0.000    0.001
 218.400   -0.000   -0.000    0.000
 218.450   -0.000   -0.000    0.000
 218.500   -0.001    0.000    0.001
 218.550   -0.000   -0.000    0.001
 218.600    0.001    0.001    0.001
 218.650   -0.001    0.002    0.002
 218.700   -0.001   -0.004    0.004
 218.750   -0.000   -0.000    0.000
 218.800    0.001    0.001    0.001
 218.850   -0.000    0.000    0.001
 218.900    0.000   -0.000    0.000
 218.950    0.000    0.001    0.001
 219.000    0.004    0.005    0.006
 219.050   -0.001   -0.002    0.003
 219.100   -0.000   -0.000    0.001
 219.150   -0.000   -0.000    0.000
 219.200   -0.001   -0.001    0.001
 219.250   -0.000   -0.000    0.000
 219.300   -0.000    0.000    0.000
 219.350    0.000   -0.000    0.000
 219.400   -0.001    0.000    0.001
 219.450   -0.000    0.000    0.000
 219.500   -0.000   -0.001    0.001
 219.550    0.000    0.000    0.000
 219.600   -0.000   -0.000    0.000
 219.650   -0.000    0.000    0.000
 219.700   -0.000   -0.000    0.000
 219.750   -0.000   -0.001    0.001
 219.800    0.000   -0.000    0.000
 219.850   -0.001    0.001    0.001
 219.900    0.000   -0.000    0.000
 219.950   -0.000    0.000    0.000
 220.000   -0.000   -0.000    0.000
 220.050    0.001   -0.000    0.001
 220.100    0.000    0.000    0.000
 220.150    0.000    0.000    0.000
 220.200   -0.000   -0.000    0.000
 220.250   -0.000    0.000    0.000
 220.300    0.000    0.000    0.000
 220.350   -0.000    0.000    0.000
 220.400   -0.000   -0.000    0.000
 220.450    0.000   -0.000    0.000
 220.500    0.000   -0.001    0.001
 220.550    0.000   -0.000    0.001
 220.600   -0.000   -0.000    0.000
 220.650    0.000    0.000    0.000
 220.700   -0.000   -0.000    0.000
 220.750    0.000   -0.000    0.000
 220.800   -0.000   -0.000    0.000
 220.850   -0.000    0.001    0.001
 220.900    0.000   -0.000    0.000
 220.950   -0.000    0.000    0.000
 221.000    0.001    0.001    0.001
 221.050   -0.000   -0.001    0.001
 221.100   -0.000    0.001    0.001
 221.150   -0.001    0.000    0.001
 221.200    0.000   -0.000    0.000
 221.250   -0.000    0.001    0.001
 221.300    0.000   -0.000    0.000
 221.350    0.000   -0.000    0.000
 221.400   -0.000   -0.000    0.000
 221.450   -0.000   -0.000    0.001
 221.500    0.001    0.000    0.001
 221.550   -0.000    0.000    0.000
 221.600    0.000   -0.000    0.000
 221.650   -0.000    0.000    0.000
 221.700   -0.000   -0.000    0.000
 221.750   -0.001   -0.000    0.001
 221.800   -0.000    0.000    0.000
 221.850   -0.000   -0.000    0.000
 221.900    0.001   -0.000    0.001
 221.950    0.000    0.000    0.000
 222.000    0.004    0.009    0.009
 222.050   -0.001   -0.002    0.002
 222.100   -0.000   -0.001    0.001
 222.150   -0.000    0.000    0.000
 222.200   -0.000   -0.001    0.001
 222.250   -0.001   -0.001    0.001
 222.300    0.000    0.001    0.001
 222.350   -0.000   -0.001    0.001
 222.400   -0.000   -0.000    0.000
 222.450   -0.000    0.000    0.000
 222.500    0.001    0.000    0.001
 222.550   -0.000   -0.000    0.000
 222.600   -0.000   -0.000    0.000
 222.650    0.000   -0.001    0.001
 222.700   -0.000   -0.000    0.000
 222.750   -0.000   -0.000    0.000
 222.800   -0.001    0.000    0.001
 222.850   -0.000   -0.000    0.000
 222.900   -0.001    0.000    0.001
 222.950    0.000   -0.000    0.001
 223.000    0.001    0.000    0.001
 223.050   -0.000    0.000    0.000
 223.100   -0.000   -0.000    0.000
 223.150    0.000    0.000    0.000
 223.200    0.000   -0.001    0.001
 223.250    0.000   -0.001    0.001
 223.300    0.000   -0.000    0.000
 223.350   -0.000   -0.000    0.000
 223.400   -0.000   -0.000    0.000
 223.450   -0.000    0.000    0.000
 223.500   -0.001    0.001    0.001
 223.550    0.000   -0.001    0.001
 223.600   -0.001   -0.001    0.001
 223.650    0.000   -0.000    0.000
 223.700    0.000   -0.000    0.000
 223.750    0.000    0.000    0.000
 223.800    0.000   -0.000    0.000
 223.850   -0.000   -0.000    0.001
 223.900    0.000   -0.000    0.000
 223.950   -0.000    0.000    0.000
 224.000   -0.000   -0.000    0.000
 224.050    0.001   -0.000    0.001
 224.100   -0.000   -0.000    0.000
 224.150    0.000    0.000    0.000
 224.200    0.000   -0.000    0.000
 224.250    0.000    0.001    0.001
 224.300    0.000    0.000    0.000
 224.350    0.000    0.000    0.000
 224.400   -0.000   -0.000    0.000
 224.450   -0.000   -0.000    0.000
 224.500   -0.001    0.000    0.001
 224.550    0.001   -0.001    0.001
 224.600    0.000   -0.000    0.000
 224.650    0.001    0.000    0.001
 224.700   -0.000   -0.000    0.000
 224.750    0.000   -0.000    0.000
 224.800   -0.000   -0.000    0.000
 224.850   -0.000    0.000    0.000
 224.900    0.000    0.000    0.000
 224.950   -0.000    0.000    0.000
 225.000    0.002    0.004    0.004
 225.050    0.000   -0.002    0.002
 225.100   -0.000   -0.000    0.001
 225.150   -0.000   -0.001    0.001
 225.200    0.000   -0.000    0.000
 225.250   -0.001   -0.001    0.001
 225.300   -0.000    0.000    0.000
 225.350   -0.000   -0.000    0.001
 225.400    0.000    0.000    0.000
 225.450    0.000    0.000    0.000
 225.500   -0.000   -0.000    0.001
 225.550   -0.001   -0.001    0.001
 225.600    0.000   -0.000    0.000
 225.650   -0.000    0.000    0.000
 225.700    0.000    0.000    0.000
 225.750    0.000   -0.000    0.000
 225.800   -0.000   -0.001    0.001
 225.850    0.000    0.000    0.000
 225.900   -0.000    0.000    0.000
 225.950   -0.000   -0.000    0.000
 226.000   -0.000    0.000    0.000
 226.050   -0.000   -0.000    0.001
 226.100    0.000   -0.001    0.001
 226.150    0.000    0.000    0.000
 226.200   -0.000    0.000    0.000
 226.250   -0.001   -0.001    0.001
 226.300    0.000    0.001    0.001
 226.350    0.000   -0.000    0.000
 226.400    0.000    0.000    0.000
 226.450   -0.000   -0.000    0.000
 226.500    0.001    0.000    0.001
 226.550    0.000    0.000    0.000
 226.600   -0.000    0.000    0.001
 226.650    0.000   -0.000    0.000
 226.700   -0.000    0.000    0.000
 226.750   -0.000    0.000    0.000
 226.800    0.000   -0.000    0.000
 226.850   -0.000   -0.000    0.000
 226.900   -0.000    0.000    0.000
 226.950   -0.000    0.000    0.000
 227.000    0.000    0.001    0.001
 227.050   -0.001   -0.000    0.001
 227.100   -0.000    0.000    0.000
 227.150   -0.000    0.000    0.000
 227.200   -0.000   -0.000    0.000
 227.250   -0.001    0.000    0.001
 227.300    0.000   -0.000    0.000
 227.350    0.000    0.000    0.000
 227.400   -0.000   -0.000    0.000
 227.450    0.000    0.000    0.000
 227.500    0.001    0.000    0.001
 227.550    0.000   -0.000    0.000
 227.600   -0.000   -0.001    0.001
 227.650    0.000    0.000    0.000
 227.700   -0.000    0.000    0.000
 227.750   -0.000   -0.000    0.000
 227.800    0.000   -0.000    0.000
 227.850   -0.000   -0.000    0.000
 227.900   -0.000   -0.000    0.000
 227.950    0.000    0.000    0.000
 228.000    0.003    0.001    0.003
 228.050   -0.000   -0.001    0.001
 228.100   -0.001   -0.000    0.001
 228.150   -0.000    0.000    0.000
 228.200   -0.001    0.000    0.001
 228.250    0.000   -0.001    0.001
 228.300   -0.001   -0.000    0.001
 228.350   -0.001   -0.000    0.001
 228.400   -0.000    0.000    0.000
 228.450   -0.000   -0.000    0.000
 228.500   -0.001   -0.001    0.001
 228.550   -0.000    0.000    0.000
 228.600   -0.000   -0.000    0.000
 228.650   -0.000    0.000    0.001
 228.700    0.000   -0.000    0.000
 228.750    0.000    0.000    0.001
 228.800   -0.000    0.001    0.001
 228.850    0.000    0.000    0.001
 228.900   -0.001   -0.000    0.001
 228.950    0.000   -0.000    0.000
 229.000    0.001   -0.001    0.002
 229.050   -0.000    0.000    0.000
 229.100   -0.000   -0.001    0.001
 229.150    0.000    0.000    0.000
 229.200    0.001   -0.000    0.001
 229.250    0.000   -0.000    0.000
 229.300   -0.000    0.000    0.000
 229.350    0.000   -0.000    0.000
 229.400    0.000    0.000    0.001
 229.450   -0.000   -0.000    0.000
 229.500    0.001    0.002    0.002
 229.550    0.001   -0.000    0.001
 229.600    0.000   -0.000    0.000
 229.650    0.000    0.000    0.000
 229.700   -0.000   -0.000    0.000
 229.750   -0.000   -0.000    0.000
 229.800   -0.000    0.000    0.000
 229.850    0.000   -0.000    0.000
 229.900    0.000    0.000    0.000
 229.950   -0.000    0.000    0.000
 230.000   -0.000   -0.000    0.000
 230.050    0.000   -0.000    0.000
 230.100   -0.000   -0.000    0.000
 230.150   -0.000    0.000    0.000
 230.200    0.000    0.000    0.000
 230.250   -0.000    0.000    0.000
 230.300    0.000    0.000    0.000
 230.350   -0.000    0.000    0.000
 230.400   -0.000   -0.000    0.000
 230.450   -0.000    0.000    0.000
 230.500   -0.000   -0.000    0.000
 230.550    0.000   -0.000    0.000
 230.600   -0.000    0.000    0.000
 230.650   -0.000    0.000    0.000
 230.700    0.000    0.000    0.000
 230.750   -0.000   -0.000    0.000
 230.800    0.000    0.000    0.000
 230.850   -0.000   -0.000    0.000
 230.900   -0.000   -0.000    0.000
 230.950    0.000    0.000    0.000
 231.000    0.002    0.000    0.002
 231.050   -0.001   -0.003    0.003
 231.100   -0.001    0.001    0.001
 231.150    0.000   -0.000    0.001
 231.200   -0.000   -0.000    0.000
 231.250   -0.001   -0.001    0.001
 231.300   -0.000   -0.001    0.001
 231.350    0.000   -0.000    0.000
 231.400    0.000    0.000    0.000
 231.450   -0.000    0.000    0.000
 231.500   -0.001    0.001    0.001
 231.550    0.000   -0.000    0.000
 231.600    0.000   -0.001    0.001
 231.650   -0.000   -0.000    0.000
 231.700   -0.000   -0.000    0.000
 231.750   -0.001   -0.000    0.001
 231.800    0.000   -0.000    0.000
 231.850    0.000    0.000    0.001
 231.900    0.000    0.000    0.001
 231.950   -0.000   -0.000    0.000
 232.000    0.001    0.000    0.001
 232.050   -0.000   -0.000    0.000
 232.100   -0.000   -0.000    0.001
 232.150   -0.000   -0.000    0.000
 232.200    0.000    0.001    0.001
 232.250   -0.000    0.001    0.001
 232.300    0.000    0.000    0.000
 232.350   -0.000    0.000    0.000
 232.400    0.000    0.001    0.001
 232.450    0.000    0.000    0.000
 232.500    0.001    0.004    0.004
 232.550   -0.000   -0.001    0.001
 232.600   -0.000   -0.000    0.000
 232.650   -0.000   -0.000    0.000
 232.700    0.000   -0.000    0.000
 232.750   -0.000    0.000    0.000
 232.800   -0.000    0.000    0.000
 232.850   -0.000   -0.000    0.000
 232.900   -0.000   -0.000    0.000
 232.950    0.000   -0.000    0.000
 233.000    0.001   -0.001    0.001
 233.050   -0.000    0.000    0.000
 233.100    0.001   -0.000    0.001
 233.150   -0.000    0.000    0.000
 233.200    0.000   -0.001    0.001
 233.250    0.001   -0.000    0.001
 233.300    0.000    0.000    0.001
 233.350   -0.001   -0.000    0.001
 233.400   -0.000    0.000    0.000
 233.450   -0.000   -0.000    0.000
 233.500   -0.000   -0.000    0.000
 233.550   -0.000   -0.000    0.000
 233.600    0.000    0.000    0.000
 233.650   -0.000    0.000    0.000
 233.700    0.000    0.000    0.000
 233.750    0.000    0.000    0.000
 233.800   -0.000    0.000    0.000
 233.850    0.000   -0.000    0.000
 233.900    0.000   -0.000    0.000
 233.950   -0.000   -0.000    0.000
