 167.000    0.000    0.000    0.000
 167.040   -0.002   -0.000    0.002
 167.080   -0.001    0.000    0.001
 167.120   -0.001    0.001    0.001
 167.160   -0.002    0.001    0.002
 167.200   -0.002    0.000    0.002
 167.240   -0.002    0.000    0.002
 167.280    0.002    0.001    0.002
 167.320   -0.003   -0.000    0.003
 167.360   -0.001    0.002    0.002
 167.400   -0.001    0.001    0.001
 167.440   -0.001    0.001    0.001
 167.480   -0.001    0.001    0.002
 167.520   -0.002    0.000    0.002
 167.560   -0.002    0.001    0.002
 167.600   -0.003    0.000    0.003
 167.640   -0.001    0.001    0.002
 167.680   -0.001    0.000    0.001
 167.720   -0.001    0.001    0.001
 167.760   -0.002    0.001    0.002
 167.800   -0.001    0.001    0.001
 167.840   -0.002    0.001    0.002
 167.880   -0.003   -0.001    0.003
 167.920    0.001    0.003    0.003
 167.960   -0.001    0.001    0.001
 168.000   -0.001    0.002    0.002
 168.040   -0.000    0.000    0.000
 168.080   -0.001    0.000    0.001
 168.120   -0.002    0.000    0.002
 168.160   -0.001    0.001    0.002
 168.200   -0.001   -0.000    0.001
 168.240   -0.000    0.001    0.001
 168.280   -0.001    0.001    0.001
 168.320   -0.000    0.001    0.001
 168.360   -0.001    0.000    0.001
 168.400    0.008    0.007    0.010
 168.440   -0.002   -0.000    0.002
 168.480   -0.002   -0.000    0.002
 168.520   -0.000   -0.000    0.001
 168.560   -0.001    0.000    0.001
 168.600   -0.002   -0.001    0.002
 168.640   -0.001   -0.000    0.001
 168.680   -0.001   -0.001    0.002
 168.720   -0.002   -0.000    0.002
 168.760    0.000    0.001    0.001
 168.800   -0.001   -0.002    0.002
 168.840   -0.000    0.000    0.000
 168.880   -0.000   -0.001    0.001
 168.920    0.000   -0.000    0.000
 168.960    0.000   -0.000    0.000
 169.000   -0.002    0.000    0.002
 169.040    0.000   -0.000    0.000
 169.080    0.001    0.001    0.001
 169.120   -0.001    0.000    0.001
 169.160   -0.001   -0.000    0.001
 169.200   -0.001   -0.000    0.001
 169.240   -0.000   -0.000    0.000
 169.280   -0.001   -0.000    0.001
 169.320   -0.000    0.001    0.001
 169.360   -0.000   -0.000    0.000
 169.400   -0.001   -0.001    0.001
 169.440    0.001    0.000    0.001
 169.480   -0.000   -0.000    0.000
 169.520   -0.001    0.001    0.001
 169.560   -0.001   -0.000    0.001
 169.600   -0.000    0.001    0.001
 169.640   -0.000    0.000    0.000
 169.680   -0.001   -0.000    0.001
 169.720    0.001    0.000    0.002
 169.760   -0.001   -0.000    0.001
 169.800   -0.001   -0.000    0.001
 169.840   -0.000   -0.000    0.000
 169.880   -0.002    0.000    0.002
 169.920   -0.000   -0.000    0.001
 169.960    0.000    0.000    0.001
 170.000   -0.001   -0.001    0.001
 170.040   -0.001   -0.001    0.001
 170.080   -0.000    0.001    0.001
 170.120    0.000   -0.000    0.000
 170.160   -0.000   -0.001    0.001
 170.200   -0.000   -0.000    0.000
 170.240   -0.000    0.000    0.001
 170.280    0.000    0.000    0.000
 170.320   -0.002   -0.002    0.003
 170.360    0.001    0.001    0.001
 170.400   -0.001   -0.000    0.001
 170.440    0.001    0.001    0.002
 170.480   -0.001   -0.000    0.001
 170.520    0.000   -0.000    0.000
 170.560   -0.001   -0.000    0.001
 170.600   -0.001    0.001    0.001
 170.640   -0.000   -0.000    0.000
 170.680   -0.000    0.000    0.000
 170.720   -0.001   -0.000    0.001
 170.760   -0.000    0.001    0.001
 170.800    0.007    0.007    0.010
 170.840   -0.002    0.000    0.002
 170.880   -0.000    0.000    0.000
 170.920    0.004    0.002    0.005
 170.960   -0.005   -0.003    0.005
 171.000   -0.002   -0.001    0.002
 171.040   -0.002   -0.001    0.002
 171.080   -0.002    0.000    0.002
 171.120   -0.000   -0.000    0.000
 171.160   -0.001    0.000    0.001
 171.200   -0.004   -0.001    0.004
 171.240   -0.001    0.001    0.001
 171.280   -0.001   -0.000    0.001
 171.320   -0.001    0.001    0.001
 171.360   -0.001    0.000    0.001
 171.400   -0.001    0.000    0.001
 171.440   -0.001    0.000    0.001
 171.480   -0.001    0.000    0.001
 171.520   -0.001   -0.000    0.001
 171.560   -0.000    0.000    0.001
 171.600   -0.001   -0.000    0.002
 171.640   -0.001    0.000    0.001
 171.680   -0.001   -0.000    0.001
 171.720   -0.002    0.001    0.002
 171.760   -0.001    0.001    0.001
 171.800   -0.003   -0.001    0.003
 171.840   -0.001    0.001    0.001
 171.880   -0.002   -0.000    0.002
 171.920   -0.001    0.000    0.001
 171.960   -0.001    0.000    0.001
 172.000   -0.001    0.000    0.001
 172.040   -0.001    0.000    0.001
 172.080    0.001    0.001    0.002
 172.120   -0.001    0.000    0.001
 172.160   -0.002   -0.000    0.002
 172.200   -0.002    0.000    0.002
 172.240   -0.002    0.001    0.002
 172.280   -0.002    0.000    0.002
 172.320   -0.013   -0.004    0.014
 172.360    0.012   -0.001    0.012
 172.400   -0.184   -0.022    0.185
 172.440    0.164    0.038    0.168
 172.480   -0.032    0.066    0.073
 172.520   -0.068    0.007    0.069
 172.560    0.281    0.018    0.282
 172.600   -0.282   -0.036    0.284
 172.640   -0.113   -0.018    0.115
 172.680    0.255    0.002    0.255
 172.720   -0.398   -0.054    0.402
 172.760    0.289    0.042    0.292
 172.800    0.139    0.036    0.144
 172.840   -0.178   -0.009    0.178
 172.880   -0.108   -0.043    0.116
 172.920    0.185    0.009    0.185
 172.960   -0.145    0.009    0.146
 173.000    0.058   -0.001    0.058
 173.040    0.032    0.004    0.033
 173.080    0.009    0.008    0.012
 173.120    0.007   -0.001    0.007
 173.160    0.079    0.034    0.086
 173.200   -0.008    0.022    0.024
 173.240   -0.159   -0.049    0.166
 173.280    0.048   -0.048    0.068
 173.320   -0.115    0.000    0.115
 173.360   -0.196   -0.015    0.197
 173.400    0.329    0.021    0.329
 173.440    0.121    0.049    0.130
 173.480   -0.096    0.018    0.098
 173.520    0.028   -0.000    0.028
 173.560   -0.013   -0.022    0.025
 173.600   -0.369   -0.064    0.375
 173.640    0.123   -0.003    0.123
 173.680    0.000    0.000    0.001
 173.720   -0.035   -0.006    0.035
 173.760    0.160    0.032    0.163
 173.800    0.228    0.062    0.237
 173.840   -0.008    0.006    0.010
 173.880   -0.053   -0.004    0.053
 173.920   -0.046   -0.004    0.046
 173.960   -0.239   -0.071    0.249
 174.000   -0.161   -0.018    0.162
 174.040    0.043   -0.008    0.044
 174.080    0.064   -0.008    0.065
 174.120    0.096    0.037    0.103
 174.160    0.225    0.039    0.228
 174.200    0.016    0.015    0.022
 174.240   -0.019    0.005    0.020
 174.280   -0.092   -0.004    0.092
 174.320   -0.162   -0.046    0.169
 174.360   -0.156   -0.010    0.156
 174.400    0.093   -0.005    0.093
 174.440    0.101   -0.006    0.101
 174.480    0.078    0.013    0.079
 174.520    0.129    0.007    0.129
 174.560   -0.034    0.010    0.035
 174.600   -0.074   -0.000    0.074
 174.640   -0.049   -0.000    0.049
 174.680   -0.226   -0.031    0.228
 174.720   -0.009   -0.006    0.011
 174.760   -0.021   -0.005    0.022
 174.800    0.048   -0.004    0.049
 174.840    0.243    0.025    0.244
 174.880    0.137    0.039    0.143
 174.920    0.025    0.007    0.026
 174.960   -0.016    0.000    0.016
 175.000   -0.121   -0.006    0.121
 175.040   -0.180   -0.029    0.183
 175.080   -0.056   -0.050    0.075
 175.120   -0.124   -0.006    0.124
 175.160    0.004   -0.008    0.008
 175.200    0.157    0.007    0.157
 175.240    0.118    0.001    0.118
 175.280    0.043    0.026    0.050
 175.320    0.058    0.016    0.060
 175.360   -0.004    0.002    0.005
 175.400   -0.060    0.003    0.060
 175.440   -0.045   -0.003    0.045
 175.480   -0.043   -0.015    0.046
 175.520   -0.139   -0.017    0.140
 175.560    0.011   -0.003    0.011
 175.600    0.028   -0.006    0.029
 175.640    0.021   -0.000    0.021
 175.680    0.160    0.002    0.160
 175.720    0.002    0.000    0.002
 175.760   -0.036    0.002    0.036
 175.800   -0.000    0.002    0.002
 175.840    0.019    0.003    0.019
 175.880   -0.002    0.000    0.002
 175.920   -0.003    0.000    0.003
 175.960   -0.002   -0.001    0.002
 176.000   -0.030   -0.000    0.030
 176.040   -0.024   -0.004    0.024
 176.080    0.020    0.000    0.020
 176.120    0.005    0.004    0.007
 176.160   -0.003   -0.001    0.003
 176.200   -0.004   -0.000    0.004
 176.240   -0.012   -0.001    0.012
 176.280   -0.011   -0.002    0.011
 176.320    0.003   -0.000    0.003
 176.360    0.001   -0.000    0.001
 176.400    0.003   -0.001    0.003
 176.440    0.002    0.000    0.002
 176.480    0.002   -0.000    0.002
 176.520    0.002   -0.000    0.002
 176.560    0.001    0.000    0.001
 176.600    0.003   -0.003    0.004
 176.640    0.000    0.000    0.000
 176.680    0.001    0.000    0.001
 176.720   -0.003   -0.000    0.003
 176.760    0.005    0.001    0.005
 176.800    0.003    0.000    0.003
 176.840    0.060    0.004    0.060
 176.880   -0.006    0.001    0.006
 176.920   -0.002    0.001    0.002
 176.960   -0.027    0.000    0.027
 177.000   -0.057   -0.010    0.058
 177.040   -0.066   -0.006    0.066
 177.080   -0.001   -0.002    0.002
 177.120    0.070    0.001    0.070
 177.160    0.005   -0.000    0.005
 177.200    0.059    0.004    0.059
 177.240   -0.001    0.001    0.001
 177.280    0.001    0.001    0.001
 177.320   -0.012    0.001    0.012
 177.360   -0.046   -0.002    0.046
 177.400   -0.017   -0.001    0.017
 177.440   -0.015   -0.003    0.015
 177.480   -0.003   -0.002    0.004
 177.520    0.003    0.000    0.003
 177.560    0.025    0.001    0.025
 177.600    0.008    0.000    0.008
 177.640    0.002    0.001    0.002
 177.680    0.002    0.000    0.002
 177.720    0.002    0.000    0.002
 177.760    0.001   -0.000    0.001
 177.800   -0.001    0.002    0.002
 177.840    0.001    0.000    0.001
 177.880    0.002   -0.000    0.002
 177.920    0.001    0.000    0.001
 177.960    0.001    0.000    0.001
 178.000    0.016    0.007    0.018
 178.040    0.000   -0.000    0.000
 178.080   -0.001   -0.000    0.001
 178.120    0.003    0.001    0.003
 178.160   -0.000   -0.000    0.000
 178.200   -0.009    0.000    0.009
 178.240   -0.006    0.001    0.006
 178.280    0.027   -0.003    0.027
 178.320    0.023    0.001    0.023
 178.360    0.014    0.003    0.014
 178.400    0.022    0.002    0.022
 178.440   -0.022   -0.001    0.022
 178.480   -0.029    0.000    0.029
 178.520   -0.017   -0.001    0.017
 178.560   -0.005   -0.001    0.005
 178.600   -0.008   -0.001    0.008
 178.640   -0.001   -0.000    0.001
 178.680    0.003    0.001    0.003
 178.720    0.008   -0.000    0.008
 178.760    0.018    0.003    0.018
 178.800    0.001   -0.000    0.001
 178.840    0.000    0.000    0.000
 178.880   -0.001   -0.000    0.001
 178.920   -0.009   -0.001    0.009
 178.960   -0.002    0.000    0.002
 179.000   -0.068   -0.030    0.075
 179.040    0.001    0.000    0.001
 179.080    0.001    0.000    0.001
 179.120    0.026    0.000    0.026
 179.160    0.006    0.001    0.007
 179.200    0.001   -0.000    0.001
 179.240    0.008    0.001    0.008
 179.280    0.006    0.002    0.006
 179.320    0.000   -0.000    0.000
 179.360    0.000    0.002    0.002
 179.400    0.004    0.001    0.004
 179.440    0.001    0.001    0.001
 179.480    0.001    0.000    0.001
 179.520    0.001    0.000    0.001
 179.560    0.001    0.000    0.001
 179.600    0.001   -0.001    0.002
 179.640    0.000   -0.000    0.000
 179.680    0.001    0.000    0.001
 179.720    0.000    0.000    0.000
 179.760    0.000   -0.000    0.000
 179.800    0.000    0.000    0.001
 179.840    0.001    0.000    0.001
 179.880    0.000    0.001    0.001
 179.920   -0.060   -0.000    0.060
 179.960    0.044    0.000    0.044
 180.000    0.013    0.000    0.013
 180.040    0.002    0.000    0.002
 180.080    0.004    0.000    0.004
 180.120    0.001   -0.000    0.001
 180.160    0.000   -0.000    0.000
 180.200    0.003    0.001    0.003
 180.240   -0.003    0.001    0.003
 180.280   -0.003   -0.000    0.003
 180.320   -0.012   -0.000    0.012
 180.360   -0.000    0.000    0.000
 180.400   -0.001    0.000    0.001
 180.440    0.000   -0.000    0.000
 180.480    0.005    0.002    0.006
 180.520   -0.004   -0.003    0.005
 180.560   -0.000   -0.001    0.001
 180.600   -0.005   -0.002    0.006
 180.640   -0.005   -0.002    0.006
 180.680   -0.002   -0.001    0.002
 180.720    0.001    0.000    0.001
 180.760    0.003    0.000    0.003
 180.800    0.044    0.008    0.044
 180.840    0.005   -0.000    0.005
 180.880    0.000   -0.000    0.000
 180.920   -0.004    0.001    0.004
 180.960   -0.001   -0.001    0.002
 181.000   -0.002   -0.000    0.002
 181.040   -0.006   -0.003    0.007
 181.080   -0.014   -0.002    0.014
 181.120   -0.002   -0.001    0.002
 181.160    0.001   -0.001    0.001
 181.200    0.000   -0.001    0.001
 181.240    0.000    0.000    0.000
 181.280    0.000   -0.000    0.000
 181.320    0.001    0.000    0.001
 181.360    0.000    0.000    0.000
 181.400    0.019    0.008    0.021
 181.440   -0.001   -0.000    0.001
 181.480   -0.000    0.000    0.000
 181.520   -0.002   -0.001    0.002
 181.560   -0.001   -0.000    0.001
 181.600   -0.000   -0.000    0.000
 181.640   -0.001   -0.001    0.002
 181.680   -0.005   -0.001    0.005
 181.720   -0.069    0.005    0.069
 181.760    0.002   -0.002    0.003
 181.800    0.025   -0.004    0.026
 181.840    0.007   -0.001    0.007
 181.880    0.012    0.000    0.012
 181.920    0.002    0.001    0.003
 181.960    0.000   -0.000    0.000
 182.000    0.006   -0.001    0.007
 182.040    0.002    0.000    0.002
 182.080    0.001    0.000    0.001
 182.120    0.019    0.002    0.019
 182.160    0.017    0.001    0.017
 182.200   -0.012   -0.000    0.012
 182.240   -0.010   -0.000    0.010
 182.280    0.005    0.002    0.006
 182.320   -0.014   -0.002    0.014
 182.360   -0.039   -0.003    0.039
 182.400   -0.003    0.000    0.003
 182.440    0.026   -0.001    0.026
 182.480    0.037   -0.003    0.037
 182.520   -0.002    0.002    0.002
 182.560   -0.001    0.004    0.004
 182.600   -0.015   -0.003    0.015
 182.640   -0.001   -0.000    0.001
 182.680   -0.000    0.000    0.000
 182.720   -0.002    0.000    0.002
 182.760   -0.001   -0.000    0.001
 182.800   -0.000    0.000    0.000
 182.840   -0.001   -0.000    0.001
 182.880    0.024    0.001    0.024
 182.920   -0.052   -0.004    0.052
 182.960   -0.009    0.001    0.009
 183.000    0.045    0.003    0.045
 183.040    0.015   -0.002    0.015
 183.080   -0.000   -0.001    0.001
 183.120   -0.014   -0.000    0.014
 183.160   -0.003   -0.000    0.003
 183.200   -0.047   -0.003    0.047
 183.240   -0.046   -0.003    0.046
 183.280   -0.008   -0.001    0.008
 183.320   -0.015   -0.004    0.015
 183.360    0.003   -0.003    0.005
 183.400    0.062    0.001    0.062
 183.440    0.130    0.012    0.130
 183.480    0.060    0.015    0.062
 183.520    0.022    0.011    0.025
 183.560    0.004    0.005    0.006
 183.600   -0.046   -0.000    0.046
 183.640   -0.127   -0.000    0.127
 183.680   -0.090   -0.020    0.092
 183.720   -0.044   -0.008    0.045
 183.760    0.024   -0.006    0.025
 183.800    0.020   -0.006    0.020
 183.840    0.007    0.001    0.007
 183.880    0.160    0.000    0.160
 183.920    0.023    0.006    0.024
 183.960   -0.009    0.001    0.010
 184.000   -0.001   -0.000    0.001
 184.040   -0.051    0.001    0.051
 184.080   -0.027   -0.002    0.027
 184.120   -0.003   -0.001    0.003
 184.160   -0.000    0.000    0.000
 184.200    0.033    0.009    0.035
 184.240    0.022    0.002    0.022
 184.280    0.001    0.001    0.001
 184.320   -0.002    0.000    0.002
 184.360   -0.028   -0.002    0.028
 184.400   -0.075   -0.006    0.075
 184.440   -0.006   -0.000    0.006
 184.480    0.001   -0.002    0.002
 184.520    0.007   -0.001    0.007
 184.560    0.046    0.002    0.046
 184.600    0.138    0.005    0.138
 184.640    0.012    0.002    0.012
 184.680   -0.055   -0.001    0.055
 184.720   -0.064    0.006    0.064
 184.760   -0.018   -0.005    0.018
 184.800   -0.084   -0.019    0.086
 184.840   -0.040   -0.003    0.040
 184.880    0.014   -0.006    0.015
 184.920    0.056    0.000    0.056
 184.960    0.034    0.003    0.034
 185.000    0.062    0.006    0.062
 185.040    0.014   -0.002    0.014
 185.080   -0.011    0.004    0.012
 185.120   -0.002    0.001    0.003
 185.160    0.001   -0.001    0.002
 185.200   -0.101   -0.002    0.101
 185.240   -0.027    0.000    0.027
 185.280    0.105   -0.001    0.105
 185.320   -0.025   -0.003    0.025
 185.360    0.010    0.002    0.010
 185.400    0.167    0.037    0.171
 185.440   -0.004    0.003    0.005
 185.480   -0.047    0.000    0.047
 185.520   -0.004    0.000    0.004
 185.560   -0.092   -0.010    0.092
 185.600   -0.058   -0.007    0.059
 185.640   -0.000   -0.005    0.005
 185.680   -0.039   -0.004    0.040
 185.720    0.300    0.030    0.301
 185.760    0.051    0.027    0.058
 185.800   -0.074    0.025    0.078
 185.840    0.178    0.000    0.178
 185.880   -0.221   -0.076    0.234
 185.920   -0.198   -0.018    0.199
 185.960    0.085   -0.004    0.085
 186.000   -0.210   -0.030    0.212
 186.040    0.133   -0.001    0.133
 186.080    0.124    0.027    0.127
 186.120   -0.062   -0.001    0.063
 186.160    0.040    0.004    0.040
 186.200    0.053    0.034    0.063
 186.240    0.013   -0.011    0.017
 186.280   -0.061   -0.020    0.065
 186.320   -0.012    0.004    0.013
 186.360    0.012    0.005    0.013
 186.400    0.014   -0.004    0.014
 186.440    0.060    0.007    0.061
 186.480    0.015    0.002    0.015
 186.520   -0.084   -0.002    0.084
 186.560    0.002   -0.002    0.003
 186.600   -0.041   -0.013    0.043
 186.640   -0.093   -0.015    0.094
 186.680    0.089    0.007    0.089
 186.720    0.010    0.007    0.012
 186.760    0.033   -0.004    0.033
 186.800    0.026    0.006    0.027
 186.840   -0.031    0.002    0.031
 186.880    0.019   -0.002    0.019
 186.920   -0.008   -0.001    0.008
 186.960   -0.103   -0.006    0.104
 187.000    0.061    0.003    0.061
 187.040    0.042   -0.003    0.042
 187.080    0.038    0.004    0.038
 187.120    0.127    0.012    0.128
 187.160   -0.038    0.004    0.039
 187.200   -0.032    0.006    0.032
 187.240   -0.052    0.008    0.053
 187.280   -0.015   -0.008    0.017
 187.320   -0.019   -0.007    0.020
 187.360   -0.146   -0.012    0.147
 187.400    0.063   -0.000    0.063
 187.440    0.088    0.004    0.088
 187.480   -0.045   -0.004    0.045
 187.520    0.033   -0.003    0.033
 187.560    0.049    0.008    0.049
 187.600   -0.064    0.002    0.064
 187.640   -0.032   -0.009    0.033
 187.680    0.018    0.001    0.018
 187.720   -0.035    0.002    0.035
 187.760    0.076   -0.002    0.076
 187.800    0.061    0.016    0.063
 187.840   -0.012    0.000    0.012
 187.880    0.024    0.000    0.024
 187.920    0.007    0.001    0.007
 187.960   -0.022    0.002    0.022
 188.000   -0.022    0.000    0.022
 188.040   -0.061   -0.006    0.061
 188.080   -0.079   -0.006    0.080
 188.120    0.015    0.002    0.015
 188.160    0.021    0.000    0.021
 188.200    0.082   -0.006    0.082
 188.240    0.002    0.002    0.003
 188.280    0.008    0.007    0.010
 188.320    0.091    0.007    0.091
 188.360   -0.012    0.002    0.012
 188.400   -0.048   -0.002    0.048
 188.440   -0.008    0.001    0.008
 188.480   -0.011   -0.004    0.012
 188.520   -0.064   -0.008    0.064
 188.560   -0.034    0.002    0.034
 188.600    0.005    0.003    0.006
 188.640    0.088   -0.000    0.088
 188.680    0.019   -0.002    0.019
 188.720   -0.014    0.003    0.015
 188.760   -0.002    0.000    0.002
 188.800    0.002   -0.001    0.002
 188.840   -0.008    0.000    0.008
 188.880   -0.027   -0.001    0.027
 188.920   -0.005   -0.000    0.005
 188.960   -0.024   -0.002    0.024
 189.000   -0.028   -0.009    0.030
 189.040    0.017   -0.001    0.017
 189.080    0.054    0.003    0.055
 189.120    0.010    0.001    0.010
 189.160    0.043    0.004    0.043
 189.200    0.012    0.002    0.012
 189.240   -0.011    0.001    0.011
 189.280   -0.004    0.001    0.004
 189.320   -0.052   -0.000    0.052
 189.360   -0.096   -0.006    0.096
 189.400   -0.000   -0.001    0.001
 189.440   -0.001   -0.000    0.001
 189.480    0.044    0.001    0.044
 189.520    0.166    0.035    0.169
 189.560    0.087    0.063    0.107
 189.600    0.045    0.012    0.046
 189.640    0.147   -0.005    0.147
 189.680   -0.279   -0.036    0.281
 189.720   -0.295   -0.072    0.303
 189.760    0.211   -0.030    0.214
 189.800   -0.194   -0.010    0.194
 189.840   -0.062    0.004    0.062
 189.880    0.224    0.013    0.224
 189.920    0.007    0.007    0.010
 189.960    0.049    0.009    0.050
 190.000    0.158    0.032    0.161
 190.040   -0.080   -0.003    0.080
 190.080   -0.112   -0.011    0.113
 190.120   -0.063    0.003    0.063
 190.160   -0.017    0.000    0.017
 190.200   -0.003   -0.013    0.013
 190.240    0.008    0.002    0.008
 190.280    0.004    0.000    0.004
 190.320    0.016   -0.000    0.016
 190.360    0.006    0.000    0.006
 190.400    0.027    0.003    0.027
 190.440    0.009    0.001    0.009
 190.480   -0.003    0.000    0.003
 190.520   -0.001    0.000    0.001
 190.560   -0.029   -0.002    0.029
 190.600   -0.002    0.000    0.002
 190.640   -0.029   -0.000    0.029
 190.680    0.005   -0.001    0.005
 190.720    0.029   -0.002    0.029
 190.760    0.021    0.006    0.022
 190.800    0.045    0.009    0.046
 190.840   -0.019   -0.000    0.019
 190.880   -0.023   -0.001    0.023
 190.920    0.011    0.002    0.012
 190.960   -0.010    0.002    0.011
 191.000   -0.007    0.003    0.008
 191.040   -0.001   -0.000    0.001
 191.080   -0.000   -0.000    0.000
 191.120   -0.002   -0.001    0.002
 191.160   -0.001   -0.000    0.001
 191.200   -0.001   -0.000    0.001
 191.240   -0.002   -0.001    0.002
 191.280   -0.004   -0.002    0.004
 191.320   -0.006   -0.000    0.006
 191.360   -0.015   -0.000    0.015
 191.400    0.002   -0.008    0.008
 191.440    0.001   -0.001    0.001
 191.480   -0.004    0.002    0.004
 191.520    0.026    0.001    0.026
 191.560   -0.005   -0.002    0.005
 191.600   -0.013    0.001    0.013
 191.640   -0.002   -0.001    0.002
 191.680   -0.000   -0.000    0.000
 191.720   -0.001   -0.000    0.001
 191.760   -0.001   -0.002    0.002
 191.800   -0.002    0.000    0.002
 191.840   -0.002   -0.001    0.002
 191.880    0.003    0.001    0.003
 191.920   -0.001   -0.001    0.001
 191.960   -0.002   -0.001    0.002
 192.000   -0.004    0.000    0.004
 192.040   -0.001   -0.002    0.002
 192.080   -0.002   -0.000    0.002
 192.120   -0.001   -0.001    0.001
 192.160   -0.001   -0.001    0.002
 192.200   -0.003   -0.001    0.003
 192.240   -0.001   -0.002    0.002
 192.280   -0.001   -0.000    0.001
 192.320    0.001   -0.001    0.001
 192.360    0.002   -0.000    0.002
 192.400   -0.000   -0.000    0.001
 192.440    0.007   -0.001    0.007
 192.480    0.009   -0.001    0.009
 192.520   -0.008   -0.001    0.008
 192.560   -0.003    0.001    0.003
 192.600   -0.004    0.002    0.004
 192.640   -0.021   -0.003    0.021
 192.680   -0.021   -0.001    0.021
 192.720   -0.001   -0.001    0.001
 192.760    0.004   -0.001    0.004
 192.800    0.033    0.000    0.033
 192.840    0.025    0.000    0.025
 192.880    0.056    0.002    0.056
 192.920    0.037    0.005    0.037
 192.960   -0.009   -0.001    0.009
 193.000   -0.004    0.001    0.004
 193.040   -0.059    0.000    0.059
 193.080   -0.059   -0.006    0.059
 193.120   -0.004   -0.002    0.005
 193.160   -0.017   -0.003    0.017
 193.200   -0.008   -0.004    0.008
 193.240    0.003   -0.000    0.003
 193.280    0.045    0.001    0.045
 193.320    0.005   -0.000    0.005
 193.360    0.014    0.001    0.014
 193.400    0.019    0.010    0.021
 193.440    0.006   -0.000    0.006
 193.480   -0.004   -0.001    0.004
 193.520   -0.016   -0.002    0.016
 193.560   -0.003   -0.001    0.004
 193.600   -0.055    0.001    0.055
 193.640   -0.004   -0.004    0.006
 193.680    0.009   -0.003    0.010
 193.720   -0.002   -0.000    0.002
 193.760   -0.000   -0.001    0.001
 193.800    0.039   -0.002    0.039
 193.840   -0.003    0.000    0.003
 193.880    0.001   -0.002    0.003
 193.920   -0.003    0.001    0.003
 193.960   -0.002    0.001    0.002
 194.000    0.001   -0.001    0.002
 194.040   -0.003   -0.001    0.003
 194.080   -0.002   -0.000    0.002
 194.120   -0.001   -0.001    0.001
 194.160   -0.001   -0.001    0.001
 194.200   -0.001   -0.001    0.001
 194.240   -0.002   -0.001    0.002
 194.280    0.000   -0.001    0.001
 194.320    0.001   -0.000    0.001
 194.360    0.002   -0.001    0.002
 194.400    0.032    0.001    0.032
 194.440   -0.042    0.004    0.043
 194.480    0.017   -0.004    0.017
 194.520    0.000   -0.001    0.001
 194.560   -0.009   -0.001    0.009
 194.600    0.004   -0.002    0.004
 194.640    0.001   -0.001    0.002
 194.680   -0.001   -0.001    0.001
 194.720    0.001   -0.001    0.002
 194.760    0.001   -0.002    0.002
 194.800   -0.000   -0.001    0.001
 194.840   -0.001   -0.001    0.001
 194.880   -0.002   -0.002    0.002
 194.920   -0.017   -0.000    0.017
 194.960   -0.007   -0.003    0.008
 195.000   -0.005   -0.008    0.010
 195.040   -0.001   -0.001    0.001
 195.080    0.006    0.000    0.006
 195.120    0.010   -0.000    0.010
 195.160   -0.001    0.000    0.001
 195.200   -0.000   -0.000    0.000
 195.240    0.001   -0.001    0.002
 195.280   -0.002   -0.000    0.002
 195.320   -0.006   -0.003    0.007
 195.360   -0.001   -0.001    0.002
 195.400   -0.003   -0.001    0.004
 195.440    0.000   -0.001    0.002
 195.480    0.004    0.000    0.004
 195.520    0.004    0.000    0.004
 195.560    0.008    0.002    0.008
 195.600    0.009    0.001    0.009
 195.640    0.001    0.000    0.001
 195.680    0.000   -0.001    0.001
 195.720    0.001   -0.001    0.001
 195.760    0.002   -0.001    0.002
 195.800    0.002   -0.001    0.002
 195.840    0.009   -0.001    0.009
 195.880   -0.002    0.000    0.002
 195.920   -0.012   -0.002    0.013
 195.960   -0.000   -0.001    0.001
 196.000   -0.000   -0.000    0.000
 196.040    0.001   -0.001    0.001
 196.080    0.002   -0.001    0.002
 196.120    0.001   -0.001    0.001
 196.160    0.005    0.000    0.005
 196.200    0.025    0.001    0.025
 196.240   -0.018   -0.000    0.018
 196.280   -0.013   -0.001    0.013
 196.320    0.001    0.000    0.001
 196.360   -0.006   -0.001    0.006
 196.400   -0.007   -0.002    0.007
 196.440    0.004   -0.001    0.004
 196.480    0.005   -0.001    0.005
 196.520    0.007   -0.001    0.007
 196.560    0.004   -0.001    0.004
 196.600    0.001   -0.000    0.001
 196.640    0.006   -0.001    0.006
 196.680    0.011   -0.000    0.011
 196.720   -0.004    0.001    0.004
 196.760    0.009    0.000    0.009
 196.800    0.016    0.005    0.017
 196.840   -0.098   -0.005    0.098
 196.880    0.011   -0.001    0.011
 196.920    0.039   -0.001    0.039
 196.960   -0.009   -0.001    0.009
 197.000    0.029   -0.003    0.029
 197.040    0.006   -0.001    0.006
 197.080    0.002   -0.000    0.002
 197.120    0.015   -0.002    0.016
 197.160    0.002   -0.001    0.002
 197.200   -0.009   -0.000    0.009
 197.240    0.002   -0.001    0.003
 197.280    0.001   -0.002    0.002
 197.320   -0.045   -0.002    0.045
 197.360    0.017   -0.001    0.017
 197.400    0.017   -0.003    0.017
 197.440    0.000   -0.001    0.001
 197.480    0.003   -0.001    0.003
 197.520    0.004   -0.001    0.004
 197.560    0.003   -0.002    0.003
 197.600    0.006   -0.001    0.006
 197.640    0.014   -0.000    0.014
 197.680   -0.006    0.000    0.006
 197.720    0.012   -0.004    0.013
 197.760    0.004   -0.002    0.004
 197.800    0.001    0.000    0.001
 197.840    0.005   -0.003    0.006
 197.880    0.036   -0.001    0.036
 197.920   -0.038   -0.003    0.038
 197.960    0.009   -0.001    0.009
 198.000    0.057    0.000    0.057
 198.040   -0.055   -0.006    0.056
 198.080    0.013   -0.009    0.016
 198.120    0.069    0.005    0.069
 198.160   -0.035    0.002    0.035
 198.200    0.096   -0.002    0.096
 198.240   -0.026    0.001    0.026
 198.280   -0.160   -0.004    0.160
 198.320    0.115   -0.004    0.115
 198.360    0.003   -0.003    0.005
 198.400   -0.101   -0.003    0.101
 198.440    0.036   -0.003    0.036
 198.480    0.051   -0.002    0.051
 198.520    0.003   -0.003    0.004
 198.560    0.023   -0.003    0.023
 198.600    0.016   -0.001    0.016
 198.640    0.001   -0.002    0.002
 198.680    0.006   -0.002    0.006
 198.720    0.007   -0.003    0.007
 198.760   -0.021   -0.002    0.021
 198.800    0.016   -0.006    0.018
 198.840    0.008   -0.004    0.009
 198.880    0.007   -0.003    0.008
 198.920    0.009   -0.002    0.009
 198.960    0.009   -0.003    0.009
 199.000    0.000   -0.003    0.003
 199.040    0.004   -0.003    0.006
 199.080    0.006   -0.003    0.007
 199.120    0.005   -0.003    0.006
 199.160    0.005   -0.003    0.006
 199.200    0.010    0.003    0.010
 199.240    0.007   -0.003    0.008
 199.280    0.021   -0.005    0.021
 199.320    0.007   -0.002    0.008
 199.360   -0.003   -0.002    0.004
 199.400    0.005   -0.003    0.006
 199.440    0.005   -0.002    0.005
 199.480   -0.015   -0.001    0.015
 199.520    0.021   -0.004    0.021
 199.560    0.008   -0.002    0.008
 199.600    0.008   -0.004    0.009
 199.640    0.013   -0.001    0.013
 199.680    0.009   -0.002    0.010
 199.720    0.003   -0.002    0.003
 199.760    0.004   -0.001    0.004
 199.800    0.003   -0.002    0.003
 199.840    0.004   -0.002    0.004
 199.880    0.006   -0.002    0.006
 199.920    0.007   -0.002    0.008
 199.960    0.013   -0.002    0.013
 200.000    0.019   -0.001    0.019
 200.040    0.036    0.002    0.036
 200.080    0.056    0.002    0.056
 200.120   -0.024   -0.003    0.024
 200.160   -0.042    0.000    0.042
 200.200   -0.019   -0.003    0.019
 200.240   -0.034   -0.007    0.035
 200.280   -0.022   -0.008    0.024
 200.320    0.018   -0.001    0.018
 200.360    0.009   -0.001    0.009
 200.400    0.043    0.002    0.044
 200.440    0.017    0.001    0.017
 200.480    0.011   -0.000    0.011
 200.520    0.007   -0.000    0.007
 200.560    0.005   -0.001    0.006
 200.600   -0.012   -0.000    0.012
 200.640    0.003   -0.002    0.004
 200.680    0.002   -0.000    0.002
 200.720   -0.003   -0.002    0.004
 200.760    0.007   -0.000    0.007
 200.800    0.009   -0.001    0.009
 200.840    0.023    0.002    0.023
 200.880    0.037    0.001    0.037
 200.920    0.022    0.001    0.022
 200.960    0.006    0.000    0.006
 201.000   -0.002   -0.002    0.003
 201.040    0.004    0.001    0.004
 201.080    0.003   -0.001    0.003
 201.120    0.004    0.000    0.004
 201.160    0.004    0.000    0.004
 201.200    0.003    0.000    0.003
 201.240    0.006   -0.001    0.006
 201.280    0.008    0.000    0.008
 201.320    0.006   -0.000    0.006
 201.360    0.004    0.000    0.004
 201.400    0.001    0.001    0.002
 201.440    0.003   -0.000    0.003
 201.480    0.005    0.000    0.005
 201.520    0.001   -0.003    0.003
 201.560    0.006    0.003    0.007
 201.600    0.003    0.011    0.011
 201.640    0.006   -0.000    0.006
 201.680    0.005   -0.001    0.005
 201.720    0.006    0.000    0.006
 201.760    0.004    0.000    0.004
 201.800    0.002   -0.001    0.002
 201.840    0.006    0.000    0.006
 201.880    0.004   -0.000    0.004
 201.920    0.005   -0.001    0.005
 201.960    0.006    0.000    0.006
 202.000    0.009   -0.001    0.009
 202.040    0.005    0.001    0.005
 202.080    0.006    0.001    0.006
 202.120    0.005   -0.000    0.005
 202.160    0.001    0.000    0.001
 202.200   -0.004   -0.000    0.004
 202.240    0.006    0.000    0.006
 202.280    0.006   -0.000    0.006
 202.320    0.005    0.001    0.005
 202.360    0.006    0.000    0.006
 202.400    0.004    0.001    0.004
 202.440    0.004    0.001    0.004
 202.480    0.004    0.002    0.004
 202.520    0.004    0.001    0.004
 202.560    0.003    0.001    0.003
 202.600    0.000    0.000    0.000
 202.640    0.003    0.001    0.004
 202.680    0.012    0.000    0.012
 202.720    0.006    0.001    0.006
 202.760    0.002    0.002    0.003
 202.800    0.005    0.001    0.005
 202.840    0.004   -0.000    0.004
 202.880    0.004    0.001    0.004
 202.920    0.002    0.002    0.003
 202.960    0.002    0.001    0.002
 203.000    0.002    0.001    0.003
 203.040    0.008    0.002    0.008
 203.080    0.004    0.001    0.004
 203.120    0.009    0.002    0.010
 203.160    0.004    0.002    0.005
 203.200    0.010    0.002    0.011
 203.240    0.002    0.001    0.002
 203.280    0.001    0.001    0.002
 203.320   -0.072   -0.001    0.072
 203.360    0.016    0.003    0.016
 203.400    0.021    0.002    0.021
 203.440    0.009    0.002    0.009
 203.480    0.009    0.003    0.010
 203.520    0.006    0.002    0.007
 203.560    0.005    0.002    0.005
 203.600    0.005    0.001    0.005
 203.640    0.003    0.003    0.004
 203.680    0.004    0.002    0.004
 203.720    0.003    0.003    0.004
 203.760    0.004    0.003    0.005
 203.800    0.009    0.002    0.010
 203.840    0.003    0.003    0.004
 203.880    0.002    0.002    0.003
 203.920    0.003    0.002    0.004
 203.960    0.004    0.004    0.006
 204.000   -0.001    0.004    0.005
 204.040    0.007    0.001    0.008
 204.080    0.008    0.003    0.008
 204.120    0.006    0.003    0.007
 204.160    0.005    0.002    0.005
 204.200    0.005    0.002    0.006
 204.240    0.002    0.002    0.003
 204.280    0.004    0.001    0.004
 204.320    0.003    0.002    0.003
 204.360    0.003    0.003    0.004
 204.400    0.003    0.001    0.003
 204.440    0.004    0.001    0.004
 204.480    0.008    0.003    0.009
 204.520    0.003    0.001    0.003
 204.560    0.003    0.001    0.003
 204.600    0.002    0.003    0.004
 204.640    0.002    0.002    0.003
 204.680    0.004    0.002    0.004
 204.720    0.004    0.002    0.004
 204.760    0.003    0.002    0.004
 204.800    0.001    0.003    0.003
 204.840    0.004    0.002    0.004
 204.880    0.001    0.000    0.001
 204.920    0.003    0.001    0.003
 204.960    0.000    0.001    0.001
 205.000    0.002    0.000    0.002
 205.040   -0.001    0.001    0.001
 205.080    0.003    0.001    0.003
 205.120    0.007    0.001    0.007
 205.160    0.000    0.001    0.001
 205.200    0.001    0.001    0.001
 205.240    0.002    0.000    0.002
 205.280    0.001    0.001    0.001
 205.320   -0.001   -0.000    0.001
 205.360    0.001    0.000    0.001
 205.400   -0.003    0.001    0.003
 205.440   -0.000    0.001    0.001
 205.480    0.001   -0.000    0.001
 205.520   -0.001    0.000    0.001
 205.560    0.003    0.000    0.003
 205.600    0.013    0.002    0.013
 205.640   -0.009   -0.000    0.009
 205.680   -0.000   -0.000    0.000
 205.720    0.027    0.003    0.027
 205.760    0.002   -0.001    0.002
 205.800   -0.002   -0.001    0.002
 205.840   -0.007    0.001    0.007
 205.880   -0.003   -0.001    0.003
 205.920    0.001   -0.001    0.001
 205.960   -0.013    0.001    0.013
 206.000   -0.004   -0.000    0.004
 206.040    0.007   -0.000    0.007
 206.080    0.000   -0.000    0.000
 206.120    0.001    0.001    0.001
 206.160    0.002    0.000    0.002
 206.200    0.003   -0.000    0.003
 206.240    0.000    0.001    0.001
 206.280   -0.001   -0.001    0.001
 206.320    0.016    0.003    0.016
 206.360   -0.004   -0.001    0.004
 206.400    0.002    0.005    0.006
 206.440    0.000   -0.000    0.001
 206.480    0.001   -0.001    0.001
 206.520    0.001    0.001    0.001
 206.560    0.001    0.000    0.001
 206.600   -0.000    0.000    0.000
 206.640    0.000    0.000    0.000
 206.680   -0.000    0.000    0.000
 206.720    0.001    0.000    0.001
 206.760    0.000    0.000    0.000
 206.800   -0.001   -0.000    0.001
 206.840    0.001    0.000    0.001
 206.880   -0.004   -0.002    0.005
 206.920   -0.001    0.000    0.001
 206.960    0.005    0.002    0.006
 207.000   -0.001   -0.002    0.002
