9.998608456439658232e-01
9.999957613749776986e-01
9.998188821865920950e-01
9.999991068332022559e-01
9.998303593298873970e-01
9.996783913966799107e-01
9.994562796733870158e-01
9.994698805247088647e-01
9.999991922775349762e-01
9.999999674720996268e-01
9.999916516778579734e-01
9.998533938002529542e-01
9.999998227671809126e-01
9.999998799837773733e-01
9.999998981197038006e-01
9.999999611848915393e-01
9.999999270690432818e-01
9.999999911989583268e-01
9.999999768782271703e-01
9.999999934864001183e-01
1.000000031549890922e+00
1.000000013881382266e+00
1.000000014140231652e+00
1.000000009895861464e+00
9.999999405292063770e-01
1.000000015093757799e+00
1.000000040628375775e+00
1.000000062010542257e+00
1.000000021007056539e+00
1.000000066798596876e+00
1.000000029848657990e+00
1.000000053925936383e+00
1.000000018169540983e+00
1.000000025792128433e+00
1.000000080286516990e+00
1.000000033474522043e+00
1.000000027691645199e+00
1.000000055191061499e+00
9.999999979786148296e-01
1.000000043338624245e+00
1.000000025485225930e+00
1.000000005656704216e+00
1.000000064356805218e+00
9.999999644537111987e-01
1.000000048685404597e+00
1.000000042262394917e+00
1.000000030016384045e+00
1.000000057866632819e+00
1.000000039915390770e+00
1.000000066413173405e+00
1.000000058095184885e+00
1.000000054113330705e+00
1.000000049861870854e+00
1.000000047736510744e+00
1.000000051296936032e+00
1.000000049257561141e+00
1.000000073262240052e+00
1.000000031005800594e+00
1.000000050158731835e+00
1.000000083902903070e+00
1.000000061637869031e+00
1.000000067540599336e+00
1.000000074976049369e+00
1.000000070702103283e+00
1.000000116396043914e+00
1.000000068815328103e+00
1.000000073011558133e+00
1.000000089141235282e+00
1.000000117362459529e+00
1.000000075164576341e+00
1.000000107478891342e+00
1.000000112721033618e+00
1.000000120704473083e+00
1.000000102708070271e+00
1.000000094703955567e+00
1.000000149791326010e+00
1.000000135750622965e+00
1.000000123807906149e+00
1.000000134771577232e+00
1.000000151974746121e+00
1.000000157766840259e+00
1.000000179910556231e+00
1.000000149906020486e+00
1.000000178537380879e+00
1.000000160197791033e+00
1.000000206873369546e+00
1.000000159823898338e+00
1.000000116754788504e+00
1.000000129317053954e+00
1.000000057752744365e+00
9.956999748682261453e-01
9.930699729950307475e-01
9.904174967537673346e-01
9.881719438052609661e-01
9.855394365366798581e-01
9.695345912333512839e-01
9.691505887016019782e-01
9.668918925566720723e-01
9.602061167324784652e-01
9.585689908263075321e-01
9.586703022207101466e-01
9.551235116448372198e-01
9.447378306817388882e-01
9.444093453001355387e-01
9.429664431054843865e-01
9.395009423472733268e-01
9.391424423676039135e-01
9.362780029826167638e-01
9.354162013731408543e-01
9.320065384937989972e-01
9.282941150426372579e-01
9.210098827105166475e-01
9.179954923153529345e-01
9.167137384401500277e-01
9.140767799596705157e-01
9.039939024703603776e-01
8.910157723693962195e-01
8.785832470147145745e-01
8.702161327050341733e-01
8.611683345211679219e-01
8.309562409078835588e-01
8.246333867512907201e-01
8.038759517375894115e-01
7.752665201872299683e-01
7.741239183136061630e-01
7.634370623483645035e-01
7.559073881522172522e-01
7.502405394353298673e-01
7.457451959562495514e-01
7.436219049945370640e-01
7.465792140196234605e-01
7.540937986594988818e-01
7.550911672985125556e-01
7.424977658400938596e-01
7.305118487363538859e-01
7.230530395798442367e-01
7.250055739476750638e-01
7.295140548460083973e-01
7.266547338971116599e-01
7.195361642922534218e-01
7.229703728441008170e-01
7.183743429024100902e-01
6.992220920964566933e-01
6.521803426273331539e-01
6.171817141125603978e-01
5.736676887190412799e-01
5.170172256212459683e-01
4.662122462541987700e-01
4.664136739841762136e-01
4.659012133008322842e-01
4.649032175480402040e-01
4.649006659058564361e-01
4.625821132296474292e-01
4.446279030955845313e-01
3.947035534714460336e-01
3.720106299445543052e-01
3.237353335932112719e-01
2.814207663443000773e-01
2.479823756134712509e-01
2.270623485581717005e-01
1.960010845701151139e-01
1.589877197040182322e-01
1.468563505623319831e-01
1.363902704820069423e-01
1.253172726955560090e-01
1.146917606519961830e-01
1.146902339988747077e-01
1.318940925473387760e-01
1.550270261701976182e-01
2.016083250246248904e-01
2.084933231454360603e-01
2.531108579783736268e-01
2.819496060528597914e-01
2.971583043315737527e-01
3.149823512595971708e-01
3.182894827233325730e-01
3.445778509220585040e-01
3.820619079534470219e-01
4.310050542868935075e-01
5.058031839037344657e-01
5.740707510803955138e-01
6.065544429421354522e-01
6.618931865441630702e-01
6.867761622600625504e-01
7.147330324501345311e-01
7.292789964433974426e-01
7.348886638330769383e-01
7.452667593373361044e-01
7.631839120960415279e-01
7.661459078383908716e-01
7.734235090518724043e-01
7.881393652886758971e-01
7.942700645993832076e-01
7.994425012951806853e-01
8.024534762287538481e-01
8.134303104115367944e-01
8.183230046298459737e-01
8.237671702402648011e-01
8.262611685051126642e-01
8.374380711128626142e-01
8.463442879090939952e-01
8.484301722566391923e-01
8.545420983160545436e-01
8.626090200427954935e-01
8.638709777931241618e-01
8.713753153605736657e-01
8.768619291242825131e-01
8.897662750005449483e-01
8.906212468097727264e-01
8.958307485569378947e-01
9.155008746692918642e-01
9.161486334829087586e-01
9.199993422364127760e-01
9.259142743010976284e-01
9.337091429137304166e-01
9.434941773962446376e-01
9.473561757524848748e-01
9.528518314378973120e-01
9.564085371991274398e-01
9.588508945139005979e-01
9.592409796579026704e-01
9.595967052957039556e-01
9.593910067732176472e-01
9.598015151167295089e-01
9.598093824773556992e-01
9.689989619450031233e-01
9.689967075032077659e-01
9.689860534331832254e-01
9.694049331515555146e-01
9.696267711994912553e-01
9.692799121953104002e-01
9.680478062283209839e-01
9.680489874185750354e-01
9.680007422185656907e-01
9.694726569856747522e-01
9.696849937702343158e-01
9.695129965788626958e-01
9.700527821180894295e-01
9.696641578515858839e-01
9.696602278753088111e-01
9.692344778317207865e-01
9.694370051587237747e-01
9.696524626549585246e-01
9.692309406523388349e-01
9.694445189066484003e-01
9.684697483219419922e-01
9.684678935423204349e-01
9.684446192728564107e-01
9.684131732970262529e-01
9.679831005511254638e-01
9.681983305699040088e-01
9.683837269397139735e-01
9.682072684997904410e-01
9.678831961552638585e-01
9.681036527504529587e-01
9.673899490789468203e-01
9.673875856856716249e-01
9.671808401274402112e-01
9.671767874427231737e-01
9.669604556297208831e-01
9.670043931238696544e-01
9.668194652795509825e-01
9.666055209726903685e-01
9.682625580579514724e-01
9.680258952485634172e-01
9.681826299859970231e-01
9.683638508086294117e-01
9.679486745001368853e-01
9.680261684844708725e-01
9.682045817542390687e-01
9.681797997206420536e-01
9.686173779533173711e-01
9.690000001142148323e-01
9.689997241809152895e-01
9.686199690314032384e-01
9.682078236218258915e-01
9.683931265099011698e-01
9.685682514885358696e-01
9.683425961014314742e-01
9.683091577001623484e-01
9.687419567274861976e-01
9.697676182235872577e-01
9.697711384231422205e-01
9.697863230647967292e-01
9.693544544443165600e-01
9.677036098118556584e-01
9.681729418064641823e-01
9.679876786835688307e-01
9.677325877242267671e-01
9.677336963670861714e-01
9.677509513059694424e-01
9.673483114282589446e-01
9.675230514673908155e-01
9.677648713835451666e-01
9.679756654038085273e-01
9.685779719574495461e-01
9.685836233237037352e-01
9.691340144155378145e-01
9.691343274204993197e-01
9.687089938653228316e-01
1.000000000000000000e+00
3.057140666440315551e-04
1.266167681519338748e-05
1.141446820606014253e-05
8.129778729576919109e-06
6.737921825498976285e-06
1.650388382757237242e-07
2.378842639288290551e-07
3.972637312700154595e-06
6.387893870585469614e-08
5.663993090717315387e-07
3.891985907921159323e-06
5.360200826713837625e-07
3.237019546238903371e-07
1.770667146945309399e-06
7.894049471615620187e-09
3.045223996728303800e-06
1.715673619130493534e-05
7.398101149542712840e-06
6.910228171563549638e-04
6.423459484697956401e-06
1.944847244774877873e-06
2.555378014000917716e-05
1.700463118429753286e-06
5.106818353029963934e-04
3.234247045083722525e-05
8.272002886305359704e-04
9.927256583930007833e-04
1.013465913699684341e-03
9.012680441322760581e-04
1.078836582875265316e-03
4.238406991762686850e-03
4.227062031416927400e-03
3.920666602829271478e-03
3.219122482798869068e-03
3.176503346966430205e-03
3.301880408635910792e-03
3.084695057067065194e-03
3.828748984198182027e-03
7.369024453035838071e-03
6.296418733980689401e-03
6.300778499820280584e-03
6.299767640061755720e-03
5.135227807402587517e-03
6.196519330771375726e-03
7.309040886936211262e-03
6.709464236414832208e-03
6.718934945557824071e-03
6.712173026609810807e-03
6.698930425400645775e-03
6.712153492900991072e-03
6.906144987909488935e-03
7.666165208535765871e-03
9.746591411546143280e-03
8.612652106377519795e-03
8.169945629255732228e-03
8.164086822804728083e-03
8.136806532216399324e-03
9.410839043281616842e-03
1.055833915526629627e-02
1.125330415971762497e-02
2.710731030497724736e-02
2.595713715659317064e-02
2.600858451088369425e-02
2.598740871458818380e-02
2.714424408257711668e-02
2.712293833351325789e-02
2.815715148646862759e-02
2.818286965052842208e-02
3.293228925653236133e-02
3.303920860417132455e-02
3.521246082906184099e-02
3.522284833422793804e-02
3.509560100764320956e-02
3.804646494125091261e-02
4.014624995714740491e-02
5.053301468013807196e-02
5.449018398586683021e-02
6.051127647877187210e-02
6.198147166884967335e-02
7.305450738471494510e-02
7.850509930278094795e-02
8.225955328774721409e-02
8.834330576360663323e-02
9.847567625874054098e-02
1.052998866837039915e-01
1.060516455733461205e-01
1.074490627445988944e-01
1.085250544196278144e-01
1.081354886805692417e-01
1.081440138060810185e-01
1.043243215933141732e-01
1.101602543900827846e-01
1.163178330333833888e-01
1.214129346734016401e-01
1.274541150527384870e-01
1.539227125373178184e-01
1.548203682530967518e-01
1.601382577384597161e-01
1.767715600899281703e-01
1.827884116732673148e-01
2.226262063775785449e-01
2.559660220613237946e-01
2.949634270842027561e-01
3.106331977440828229e-01
3.443642590415377791e-01
3.850464796518524579e-01
4.085710700219901126e-01
5.085229722190802715e-01
5.499301767861326518e-01
6.207429253692331450e-01
6.576443352009970766e-01
7.140903450841403766e-01
8.543540788139660780e-01
9.369141798198373783e-01
9.962252922543253231e-01
1.062625841264203341e+00
1.121309975594002140e+00
1.186524094225690718e+00
1.233823296903973521e+00
1.256393124236269143e+00
1.250209875189908670e+00
1.162409333465007411e+00
1.137303136965535089e+00
1.135333517424504057e+00
1.134637730695707836e+00
1.101687567640578402e+00
1.132510819910159672e+00
1.180863153325185433e+00
1.361617310595085284e+00
1.417542787722588571e+00
1.634979367508436976e+00
1.785141725046271777e+00
1.788520643993977810e+00
1.831141222985449346e+00
1.891582235224254838e+00
1.942285357671366786e+00
2.233994022492735709e+00
2.219302423068830521e+00
2.239598563925496499e+00
2.326897258805336044e+00
2.492151936219625163e+00
2.539960295245311084e+00
2.643469102631402556e+00
2.749559472277469219e+00
2.846570311121797481e+00
2.934658142541165748e+00
3.100143673866717631e+00
3.159345281058555166e+00
3.150246057591230109e+00
3.160638642972765311e+00
3.170650908927743927e+00
3.170655085278261787e+00
3.073946340707470082e+00
2.883955576888177053e+00
2.901143073375074266e+00
3.021923591746248583e+00
3.091904431835790223e+00
3.113031136507440788e+00
3.175564826412569985e+00
2.881744196934704849e+00
2.520842426258240287e+00
2.184992246940883120e+00
1.577749773863035943e+00
1.225671345911247823e+00
9.280031463093649791e-01
6.266750459526202466e-01
6.276353184380530914e-01
7.291812737460894311e-01
7.314695121540650824e-01
6.541175509091208262e-01
5.667883009793120985e-01
4.833694219496473821e-01
2.517780909850306781e-01
1.391102357548475721e-01
6.465321994418639015e-03
1.793325879450922369e-08
2.744300698251392650e-08
-2.857407666726944711e-08
-8.513236159100654203e-09
9.446665912806090484e-09
-7.395519916059928320e-08
1.225444981164481989e-08
3.888953974653469311e-08
9.719542994631488229e-08
4.553407880983370306e-08
-2.685183250343604776e-08
-2.930522783645524573e-08
-2.987748700139038128e-08
-2.124936900602864357e-08
-2.437316919641950929e-08
-7.516467550788776522e-09
-3.649978785485398382e-08
-2.628892755859283220e-08
-2.298657563850063821e-08
-2.432928856313549992e-08
1.653487140629832610e-08
3.034183881177384355e-09
-1.498629933301615027e-08
-9.549328474005123486e-09
-8.351484533508888483e-09
-3.680373172479568388e-08
-3.774583924910387407e-09
-3.437068417321698938e-08
-4.276441596175051855e-08
-3.304044413425438397e-08
-2.269093919701291347e-08
-2.060309171109310119e-08
5.317441484424154009e-08
-2.848160120007198635e-08
-1.904429378898886552e-08
4.815947869681645980e-08
-4.025703674845759145e-09
-2.754734857899699459e-08
-4.802343106738045289e-08
3.891369296974658211e-08
8.491315326313157242e-09
-1.082169904753055038e-09
-2.534217002876476158e-09
-3.493416498326707919e-08
1.063877795064433072e-07
-2.668076112534260451e-08
5.201544749965708560e-08
-4.667969294851154043e-09
6.277537307275277926e-08
9.007827066266229429e-09
1.097140314629244011e-06
1.286497268285602703e-06
1.703395660023661441e-06
1.214562771495848784e-07
1.042779005200481967e-07
1.214388021059778270e-07
1.560508470852458985e-07
5.944884375244511097e-07
4.385775409886830424e-06
1.958843113969866912e-06
2.112089860802740460e-06
3.162622534921748678e-07
1.150607605293292224e-07
1.582022634826519927e-06
1.458104424703711817e-07
5.354973947892158645e-06
1.519084410408732550e-07
-6.794018422326072320e-08
1.217844628985892681e-06
-1.753785847178657413e-07
-3.063390961314187419e-08
2.487650980182886086e-08
1.311631605200013806e-07
1.361329151680514282e-06
3.798326501504344605e-06
1.633138498843806363e-06
2.574950302593272301e-06
1.128588121623528147e-05
4.043984971738936361e-07
4.123656039876496584e-08
5.306140648189986916e-06
4.081311777426371871e-06
3.405466358591090915e-06
8.831700806668696338e-07
6.662768288057535694e-06
3.104995859489720897e-08
9.468450689877004378e-07
6.543493955796557299e-07
2.001152809839199819e-07
-7.754473806466360666e-08
5.061307972016577122e-06
1.159199212070682310e-06
1.468588960115714594e-05
9.229390841899925510e-07
2.009535198315683123e-07
2.858665148944791603e-06
6.036612697861746271e-07
4.756329748122507236e-07
3.153182497925254191e-07
-1.136847238647796139e-07
7.279723019184502212e-08
1.614957763246643542e-07
4.463485606152705856e-06
1.745385102073121779e-05
1.064088897884594265e-04
7.566805107646727566e-06
1.695078624658965633e-07
4.214946893076760494e-06
3.463357615240279360e-07
1.848650527037384202e-06
1.022433265321603100e-07
1.298696237336316666e-07
2.397094216268874939e-08
1.326003012736774995e-07
2.641758365898033121e-10
3.004803791766178571e-07
2.040816508379533777e-08
-3.274464298178430012e-09
5.804039530080035104e-08
-1.454569415867989499e-08
2.489792522200523270e-08
8.212713313688913773e-08
2.786537157219508509e-07
1.116425302420633336e-08
1.347128945887779406e-04
5.386952161993965760e+00
4.480305485569253676e+01
6.274987759449591351e+01
