9.999896310032050373e-01
9.981443511913135058e-01
1.000000053479895623e+00
1.000000109678458093e+00
1.000000035060877757e+00
1.000000179556593816e+00
1.000000127093502167e+00
1.000000063368277736e+00
9.958177808710579892e-01
9.897862561510583079e-01
9.855215615407102447e-01
9.838567880772226548e-01
9.822186299499284790e-01
9.796029149392735391e-01
9.748270682366202422e-01
9.686707665240019693e-01
9.674534366879123937e-01
9.595730126147528072e-01
9.485902790759812575e-01
9.431960612919925158e-01
9.414442989034929044e-01
9.421689221101774425e-01
9.470593913786888862e-01
9.504468764598646979e-01
9.524256011189328186e-01
9.557206092757853932e-01
9.562232032686855954e-01
9.561381455034585475e-01
9.543229648729072423e-01
9.524581485516914192e-01
9.517908442502615030e-01
9.486114105992424772e-01
9.495650061849548740e-01
9.517904019373362168e-01
9.525573137382068456e-01
9.520858882827588632e-01
9.472061246449152705e-01
9.457411265437222214e-01
9.459911678444403726e-01
9.466608080376972545e-01
9.487217149640809755e-01
9.475530703133556720e-01
9.460105479291079922e-01
9.482247990640380042e-01
9.477566217270413373e-01
9.513368426026315161e-01
9.510824547153610142e-01
9.504723532718425405e-01
9.517668725802086449e-01
9.528139132924766663e-01
9.534916336181000762e-01
9.576392052252659104e-01
9.581075796141086398e-01
9.596607415934176322e-01
9.639835961520374363e-01
9.654037733868515714e-01
9.673325411783486594e-01
9.685464512535257864e-01
9.733428184499528513e-01
9.787146310718545239e-01
9.847903519537797301e-01
9.853793659803762317e-01
9.959793391820365160e-01
9.999691361529968736e-01
1.000000030480958202e+00
9.662894173631140227e-01
9.742513265722978488e-01
9.731373216320278186e-01
9.761861584705604500e-01
9.773086879653030135e-01
9.808294041372771499e-01
9.860938501863231176e-01
9.909279009604784472e-01
9.398541801272307650e-01
9.402469759625182721e-01
9.373002461805279850e-01
9.314349236523666864e-01
9.309498147682835345e-01
9.307193733868488472e-01
9.328502556178249749e-01
9.383888190352640546e-01
9.464816135630069738e-01
9.607526636129306574e-01
9.751083253614912794e-01
9.861519574523465170e-01
9.290621351288641527e-01
9.542116080522173860e-01
9.674794567819280378e-01
9.802855314801379727e-01
9.108404900423444639e-01
9.455980543321929055e-01
9.945902256011002196e-01
1.000000395985536805e+00
8.819358338030957034e-01
9.507839417700123530e-01
9.874812770685743590e-01
1.000000581537585864e+00
7.697530827759295757e-01
8.283924774143411884e-01
8.758388327262476292e-01
8.911095555272483537e-01
7.089020087238107060e-01
7.459753487673449479e-01
7.422074894797524580e-01
7.722145338322108366e-01
7.184633517331747710e-01
7.173051495315926340e-01
6.942789858719343732e-01
6.833685419345096879e-01
5.878324609144482960e-01
5.657117853414418418e-01
5.243016498520209900e-01
4.948057786427343951e-01
4.621830587550319613e-01
3.990780449745476854e-01
3.275503513943778255e-01
2.789631603931324033e-01
3.452226405514406959e-01
3.259401926593823440e-01
3.059817703643832876e-01
4.714574796166941528e-01
4.702711393550359498e-01
4.633433484994498586e-01
4.703735569823319085e-01
6.491560081104787994e-01
6.307740264831314114e-01
6.044528466538400258e-01
5.943111843424522256e-01
6.629715687493339393e-01
6.309411251998314762e-01
6.159052163688242265e-01
5.957959269586866613e-01
7.452400546906300383e-01
7.451344824887734530e-01
7.421121215733205156e-01
7.343703153090075375e-01
8.946768985268113150e-01
8.986164235707070347e-01
9.001351510485824381e-01
8.996000727281902032e-01
8.987044173795134538e-01
8.983750243812628211e-01
8.999595268874636123e-01
9.015916911240136056e-01
8.980518401808685880e-01
8.989248963048730445e-01
8.979650980606808108e-01
8.982012060114245022e-01
9.394718353409204914e-01
9.382497968032721403e-01
9.402837300590299874e-01
9.397140107080156346e-01
9.410020864394221807e-01
9.407683431460882595e-01
9.388775855320548036e-01
9.394792690442159699e-01
9.391446916738309669e-01
9.397394565429056934e-01
9.405942026963307612e-01
9.399867482621910852e-01
9.397700838286953129e-01
9.396561819243176572e-01
9.389920201133798994e-01
9.388944340761838925e-01
9.391437204138769479e-01
9.421379673581327108e-01
9.423837579778366891e-01
9.421222247349981815e-01
9.432418091373298008e-01
9.445654281530799778e-01
9.437384793521005344e-01
9.423864589567740868e-01
9.447446762185689462e-01
9.438491092534118110e-01
9.429061752411213027e-01
9.430474689387075005e-01
9.438555852784178413e-01
9.435625698366615355e-01
9.410170602399967610e-01
9.412656982723149879e-01
9.399944149156594930e-01
9.409032453911889693e-01
9.412929493115220758e-01
9.426886759751319511e-01
9.427047232653279485e-01
9.421690846565180522e-01
9.422811829289992058e-01
9.421110667107448489e-01
9.428164237214766707e-01
9.405759748975764944e-01
9.408533488855390647e-01
9.404582752924405264e-01
9.401391864832345791e-01
9.411216571140930132e-01
9.425303153170849768e-01
9.396631236592252190e-01
9.411543631967296264e-01
9.420496373030829984e-01
9.420486631758988594e-01
9.420376795891700628e-01
9.417602965176966601e-01
9.422048377016588594e-01
9.438518731492450131e-01
9.409889226418975960e-01
9.413934755994673997e-01
9.394084844994753380e-01
9.401080049362300350e-01
9.405854314460520005e-01
9.395418978348464289e-01
9.416022253578024692e-01
9.419351515103246975e-01
9.407466941053015397e-01
9.401122342648826624e-01
9.398871517697383604e-01
9.413505045492462919e-01
9.424345718683930784e-01
9.404122551894433801e-01
9.397833590477019383e-01
9.420501562285668040e-01
9.418957055148364788e-01
9.428353673357576792e-01
9.415671953723439014e-01
9.418176186780355952e-01
9.420720843987757664e-01
9.443174096320964273e-01
1.000000000000000000e+00
5.423445814179460658e-04
2.225101563113603964e-01
2.160109915312773132e-01
1.980470524471790728e-01
1.813896187891781420e-01
2.537510417121447426e-01
2.215105345499630007e-01
3.691593831808798187e-01
6.418895890388688352e-01
9.056156483414794511e-01
9.898879513489553528e-01
1.087503114109033664e+00
1.178128385343807594e+00
1.225963321273206841e+00
1.382421928976713676e+00
1.484526771721387917e+00
1.598362869012414755e+00
2.033792851607008512e+00
2.468070013590917711e+00
2.727833355812212091e+00
2.786869497675645846e+00
2.694630466004877434e+00
2.476916848962411599e+00
2.286009987569032287e+00
2.193420430747769156e+00
1.953910634542130431e+00
1.874478208919439837e+00
1.888039835482287376e+00
1.967881980567335765e+00
2.052148007664495566e+00
2.019850095681410274e+00
2.301814026166796978e+00
2.249537000480022808e+00
2.172702136982660459e+00
2.223836474096913651e+00
2.217561968140637330e+00
2.413162435379996751e+00
2.499085435815655565e+00
2.482338994963630974e+00
2.475540265398389561e+00
2.395280978858616461e+00
2.547595018460625305e+00
2.688047997030659442e+00
2.633705482464854697e+00
2.712412677102504333e+00
2.660860766607332728e+00
2.690752543174442568e+00
2.748698842008698406e+00
2.716691436480821231e+00
2.710950741046122658e+00
2.727728120698720726e+00
2.593945546292624194e+00
2.600316969020797231e+00
2.810670883813367382e+00
2.727033865767009235e+00
2.885728233431772871e+00
2.833112840148090505e+00
2.932534272924902652e+00
2.775096977749175853e+00
2.860047171949992695e+00
2.842439358752332002e+00
2.940401106241690599e+00
2.658666100518076725e+00
3.014708254188580572e+00
3.312591053251913831e+00
1.227256397133121402e+00
1.093779567128847052e+00
1.319612695371342070e+00
1.518770350141380066e+00
1.510757326088485897e+00
1.418814023247975564e+00
1.509231024962591761e+00
1.733247039123291033e+00
1.888428283145281604e-06
1.718895373687263704e-06
3.496176186400462240e-06
8.120878475517217789e-08
5.759571836290256797e-06
8.553659953795297279e-07
9.085889343245502652e-07
6.213506682196368904e-07
5.431506021842914814e-06
3.919127163139084770e-07
6.868807371621237791e-05
5.267187068531806737e-01
2.471297986016110203e-06
4.136504319059905994e-07
1.669062316888477514e-05
9.081860155211715689e-06
6.989728760250770673e-08
-4.818776340307881434e-08
3.608932707772756241e-06
8.859096236789874013e-01
1.880168482602436004e-08
4.919359803451722247e-08
7.508641412494489015e-07
7.420460082218407472e-01
7.228252363457503769e-08
-3.329576011401504069e-08
-1.905489663343304988e-08
1.968622716728386992e-08
2.803833622640980368e-07
-2.315532048834681434e-08
-1.119847712957956938e-07
-6.117661046136747155e-08
-1.692121288204466819e-08
2.050537334714035229e-07
-4.435877188728371153e-08
-5.569675592860211621e-09
-6.179254396855888119e-08
4.297950815654359912e-07
5.763543645880216514e-07
5.160560444731410764e-08
7.716234637485241130e-07
3.628109322205750526e-07
-1.769701404634482611e-07
1.736426707714090951e-04
1.191229405488401705e-06
2.127735437167077763e-06
5.319446457258026263e-06
3.418440610977932882e-06
1.787955966172081740e-06
2.222252376706757700e-07
3.016100115155871541e-07
1.827970600579305403e-07
1.100040111787767721e-06
-9.951333130172353388e-08
3.765777014142709232e-06
1.205517640154256532e-06
3.365497200966141358e-08
7.197529483384166315e-06
4.081511748561745455e-05
1.592534299903205049e-05
4.142581980556835023e-07
3.339533495355832419e-07
1.654858975092426406e-07
1.438614721812667474e+00
1.137189624565098089e+00
1.004711842355215712e+00
1.053943430381915070e+00
1.181806552002041988e+00
1.132971248798827268e+00
9.265762693339634204e-01
8.580450719363138523e-01
8.675445709358581281e-01
8.011718023016324297e-01
8.254131849878356686e-01
8.213742140019963944e-01
2.693609947828662587e+00
2.816851606544037878e+00
2.715628857959574205e+00
2.803693193274548356e+00
2.750225260456558019e+00
2.726111854866481998e+00
2.871491837050494489e+00
2.806294496597621979e+00
2.833999977790197633e+00
2.770445112357313278e+00
2.731357010573457256e+00
2.760912372099988410e+00
2.753077535961290678e+00
2.793259289167300707e+00
2.871253761885149913e+00
2.865065862983116496e+00
2.862275629782058850e+00
2.663790485652575590e+00
2.686475962153318076e+00
2.699052781277238910e+00
2.680029250735159074e+00
2.613105784494859307e+00
2.649006751451173258e+00
2.737030666554315594e+00
2.636051598396147444e+00
2.650977319764870277e+00
2.777254218897278193e+00
2.792908656207384599e+00
2.716558094343042296e+00
2.736139603123511677e+00
2.887321717726632819e+00
2.879440501882118308e+00
2.957449031894874736e+00
2.914579866759532401e+00
2.870275790073367528e+00
2.771463964326095208e+00
2.778096027056766726e+00
2.800872394663532106e+00
2.804364111484720645e+00
2.820847516127849453e+00
2.742022431938656357e+00
2.891553558854670136e+00
2.919189104273633983e+00
2.939827418397695791e+00
2.934142130722732222e+00
2.902202226771705362e+00
2.827897694027925901e+00
2.948424009799687440e+00
2.886528966530749418e+00
2.820397016811948099e+00
2.855762499641781638e+00
2.895710337413277546e+00
2.888996460292879043e+00
2.851436746331598382e+00
2.763287687158102912e+00
2.971747206280980436e+00
2.913455251454259987e+00
3.091197176689288284e+00
3.044134779261933765e+00
3.003018515406436162e+00
3.061146295840686538e+00
2.945742373277690174e+00
2.924986748762805622e+00
2.989449245210440420e+00
3.041773767120259819e+00
3.049665968976938313e+00
2.965124688092956706e+00
2.882541322645450599e+00
3.024336272643552093e+00
3.146854259925446762e+00
2.971182595287757078e+00
3.002068596032744008e+00
2.958043025476204235e+00
3.004057709961260869e+00
2.995562176463242743e+00
2.931783904725427270e+00
2.848329264589037457e+00
2.534622325448565583e+00
2.084372047781983373e+00
1.667950269064658597e+00
1.360473011966746970e+00
1.562066805448477425e+00
1.370196611773485396e+00
