 0.0      349.2        0.0
 0.2      349.0        0.0
 0.4      348.6        0.0
 0.6      347.4        0.0
 0.8      346.9        0.0
 1.0      346.8        0.0
 1.2      346.6        0.0
 1.4      346.3        0.0
 1.6      346.3        0.0
 1.8      346.3        0.0
 2.0      346.1        0.0
 2.2      346.1        0.0
 2.4      345.3        0.0
 2.6      345.4        0.0
 2.8      345.5        0.1
 3.0      345.9        0.0
 3.2      345.9        0.0
 3.4      346.0        0.0
 3.6      346.1        0.0
 3.8      346.1        0.1
 4.0      346.2        0.0
 4.2      346.3        0.0
 4.4      346.3        0.0
 4.6      346.4        0.0
 4.8      346.1        0.0
 5.0      346.2        0.0
 5.2      346.3        0.0
 5.4      346.6        0.0
 5.6      346.6        0.0
 5.8      346.7        0.0
 6.0      346.9        0.0
 6.2      346.9        0.0
 6.4      347.0        0.0
 6.6      347.1        0.0
 6.8      347.1        0.0
 7.0      347.1        0.0
 7.2      346.7        0.0
 7.4      346.8        0.0
 7.6      347.0        0.0
 7.8      347.3        0.0
 8.0      347.2        0.0
 8.2      347.3        0.0
 8.4      347.5        0.0
 8.6      347.5        0.0
 8.8      347.6        0.0
 9.0      347.8        0.0
 9.2      347.7        0.0
 9.4      347.8        0.0
 9.6      347.3        0.0
 9.8      347.4        0.0
10.0      347.6        0.0
10.2      348.0        0.0
10.4      348.0        0.0
10.6      348.1        0.0
10.8      348.2        0.0
11.0      348.2        0.0
11.2      348.2        0.0
11.4      348.4        0.0
11.6      348.4        0.0
11.8      348.4        0.0
12.0      347.9        0.0
12.2      348.0        0.0
12.4      348.2        0.0
12.6      348.6        0.1
12.8      348.6        0.1
13.0      348.7        0.1
13.2      348.9        0.0
13.4      348.8        0.0
13.6      348.9        0.0
13.8      349.0        0.0
14.0      349.0        0.0
14.2      348.9        0.0
14.4      348.7        0.0
14.6      348.8        0.0
14.8      348.8        0.0
15.0      349.7        0.0
15.2      349.6        0.0
15.4      349.6        0.0
15.6      349.6        0.0
15.8      349.6        0.0
16.0      349.7        0.0
16.2      349.8        0.0
16.4      349.7        0.0
16.6      349.8        0.0
16.8      349.7        0.0
17.0      349.7        0.0
17.2      349.9        0.0
17.4      350.2        0.0
17.6      350.1        0.0
17.8      350.2        0.0
18.0      350.3        0.0
18.2      350.3        0.0
18.4      350.3        0.1
18.6      350.5        0.0
18.8      350.4        0.0
19.0      350.6        0.0
19.2      350.4        0.0
19.4      350.3        0.0
19.6      350.5        0.0
19.8      350.9        0.1
20.0      350.8        0.0
20.2      350.8        0.0
20.4      350.9        0.0
20.6      350.9        0.0
20.8      351.0        0.0
21.0      351.0        0.1
21.2      351.0        0.1
21.4      351.1        0.0
21.6      351.1        0.0
21.8      351.0        0.0
22.0      351.2        0.0
22.2      351.7        0.0
22.4      351.6        0.0
22.6      351.7        0.0
22.8      351.6        0.0
23.0      351.6        0.0
23.2      351.7        0.0
23.4      351.7        0.0
23.6      351.6        0.0
23.8      351.7        0.0
24.0      351.6        0.0
24.2      351.5        0.1
24.4      351.8        0.0
24.6      352.2        0.0
24.8      352.1        0.0
25.0      352.2        0.0
25.2      352.3        0.0
25.4      352.2        0.0
25.6      352.3        0.0
25.8      352.3        0.0
26.0      352.2        0.0
26.2      352.3        0.0
26.4      352.2        0.0
26.6      352.2        0.0
26.8      352.4        0.0
27.0      352.8        0.0
27.2      352.7        0.0
27.4      352.8        0.0
27.6      352.8        0.0
27.8      352.8        0.0
28.0      352.8        0.0
28.2      352.9        0.0
28.4      352.9        0.0
28.6      353.1        0.0
28.8      353.0        0.0
29.0      353.0        0.0
29.2      353.2        0.0
29.4      354.2        0.0
29.6      354.1        0.0
29.8      354.2        0.0
30.0      354.3        0.0
30.2      354.3        0.0
30.4      356.2        0.0
30.6      378.1        0.0
30.8      378.3        0.0
31.0      379.2        0.0
31.2      385.8        0.0
31.4      379.8        0.0
31.6      379.9        0.0
31.8      383.8        0.0
32.0      386.7        0.0
32.2      398.1        0.0
32.4      431.6        0.0
32.6      466.3        0.0
32.8      487.8        0.0
33.0      514.5        0.0
33.2      520.0        0.0
33.4      553.8        0.0
33.6      555.2        0.0
33.8      537.4        0.0
34.0      484.3        0.0
34.2      455.2        0.0
34.4      479.2        0.0
34.6      538.8        0.0
34.8      562.3        0.0
35.0      600.1        0.0
35.2      615.7        0.1
35.4      614.7        0.1
35.6      599.5        0.1
35.8      550.8        0.0
36.0      512.7        0.0
36.2      411.8        0.0
36.4      304.0        0.0
36.6      160.7        0.0
36.8       89.3        0.1
37.0       76.3        0.0
37.2      100.0        0.0
37.4       85.2        0.0
37.6       62.9        0.0
37.8       80.2        0.0
38.0      124.2        0.0
38.2      184.0        0.0
38.4      238.3        0.0
38.6      260.5        0.0
38.8      269.6        0.0
39.0      280.5        0.0
39.2      283.7        0.0
39.4      285.6        0.0
39.6      296.0        0.0
39.8      299.8        0.0
40.0      307.1        0.0
40.2      312.2        0.1
40.4      314.4        0.1
40.6      315.1        0.1
40.8      315.5        0.0
41.0      315.9        0.0
41.2      316.2        0.0
41.4      316.4        0.0
41.6      316.6        0.0
41.8      316.8        0.1
42.0      317.0        0.1
42.2      317.0        0.1
42.4      317.9        0.1
42.6      317.9        0.1
42.8      317.9        0.0
43.0      318.1        0.0
43.2      318.2        0.0
43.4      318.2        0.0
43.6      318.3        0.1
43.8      318.4        0.0
44.0      318.5        0.0
44.2      318.5        0.0
44.4      318.6        0.0
44.6      318.7        0.0
44.8      319.4        0.0
45.0      319.4        0.0
45.2      319.4        0.0
45.4      319.4        0.0
45.6      319.4        0.1
45.8      319.3        0.1
46.0      319.4        0.0
46.2      319.5        0.0
46.4      319.6        0.0
46.6      319.8        0.0
46.8      320.0        0.0
47.0      320.2        0.0
47.2      320.4        0.0
47.4      320.4        0.0
47.6      320.4        0.0
47.8      320.5        0.0
48.0      320.7        0.0
48.2      320.2        0.0
48.4      320.3        0.0
48.6      320.5        0.0
48.8      320.5        0.0
49.0      320.7        0.0
49.2      320.9        0.0
49.4      321.1        0.0
49.6      321.2        0.0
49.8      321.2        0.0
50.0      321.3        0.0
50.2      321.4        0.0
50.4      321.7        0.0
50.6      322.0        0.0
50.8      322.0        0.0
51.0      322.2        0.0
51.2      322.2        0.0
51.4      322.3        0.0
51.6      322.5        0.0
51.8      322.5        0.0
52.0      322.6        0.0
52.2      322.6        0.1
52.4      322.6        0.0
52.6      322.7        0.0
52.8      322.9        0.0
53.0      323.0        0.0
53.2      323.0        0.0
53.4      323.1        0.0
53.6      323.2        0.0
53.8      323.3        0.0
54.0      323.5        0.0
54.2      323.6        0.0
54.4      323.7        0.1
54.6      323.6        0.1
54.8      323.6        0.1
55.0      323.7        0.1
55.2      323.8        0.2
55.4      323.9        0.7
55.6      324.0        0.6
55.8      324.2        0.2
56.0      324.2        0.1
56.2      324.3        0.2
56.4      324.4        0.2
56.6      324.5        0.2
56.8      324.6        0.1
57.0      324.5        0.1
57.2      324.5        0.1
57.4      324.6        0.1
57.6      324.8        0.1
57.8      325.0        0.1
58.0      325.0        0.1
58.2      325.2        0.1
58.4      325.2        0.1
58.6      325.4        0.1
58.8      325.6        0.1
59.0      325.6        0.1
59.2      325.7        0.1
59.4      325.6        0.1
59.6      325.6        0.1
59.8      325.6        0.1
60.0      325.8        0.1
60.2      325.8        0.1
60.4      325.9        0.1
60.6      326.0        0.1
60.8      326.0        0.2
61.0      326.0        0.2
61.2      326.8        0.1
61.4      326.7        0.1
61.6      326.8        0.1
61.8      326.7        0.1
62.0      326.7        0.1
62.2      326.8        0.1
62.4      326.9        0.1
62.6      326.9        0.1
62.8      327.0        0.1
63.0      327.2        0.1
63.2      327.1        0.1
63.4      327.2        0.1
63.6      327.7        0.1
63.8      327.7        0.0
64.0      327.8        0.1
64.2      327.8        0.1
64.4      327.7        0.1
64.6      327.9        0.1
64.8      328.0        0.1
65.0      327.9        0.1
65.2      328.1        0.1
65.4      328.1        0.1
65.6      328.1        0.1
65.8      328.2        0.1
66.0      328.8        0.1
66.2      328.7        0.1
66.4      328.8        0.1
66.6      328.8        0.1
66.8      328.8        0.0
67.0      328.9        0.0
67.2      329.0        0.1
67.4      328.9        0.1
67.6      329.1        0.1
67.8      329.2        0.1
68.0      329.1        0.1
68.2      329.2        0.1
68.4      329.6        0.1
68.6      329.6        0.1
68.8      329.7        0.1
69.0      329.7        0.1
69.2      329.7        0.1
69.4      329.8        0.1
69.6      329.9        0.1
69.8      330.0        0.0
70.0      330.0        0.0
70.2      330.0        0.0
70.4      330.0        0.0
70.6      330.0        0.0
70.8      330.0        0.0
71.0      330.0        0.0
71.2      330.0        0.0
71.4      330.0        0.0
71.6      330.0        0.0
71.8      330.0        0.0
72.0      330.0        0.0
72.2      330.0        0.0
72.4      330.0        0.0
72.6      330.0        0.0
72.8      330.0        0.0
73.0      330.0        0.0
73.2      330.0        0.0
73.4      330.0        0.0
73.6      330.0        0.0
73.8      330.0        0.0
74.0      330.0        0.0
74.2      330.0        0.0
74.4      330.0        0.0
74.6      330.0        0.0
74.8      330.0        0.0
75.0      330.0        0.0
75.2      330.0        0.0
75.4      330.0        0.0
75.6      330.0        0.0
75.8      330.0        0.0
76.0      330.0        0.0
76.2      330.0        0.0
76.4      330.0        0.0
76.6      330.0        0.0
76.8      330.0        0.0
77.0      330.0        0.0
77.2      330.0        0.0
77.4      330.0        0.0
77.6      330.0        0.0
77.8      330.0        0.0
78.0      330.0        0.0
78.2      330.0        0.0
78.4      330.0        0.0
78.6      330.0        0.0
78.8      330.0        0.0
79.0      330.0        0.0
79.2      330.0        0.0
79.4      330.0        0.0
79.6      330.0        0.0
79.8      330.0        0.0
80.0      330.0        0.0
80.2      330.0        0.0
80.4      330.0        0.0
80.6      330.0        0.0
80.8      330.0        0.0
81.0      330.0        0.0
81.2      330.0        0.0
81.4      330.0        0.0
81.6      330.0        0.0
81.8      330.0        0.0
82.0      330.0        0.0
82.2      330.0        0.0
82.4      330.0        0.0
82.6      330.0        0.0
82.8      330.0        0.0
83.0      330.0        0.0
83.2      330.0        0.0
83.4      330.0        0.0
83.6      330.0        0.0
83.8      330.0        0.0
84.0      330.0        0.0
84.2      330.0        0.0
84.4      330.0        0.0
84.6      330.0        0.0
84.8      330.0        0.0
85.0      330.0        0.0
85.2      330.0        0.0
85.4      330.0        0.0
85.6      330.0        0.0
85.8      330.0        0.0
86.0      330.0        0.0
86.2      330.0        0.0
86.4      330.0        0.0
86.6      330.0        0.0
86.8      330.0        0.0
87.0      330.0        0.0
87.2      330.0        0.0
87.4      330.0        0.0
87.6      330.0        0.0
87.8      330.0        0.0
88.0      330.0        0.0
88.2      330.0        0.0
88.4      330.0        0.0
88.6      330.0        0.0
88.8      330.0        0.0
89.0      330.0        0.0
89.2      330.0        0.0
89.4      330.0        0.0
89.6      330.0        0.0
89.8      330.0        0.0
90.0      330.0        0.0
90.2      330.0        0.0
90.4      330.0        0.0
90.6      330.0        0.0
90.8      330.0        0.0
91.0      330.0        0.0
91.2      330.0        0.0
91.4      330.0        0.0
91.6      330.0        0.0
91.8      330.0        0.0
92.0      330.0        0.0
92.2      330.0        0.0
92.4      330.0        0.0
92.6      330.0        0.0
92.8      330.0        0.0
93.0      330.0        0.0
93.2      330.0        0.0
93.4      330.0        0.0
93.6      330.0        0.0
93.8      330.0        0.0
94.0      330.0        0.0
94.2      330.0        0.0
94.4      330.0        0.0
94.6      330.0        0.0
94.8      330.0        0.0
95.0      330.0        0.0
95.2      330.0        0.0
95.4      330.0        0.0
95.6      330.0        0.0
95.8      330.0        0.0
96.0      330.0        0.0
96.2      330.0        0.0
96.4      330.0        0.0
96.6      330.0        0.0
96.8      330.0        0.0
97.0      330.0        0.0
97.2      330.0        0.0
97.4      330.0        0.0
97.6      330.0        0.0
97.8      330.0        0.0
98.0      330.0        0.0
98.2      330.0        0.0
98.4      330.0        0.0
98.6      330.0        0.0
98.8      330.0        0.0
99.0      330.0        0.0
99.2      330.0        0.0
99.4      330.0        0.0
99.6      330.0        0.0
99.8      330.0        0.0
100.0      330.0        0.0
100.2      330.0        0.0
100.4      330.0        0.0
100.6      330.0        0.0
100.8      330.0        0.0
101.0      330.0        0.0
101.2      330.0        0.0
101.4      330.0        0.0
101.6      330.0        0.0
101.8      330.0        0.0
102.0      330.0        0.0
102.2      330.0        0.0
102.4      330.0        0.0
102.6      330.0        0.0
102.8      330.0        0.0
103.0      330.0        0.0
103.2      330.1        0.0
103.4      330.1        0.0
103.6      330.1        0.0
103.8      330.1        0.0
104.0      330.1        0.0
104.2      330.1        0.0
104.4      330.1        0.0
104.6      330.1        0.0
104.8      330.1        0.0
105.0      330.1        0.0
105.2      330.1        0.0
105.4      330.1        0.0
105.6      330.1        0.0
105.8      330.1        0.0
106.0      330.1        0.0
106.2      330.1        0.0
106.4      330.1        0.0
106.6      330.1        0.0
106.8      330.1        0.0
107.0      330.1        0.0
107.2      330.1        0.0
107.4      330.1        0.0
107.6      330.1        0.0
107.8      330.1        0.0
108.0      330.1        0.0
108.2      330.1        0.0
108.4      330.1        0.0
108.6      330.1        0.0
108.8      330.1        0.0
109.0      330.1        0.0
109.2      330.1        0.0
109.4      330.1        0.0
109.6      330.1        0.0
109.8      330.1        0.0
110.0      330.1        0.0
110.2      330.1        0.0
110.4      330.1        0.0
110.6      330.1        0.0
110.8      330.1        0.0
111.0      330.1        0.0
111.2      330.1        0.0
111.4      330.1        0.0
111.6      330.1        0.0
111.8      330.1        0.0
112.0      330.1        0.0
112.2      330.1        0.0
112.4      330.1        0.0
112.6      330.1        0.0
112.8      330.1        0.0
113.0      330.1        0.0
113.2      330.1        0.0
113.4      330.1        0.0
113.6      330.1        0.0
113.8      330.1        0.0
114.0      330.1        0.0
114.2      330.1        0.0
114.4      330.1        0.0
114.6      330.1        0.0
114.8      330.1        0.0
115.0      330.1        0.0
115.2      330.1        0.0
115.4      330.1        0.0
115.6      330.1        0.0
115.8      330.1        0.0
116.0      330.1        0.0
116.2      330.1        0.0
116.4      330.1        0.0
116.6      330.1        0.0
116.8      330.1        0.0
117.0      330.1        0.0
117.2      330.1        0.0
117.4      330.1        0.0
117.6      330.1        0.0
117.8      330.1        0.0
118.0      330.1        0.0
118.2      330.1        0.0
118.4      330.1        0.0
118.6      330.1        0.0
118.8      330.1        0.0
119.0      330.1        0.0
119.2      330.1        0.0
119.4      330.1        0.0
119.6      330.1        0.0
119.8      330.1        0.0
120.0      330.1        0.0
120.2      330.1        0.0
120.4      330.1        0.0
120.6      330.1        0.0
120.8      330.1        0.0
121.0      330.1        0.0
121.2      330.1        0.0
121.4      330.1        0.0
121.6      330.1        0.0
121.8      330.1        0.0
122.0      330.1        0.0
122.2      330.1        0.0
122.4      330.1        0.0
122.6      330.1        0.0
122.8      330.1        0.0
123.0      330.1        0.0
123.2      330.1        0.0
123.4      330.1        0.0
123.6      330.1        0.0
123.8      330.1        0.0
124.0      330.1        0.0
124.2      330.1        0.0
124.4      330.1        0.0
124.6      330.1        0.0
124.8      330.1        0.0
125.0      330.1        0.0
125.2      330.1        0.0
125.4      330.1        0.0
125.6      330.1        0.0
125.8      330.1        0.0
126.0      330.1        0.0
126.2      330.1        0.0
126.4      330.1        0.0
126.6      330.1        0.0
126.8      330.1        0.0
127.0      330.1        0.0
127.2      330.1        0.0
127.4      330.1        0.0
127.6      330.1        0.0
127.8      330.1        0.0
128.0      330.1        0.0
128.2      330.1        0.0
128.4      330.1        0.0
128.6      330.1        0.0
128.8      330.1        0.0
129.0      330.1        0.0
129.2      330.1        0.0
129.4      330.1        0.0
129.6      330.1        0.0
129.8      330.1        0.0
130.0      330.1        0.0
130.2      330.1        0.0
130.4      330.1        0.0
130.6      330.1        0.0
130.8      330.1        0.0
131.0      330.1        0.0
131.2      330.1        0.0
131.4      330.1        0.0
131.6      330.1        0.0
131.8      330.1        0.0
132.0      330.1        0.0
132.2      330.1        0.0
132.4      330.1        0.0
132.6      330.1        0.0
132.8      330.1        0.0
133.0      330.1        0.0
133.2      330.1        0.0
133.4      330.1        0.0
133.6      330.1        0.0
133.8      330.1        0.0
134.0      330.1        0.0
134.2      330.1        0.0
134.4      330.1        0.0
134.6      330.1        0.0
134.8      330.1        0.0
135.0      330.1        0.0
135.2      330.1        0.0
135.4      330.1        0.0
135.6      330.1        0.0
135.8      330.1        0.0
136.0      330.1        0.0
136.2      330.1        0.0
136.4      330.1        0.0
136.6      330.1        0.0
136.8      330.1        0.0
137.0      330.1        0.0
137.2      330.1        0.0
137.4      330.1        0.0
137.6      330.1        0.0
137.8      330.1        0.0
138.0      330.1        0.0
138.2      330.1        0.0
138.4      330.1        0.0
138.6      330.1        0.0
138.8      330.1        0.0
139.0      330.1        0.0
139.2      330.1        0.0
139.4      330.1        0.0
139.6      330.1        0.0
139.8      330.1        0.0
140.0      330.1        0.0
140.2      330.1        0.0
140.4      330.1        0.0
140.6      330.1        0.0
140.8      330.1        0.0
141.0      330.1        0.0
141.2      330.1        0.0
141.4      330.1        0.0
141.6      330.1        0.0
141.8      330.1        0.0
142.0      330.1        0.0
142.2      330.1        0.0
142.4      330.1        0.0
142.6      330.1        0.0
142.8      330.1        0.0
143.0      330.1        0.0
143.2      330.1        0.0
143.4      330.1        0.0
143.6      330.1        0.0
143.8      330.1        0.0
144.0      330.1        0.0
144.2      330.1        0.0
144.4      330.1        0.0
144.6      330.1        0.0
144.8      330.1        0.0
145.0      330.1        0.0
145.2      330.1        0.0
145.4      330.1        0.0
145.6      330.1        0.0
145.8      330.1        0.0
146.0      330.1        0.0
146.2      330.1        0.0
146.4      330.1        0.0
146.6      330.1        0.0
146.8      330.1        0.0
147.0      330.1        0.0
147.2      330.1        0.0
147.4      330.1        0.0
147.6      330.1        0.0
147.8      330.1        0.0
148.0      330.1        0.0
148.2      330.1        0.0
148.4      330.1        0.0
148.6      330.1        0.0
148.8      330.1        0.0
149.0      330.1        0.0
149.2      330.1        0.0
149.4      330.1        0.0
149.6      330.1        0.0
149.8      330.1        0.0
150.0      330.1        0.0
150.2      330.1        0.0
150.4      330.1        0.0
150.6      330.1        0.0
150.8      330.1        0.0
151.0      330.1        0.0
151.2      330.1        0.0
151.4      330.1        0.0
151.6      330.1        0.0
151.8      330.1        0.0
152.0      330.1        0.0
152.2      330.1        0.0
152.4      330.1        0.0
152.6      330.1        0.0
152.8      330.1        0.0
153.0      330.1        0.0
153.2      330.1        0.0
153.4      330.1        0.0
153.6      330.1        0.0
153.8      330.1        0.0
154.0      330.1        0.0
154.2      330.1        0.0
154.4      330.1        0.0
154.6      330.1        0.0
154.8      330.1        0.0
155.0      330.1        0.0
155.2      330.1        0.0
155.4      330.1        0.0
155.6      330.1        0.0
155.8      330.1        0.0
156.0      330.1        0.0
156.2      330.1        0.0
156.4      330.1        0.0
156.6      330.1        0.0
156.8      330.1        0.0
157.0      330.1        0.0
157.2      335.9        0.0
157.4      335.8        0.0
157.6      333.6        0.1
157.8      326.4        0.1
158.0      326.4        0.0
158.2      326.5        0.0
158.4      326.4        0.0
158.6      326.4        0.0
158.8      326.4        0.0
159.0      326.4        0.0
159.2      326.4        0.0
159.4      326.5        0.0
159.6      326.4        0.0
159.8      326.4        0.0
160.0      326.6        0.0
160.2      326.4        0.0
160.4      326.4        0.1
160.6      326.6        0.0
160.8      326.6        0.0
161.0      326.7        0.1
161.2      326.9        0.1
161.4      326.8        0.0
161.6      326.9        0.0
161.8      327.0        0.0
162.0      326.9        0.0
162.2      326.9        0.0
162.4      327.1        0.0
162.6      327.0        0.1
162.8      327.1        0.1
163.0      327.2        0.0
163.2      327.2        0.0
163.4      327.2        0.0
163.6      328.3        0.1
163.8      328.1        0.0
164.0      328.1        0.0
164.2      328.2        0.0
164.4      328.1        0.0
164.6      328.1        0.0
164.8      328.3        0.0
165.0      328.2        0.0
165.2      328.1        0.0
165.4      328.3        0.0
165.6      328.2        0.1
165.8      328.2        0.1
166.0      328.9        0.1
166.2      328.6        0.1
166.4      328.7        0.1
166.6      328.9        0.0
166.8      328.8        0.1
167.0      328.9        0.1
167.2      329.1        0.1
167.4      329.0        0.1
167.6      329.0        0.1
167.8      329.1        0.0
168.0      329.1        0.0
168.2      329.2        0.0
168.4      329.7        0.1
168.6      329.6        0.1
168.8      329.6        0.1
169.0      329.8        0.1
169.2      329.7        0.2
169.4      329.9        0.1
169.6      330.0        0.1
169.8      329.9        0.1
170.0      330.0        0.0
170.2      330.1        0.1
170.4      330.0        0.1
170.6      330.1        0.1
170.8      330.7        0.1
171.0      330.6        0.0
171.2      330.5        0.0
171.4      330.6        0.0
171.6      330.6        0.0
171.8      330.6        0.0
172.0      330.7        0.0
172.2      330.6        0.0
172.4      331.5        8.5
172.6      335.7       22.4
172.8      334.6       25.7
173.0      333.7       21.7
173.2      334.5       16.2
173.4      334.8       10.9
173.6      335.0        8.3
173.8      335.4        8.1
174.0      334.6        6.1
174.2      335.8        3.8
174.4      336.4        3.8
174.6      336.1        2.8
174.8      335.7        2.1
175.0      336.8        2.1
175.2      335.8        2.0
175.4      335.8        2.0
175.6      335.0        1.9
175.8      335.0        1.8
176.0      334.8        1.6
176.2      335.2        2.1
176.4      334.5        2.2
176.6      334.4        1.3
176.8      334.5        2.0
177.0      334.7        2.3
177.2      335.1        1.8
177.4      335.3        1.7
177.6      334.9        1.8
177.8      334.7        1.6
178.0      334.1        1.9
178.2      334.1        2.5
178.4      334.7        1.9
178.6      335.0        1.4
178.8      335.0        1.4
179.0      333.8        1.2
179.2      334.1        0.8
179.4      334.0        1.0
179.6      334.0        1.9
179.8      334.1        2.2
180.0      334.5        1.6
180.2      334.4        1.7
180.4      334.6        2.0
180.6      334.5        1.9
180.8      334.7        1.5
181.0      334.8        1.8
181.2      334.5        1.6
181.4      334.1        1.2
181.6      334.1        1.7
181.8      334.6        2.6
182.0      334.7        3.3
182.2      335.1        2.7
182.4      335.3        1.8
182.6      335.7        1.8
182.8      335.8        2.8
183.0      336.0        4.5
183.2      336.0        3.8
183.4      336.5        2.4
183.6      336.5        2.6
183.8      335.6        2.6
184.0      336.5        2.6
184.2      336.2        3.0
184.4      336.5        3.5
184.6      337.2        4.8
184.8      337.2        5.3
185.0      337.5        4.3
185.2      337.9        3.2
185.4      337.9        4.1
185.6      338.1        9.5
185.8      339.5       18.4
186.0      338.7       23.5
186.2      337.4       16.0
186.4      338.3        9.1
186.6      338.0        7.6
186.8      338.3        5.6
187.0      338.8        5.9
187.2      338.6        6.2
187.4      339.1        6.2
187.6      339.7        5.5
187.8      339.0        5.5
188.0      338.9        6.1
188.2      339.9        5.7
188.4      339.0        5.9
188.6      337.9        5.2
188.8      338.5        3.3
189.0      338.4        2.2
189.2      338.7        2.8
189.4      339.1        4.5
189.6      340.5       12.5
189.8      341.4       20.5
190.0      341.8       15.8
190.2      340.2        6.8
190.4      340.1        3.2
190.6      340.1        2.8
190.8      339.3        2.6
191.0      338.2        2.4
191.2      338.2        1.8
191.4      338.2        1.6
191.6      338.6        1.7
191.8      338.7        1.9
192.0      338.5        1.9
192.2      338.4        1.4
192.4      338.6        1.7
192.6      338.7        2.4
192.8      339.2        2.9
193.0      339.8        3.3
193.2      339.5        2.2
193.4      338.8        2.9
193.6      339.3        4.3
193.8      339.5        3.0
194.0      339.6        2.2
194.2      339.6        2.6
194.4      338.7        3.1
194.6      339.0        3.4
194.8      339.1        2.7
195.0      339.1        1.7
195.2      339.2        1.4
195.4      339.4        1.4
195.6      339.2        1.3
195.8      339.3        1.6
196.0      339.5        1.9
196.2      339.5        1.7
196.4      339.7        1.4
196.6      339.8        3.0
196.8      339.4        4.5
197.0      340.2        3.6
197.2      340.4        2.9
197.4      340.3        2.1
197.6      340.3        1.8
197.8      340.4        2.7
198.0      340.5        4.2
198.2      341.5        5.9
198.4      342.1        6.0
198.6      340.6        4.6
198.8      340.3        3.5
199.0      340.2        2.8
199.2      338.7        2.6
199.4      338.8        2.2
199.6      339.1        1.6
199.8      338.9        1.1
200.0      338.9        1.8
200.2      339.9        2.2
200.4      339.6        1.7
200.6      339.4        1.6
200.8      339.5        1.5
201.0      339.3        1.5
201.2      339.1        1.2
201.4      339.2        0.8
201.6      338.2        0.7
201.8      338.3        1.0
202.0      338.4        1.6
202.2      338.4        1.6
202.4      338.5        1.4
202.6      338.6        1.3
202.8      338.5        0.9
203.0      338.6        0.7
203.2      338.9        1.1
203.4      339.2        1.6
203.6      339.3        1.7
203.8      339.4        1.2
204.0      338.8        1.1
204.2      339.1        1.2
204.4      339.3        1.4
204.6      339.3        1.3
204.8      339.3        1.4
205.0      339.4        1.5
205.2      339.3        1.2
205.4      339.4        1.0
205.6      339.8        1.1
205.8      339.9        1.7
206.0      340.0        1.8
206.2      340.2        1.1
206.4      339.6        0.8
206.6      339.6        1.0
206.8      339.8        1.2
207.0      339.9        1.4
207.2      339.9        1.6
207.4      340.0        1.7
207.6      339.9        1.5
207.8      339.9        1.5
208.0      340.0        1.4
208.2      340.1        1.6
208.4      340.2        1.8
208.6      340.3        1.6
208.8      340.4        1.5
209.0      340.4        1.4
209.2      340.7        1.4
209.4      341.0        1.4
209.6      341.0        1.0
209.8      341.4        1.0
210.0      341.4        1.6
210.2      341.7        2.2
210.4      341.9        2.1
210.6      342.0        1.5
210.8      341.9        1.2
211.0      342.0        1.6
211.2      342.1        1.8
211.4      342.9        1.4
211.6      342.9        1.1
211.8      342.4        1.4
212.0      342.3        1.9
212.2      342.1        1.5
212.4      341.8        1.1
212.6      341.9        1.0
212.8      342.3        0.9
213.0      342.1        0.6
213.2      342.0        0.6
213.4      342.2        0.6
213.6      342.4        0.7
213.8      342.4        0.8
214.0      342.6        0.8
214.2      343.0        1.1
214.4      343.1        1.2
214.6      343.1        1.2
214.8      343.0        1.2
215.0      343.0        1.1
215.2      343.1        1.4
215.4      343.0        1.4
215.6      343.2        1.2
215.8      343.5        0.9
216.0      343.3        0.7
216.2      343.2        0.8
216.4      343.3        1.2
216.6      343.3        1.3
216.8      343.6        1.2
217.0      344.2        0.9
217.2      343.9        0.6
217.4      343.9        1.0
217.6      344.0        1.4
217.8      343.9        1.5
218.0      344.0        1.6
218.2      344.2        1.2
218.4      344.2        1.1
218.6      344.2        0.9
218.8      344.3        0.7
219.0      344.2        0.8
219.2      344.3        0.8
219.4      344.5        0.7
219.6      344.4        0.9
219.8      344.5        0.8
220.0      344.6        0.7
220.2      344.6        0.8
220.4      344.6        0.7
220.6      344.7        0.7
220.8      344.7        0.8
221.0      344.7        1.0
221.2      344.8        1.2
221.4      344.6        1.1
221.6      344.6        0.8
221.8      345.1        0.6
222.0      344.7        0.5
222.2      344.7        0.6
222.4      344.6        0.6
222.6      344.4        0.7
222.8      344.3        0.8
223.0      344.3        0.7
223.2      344.2        0.9
223.4      344.1        1.0
223.6      344.1        1.0
223.8      344.0        1.0
224.0      343.9        0.8
224.2      344.2        0.7
224.4      344.0        0.7
224.6      344.0        0.7
224.8      344.0        0.6
225.0      343.9        0.7
225.2      343.6        0.8
225.4      343.7        0.7
225.6      343.7        0.7
225.8      343.8        0.7
226.0      344.0        0.7
226.2      344.0        0.6
226.4      344.1        0.6
226.6      344.3        0.5
226.8      344.3        0.5
227.0      344.5        0.4
227.2      344.7        0.4
227.4      344.7        0.4
227.6      345.0        0.8
227.8      345.1        1.0
228.0      345.0        1.0
228.2      345.0        0.9
228.4      345.2        0.8
228.6      345.0        0.6
228.8      345.0        0.5
229.0      345.1        0.6
229.2      344.9        1.0
229.4      345.1        1.1
229.6      345.2        0.7
229.8      345.0        0.5
230.0      345.1        0.6
230.2      345.2        0.6
230.4      345.2        0.6
230.6      345.2        0.5
230.8      345.4        0.6
231.0      345.3        0.8
231.2      345.4        0.7
231.4      345.5        0.6
231.6      345.2        0.5
231.8      345.2        0.4
232.0      345.3        0.5
232.2      345.2        0.8
232.4      345.3        0.8
232.6      345.3        0.6
232.8      345.3        0.7
233.0      345.6        0.6
233.2      345.8        0.4
233.4      345.6        0.3
233.6      345.6        0.3
233.8      345.7        0.3
234.0      345.8        0.5
234.2      345.8        0.7
234.4      345.9        0.6
234.6      346.0        0.7
234.8      346.2        0.8
235.0      346.3        0.6
235.2      346.2        0.4
235.4      346.2        0.4
235.6      346.3        0.6
235.8      346.3        0.5
236.0      346.3        0.3
236.2      346.4        0.4
236.4      346.4        0.5
236.6      346.5        0.6
236.8      346.6        0.5
237.0      346.6        0.3
237.2      346.8        0.3
237.4      346.9        0.3
237.6      347.0        0.4
237.8      347.2        0.6
238.0      347.4        0.7
238.2      347.4        0.5
238.4      347.5        0.4
238.6      347.6        0.4
238.8      347.7        0.4
239.0      347.7        0.3
239.2      347.8        0.6
239.4      347.8        0.8
239.6      348.0        0.5
239.8      348.1        0.5
240.0      348.0        0.4
240.2      348.0        0.4
240.4      348.0        0.4
240.6      348.1        0.5
240.8      348.1        0.3
241.0      348.1        0.3
241.2      348.1        0.5
241.4      348.2        0.4
241.6      348.3        0.4
241.8      348.3        0.4
242.0      348.3        0.4
242.2      348.4        0.2
242.4      348.5        0.2
242.6      348.5        0.5
242.8      348.7        0.5
243.0      348.7        0.3
243.2      348.8        0.4
243.4      348.9        0.3
243.6      349.0        0.3
243.8      349.1        0.3
244.0      349.3        0.4
244.2      349.4        0.4
244.4      349.4        0.4
244.6      349.6        0.4
244.8      349.7        0.6
245.0      349.8        0.7
245.2      350.0        0.6
245.4      350.0        0.4
245.6      350.1        0.4
245.8      350.2        0.3
246.0      350.4        0.4
246.2      350.5        0.5
246.4      350.6        0.4
246.6      350.7        0.3
246.8      350.9        0.3
247.0      351.3        0.4
247.2      351.4        0.3
247.4      351.4        0.2
247.6      351.6        0.3
247.8      351.5        0.4
248.0      351.6        0.4
248.2      351.8        0.4
248.4      351.8        0.3
248.6      351.9        0.3
248.8      352.1        0.3
249.0      352.2        0.5
249.2      352.2        0.6
249.4      352.5        0.8
249.6      352.6        0.8
249.8      352.5        0.5
250.0      352.7        0.4
250.2      352.7        0.5
250.4      352.7        0.5
250.6      352.8        0.4
250.8      352.8        0.5
251.0      352.8        0.6
251.2      353.0        0.5
251.4      353.0        0.4
251.6      353.0        0.4
251.8      353.2        0.3
252.0      353.2        0.3
252.2      353.2        0.3
252.4      353.3        0.3
252.6      353.2        0.4
252.8      353.2        0.4
253.0      353.4        0.5
253.2      353.5        0.4
253.4      353.5        0.4
253.6      353.7        0.4
253.8      353.7        0.4
254.0      353.8        0.4
254.2      354.0        0.5
254.4      354.0        0.5
254.6      354.0        0.4
254.8      354.1        0.3
255.0      354.0        0.3
255.2      354.0        0.3
255.4      354.0        0.7
255.6      354.0        0.7
255.8      354.0        0.4
256.0      355.0        0.6
256.2      354.9        0.7
256.4      354.9        0.5
256.6      355.0        0.3
256.8      355.0        0.3
257.0      354.9        0.2
257.2      355.1        0.2
257.4      355.0        0.3
257.6      355.0        0.3
257.8      355.2        0.3
258.0      355.1        0.3
258.2      355.1        0.3
258.4      355.6        0.4
258.6      355.5        0.5
258.8      355.5        0.4
259.0      355.7        0.3
259.2      355.6        0.2
259.4      355.7        0.2
259.6      355.8        0.3
259.8      355.8        0.3
260.0      355.9        0.3
260.2      356.0        0.3
260.4      356.0        0.4
260.6      355.9        0.3
260.8      356.7        0.3
261.0      356.5        0.2
261.2      356.5        0.2
261.4      356.6        0.3
261.6      356.5        0.3
261.8      356.5        0.3
262.0      356.7        0.4
262.2      356.8        0.4
262.4      356.8        0.4
262.6      356.9        0.6
262.8      356.9        0.6
263.0      357.0        0.4
263.2      357.3        0.3
263.4      357.2        0.3
263.6      357.2        0.3
263.8      357.4        0.3
264.0      357.4        0.4
264.2      357.4        0.4
264.4      357.5        0.4
264.6      357.5        0.3
264.8      357.5        0.3
265.0      357.7        0.2
265.2      357.6        0.2
265.4      357.6        0.2
265.6      358.2        0.2
265.8      358.0        0.3
266.0      358.1        0.2
266.2      358.2        0.2
266.4      358.1        0.4
266.6      358.1        0.5
266.8      358.2        0.3
267.0      358.2        0.2
267.2      358.2        0.2
267.4      358.3        0.4
267.6      358.2        0.4
267.8      358.3        0.3
268.0      358.8        0.3
268.2      358.7        0.4
268.4      358.8        0.4
268.6      358.8        0.3
268.8      358.7        0.3
269.0      358.8        0.2
269.2      358.8        0.2
269.4      358.8        0.2
269.6      358.9        0.3
269.8      359.0        0.2
270.0      358.9        0.2
270.2      359.0        0.2
270.4      359.5        0.3
270.6      359.4        0.3
270.8      359.4        0.3
271.0      359.5        0.4
271.2      359.5        0.4
271.4      359.5        0.2
271.6      359.6        0.1
271.8      359.6        0.3
272.0      359.7        0.4
272.2      359.8        0.3
272.4      359.7        0.2
272.6      359.8        0.2
272.8      359.9        0.2
273.0      359.8        0.2
273.2      359.9        0.2
273.4      360.0        0.1
273.6      360.0        0.1
273.8      360.2        0.2
274.0      360.3        0.2
274.2      331.0        0.1
274.4      330.4        0.1
274.6      330.3        0.1
274.8      330.0        0.1
275.0      329.6        0.1
275.2      329.6        0.2
275.4      329.5        0.1
275.6      329.5        0.2
275.8      329.5        0.2
276.0      329.5        0.1
276.2      329.5        0.1
276.4      329.5        0.1
276.6      329.3        0.1
276.8      329.4        0.2
277.0      329.6        0.2
277.2      329.6        0.1
277.4      329.7        0.1
277.6      329.8        0.1
277.8      329.8        0.2
278.0      329.8        0.2
278.2      329.9        0.1
278.4      329.9        0.2
278.6      330.0        0.2
278.8      330.1        0.1
279.0      330.1        0.3
279.2      330.2        0.4
279.4      330.3        0.3
279.6      330.3        0.2
279.8      330.3        0.1
280.0      330.4        0.1
280.2      330.3        0.1
280.4      330.4        0.1
280.6      330.5        0.1
280.8      330.5        0.1
281.0      330.6        0.1
281.2      330.6        0.1
281.4      330.6        0.1
281.6      330.7        0.1
281.8      330.8        0.1
282.0      330.8        0.1
282.2      330.8        0.2
282.4      330.9        0.1
282.6      330.9        0.1
282.8      331.0        0.1
283.0      331.1        0.1
283.2      331.1        0.1
283.4      331.3        0.1
283.6      331.3        0.1
283.8      331.2        0.1
284.0      331.2        0.1
284.2      331.3        0.1
284.4      331.4        0.1
284.6      331.4        0.1
284.8      331.5        0.1
285.0      331.4        0.1
285.2      331.4        0.1
285.4      331.5        0.1
285.6      331.5        0.1
285.8      331.8        0.1
286.0      331.8        0.1
286.2      331.8        0.1
286.4      331.8        0.1
286.6      331.8        0.1
286.8      331.9        0.1
287.0      331.9        0.1
287.2      332.0        0.1
287.4      332.0        0.1
287.6      332.2        0.1
287.8      332.3        0.1
288.0      332.2        0.1
288.2      332.3        0.1
288.4      332.4        0.1
288.6      332.3        0.1
288.8      332.3        0.1
289.0      332.5        0.1
289.2      332.7        0.1
289.4      332.7        0.1
289.6      332.8        0.1
289.8      332.7        0.1
290.0      332.7        0.1
290.2      332.8        0.1
290.4      332.8        0.1
290.6      332.8        0.1
290.8      333.0        0.1
291.0      333.0        0.1
291.2      333.1        0.1
291.4      333.2        0.1
291.6      333.3        0.1
291.8      333.3        0.1
292.0      333.4        0.1
292.2      333.3        0.1
292.4      333.5        0.1
292.6      333.6        0.1
292.8      333.7        0.1
293.0      333.8        0.1
293.2      334.0        0.1
293.4      334.0        0.1
293.6      334.1        0.1
293.8      334.3        0.1
294.0      334.4        0.1
294.2      334.5        0.1
294.4      334.5        0.1
294.6      334.5        0.1
294.8      334.5        0.1
295.0      334.8        0.1
295.2      335.1        0.1
295.4      335.2        0.1
295.6      335.4        0.2
295.8      335.3        0.1
296.0      335.4        0.1
296.2      335.6        0.1
296.4      335.6        0.1
296.6      335.6        0.1
296.8      335.7        0.1
297.0      335.7        0.1
297.2      335.7        0.1
297.4      335.9        0.1
297.6      335.9        0.1
297.8      336.0        0.1
298.0      336.1        0.1
298.2      336.0        0.1
298.4      336.1        0.1
298.6      336.3        0.1
298.8      336.1        0.1
299.0      336.2        0.1
299.2      336.3        0.1
299.4      336.4        0.1
299.6      336.4        0.1
299.8      336.6        0.1
300.0      336.6        0.1
300.2      336.6        0.2
300.4      336.8        0.1
300.6      336.7        0.1
300.8      336.8        0.1
301.0      336.9        0.1
301.2      337.1        0.1
301.4      337.1        0.1
301.6      337.2        0.1
301.8      337.2        0.1
302.0      337.2        0.1
302.2      337.9        0.1
302.4      337.7        0.1
302.6      337.7        0.1
302.8      337.8        0.1
303.0      337.7        0.1
303.2      337.7        0.1
303.4      337.9        0.0
303.6      337.9        0.0
303.8      337.9        0.1
304.0      338.0        0.2
304.2      350.1        0.1
304.4      350.5        0.1
304.6      352.9        0.2
304.8      352.8        0.2
305.0      352.8        0.1
305.2      352.8        0.2
305.4      352.9        0.2
305.6      353.0        0.1
305.8      353.1        0.2
306.0      353.3        0.2
306.2      353.2        0.2
306.4      353.2        0.2
306.6      353.3        0.2
306.8      353.3        0.2
307.0      353.9        0.2
307.2      354.0        0.1
307.4      354.0        0.3
307.6      354.1        0.3
307.8      354.2        0.2
308.0      354.2        0.2
308.2      354.3        0.2
308.4      354.3        0.2
308.6      354.3        0.3
308.8      354.4        0.2
309.0      354.4        0.2
309.2      354.3        0.2
309.4      354.9        0.2
309.6      354.9        0.2
309.8      354.8        0.2
310.0      354.9        0.2
310.2      355.0        0.1
310.4      354.9        0.2
310.6      355.0        0.2
310.8      355.0        0.2
311.0      355.0        0.2
311.2      355.0        0.2
311.4      355.0        0.2
311.6      355.1        0.2
311.8      355.5        0.1
312.0      355.5        0.1
312.2      355.4        0.2
312.4      355.6        0.2
312.6      355.7        0.2
312.8      355.8        0.2
313.0      355.8        0.2
313.2      355.9        0.2
313.4      355.9        0.2
313.6      356.0        0.2
313.8      355.9        0.2
314.0      355.9        0.2
314.2      356.2        0.2
314.4      356.2        0.2
314.6      356.2        0.2
314.8      356.3        0.1
315.0      356.4        0.2
315.2      356.4        0.2
315.4      356.5        0.2
315.6      356.6        0.2
315.8      356.6        0.2
316.0      356.7        0.2
316.2      356.7        0.2
316.4      356.7        0.2
316.6      357.3        0.2
316.8      357.3        0.2
317.0      357.3        0.2
317.2      357.4        0.2
317.4      357.4        0.1
317.6      357.3        0.2
317.8      357.3        0.2
318.0      357.3        0.2
318.2      357.3        0.2
318.4      357.4        0.2
318.6      357.4        0.1
318.8      357.4        0.1
319.0      357.6        0.2
319.2      357.7        0.2
319.4      357.7        0.2
319.6      357.8        0.2
319.8      357.9        0.1
320.0      357.8        0.1
320.2      357.8        0.1
320.4      357.9        0.2
320.6      357.9        0.2
320.8      358.0        0.2
321.0      358.1        0.2
321.2      358.1        0.2
321.4      358.2        0.1
321.6      358.4        0.1
321.8      358.4        0.1
322.0      358.5        0.1
322.2      358.6        0.1
322.4      358.5        0.1
322.6      358.6        0.1
322.8      358.6        0.1
323.0      358.6        0.2
323.2      358.6        0.2
323.4      358.7        0.2
323.6      358.8        0.1
323.8      358.9        0.2
324.0      359.0        0.2
324.2      359.0        0.1
324.4      359.1        0.1
324.6      359.2        0.1
324.8      359.2        0.1
325.0      359.2        0.2
325.2      359.3        0.1
325.4      359.3        0.2
325.6      359.4        0.2
325.8      359.3        0.1
326.0      359.4        0.1
326.2      359.4        0.1
326.4      359.4        0.2
326.6      359.3        0.2
326.8      359.3        0.1
