0.000000000000      257.9
0.100000000000      258.0
0.200000000000      258.1
0.300000000000      258.2
0.400000000000      258.2
0.500000000000      258.3
0.600000000000      258.5
0.700000000000      258.5
0.800000000000      258.6
0.900000000000      258.7
1.000000000000      258.8
1.100000000000      258.9
1.200000000000      258.5
1.300000000000      258.5
1.400000000000      258.4
1.500000000000      258.2
1.600000000000      258.1
1.700000000000      258.1
1.800000000000      257.8
1.900000000000      254.9
2.000000000000      254.5
2.100000000000      254.1
2.200000000000      253.9
2.300000000000      253.7
2.400000000000      252.8
2.500000000000      252.5
2.600000000000      252.4
2.700000000000      252.2
2.800000000000      252.1
2.900000000000      252.1
3.000000000000      252.1
3.100000000000      251.9
3.200000000000      252.1
3.300000000000      252.3
3.400000000000      252.8
3.500000000000      252.9
3.600000000000      254.6
3.700000000000      255.1
3.800000000000      255.5
3.900000000000      256.0
4.000000000000      256.2
4.100000000000      256.3
4.200000000000      256.5
4.300000000000      257.2
4.400000000000      257.6
4.500000000000      258.2
4.600000000000      258.6
4.700000000000      258.9
4.800000000000      261.3
4.900000000000      261.4
5.000000000000      262.3
5.100000000000      262.6
5.200000000000      262.8
5.300000000000      263.1
5.400000000000      263.6
5.500000000000      264.1
5.600000000000      264.2
5.700000000000      264.8
5.800000000000      265.4
5.900000000000      266.1
6.000000000000      268.4
6.100000000000      268.7
6.200000000000      269.1
6.300000000000      269.5
6.400000000000      269.9
6.500000000000      269.9
6.600000000000      270.2
6.700000000000      270.1
6.800000000000      270.3
6.900000000000      270.4
7.000000000000      270.4
7.100000000000      270.6
7.200000000000      271.8
7.300000000000      271.8
7.400000000000      271.8
7.500000000000      271.8
7.600000000000      271.9
7.700000000000      271.9
7.800000000000      271.9
7.900000000000      271.9
8.000000000000      271.8
8.100000000000      271.9
8.200000000000      271.9
8.300000000000      271.9
8.400000000000      271.7
8.500000000000      271.4
8.600000000000      271.4
8.700000000000      271.3
8.800000000000      271.1
8.900000000000      270.8
9.000000000000      270.4
9.100000000000      270.4
9.200000000000      270.4
9.300000000000      270.5
9.400000000000      270.8
9.500000000000      271.1
9.600000000000      270.7
9.700000000000      271.0
9.800000000000      271.2
9.900000000000      271.2
10.000000000000      270.9
10.100000000000      270.9
10.200000000000      270.8
10.300000000000      270.8
10.400000000000      270.8
10.500000000000      270.6
10.600000000000      270.6
10.700000000000      270.4
10.800000000000      270.3
10.900000000000      270.2
11.000000000000      270.2
11.100000000000      270.1
11.200000000000      269.9
11.300000000000      269.8
11.400000000000      269.9
11.500000000000      269.7
11.600000000000      269.5
11.700000000000      269.4
11.800000000000      269.4
11.900000000000      269.4
12.000000000000      268.6
12.100000000000      268.5
12.200000000000      268.4
12.300000000000      268.4
12.400000000000      268.3
12.500000000000      268.0
12.600000000000      267.9
12.700000000000      267.8
12.800000000000      267.8
12.900000000000      267.5
13.000000000000      267.4
13.100000000000      267.4
13.200000000000      266.5
13.300000000000      266.3
13.400000000000      266.2
13.500000000000      266.0
13.600000000000      266.0
13.700000000000      266.1
13.800000000000      266.1
13.900000000000      265.9
14.000000000000      265.9
14.100000000000      265.9
14.200000000000      265.8
14.300000000000      266.0
14.400000000000      266.6
14.500000000000      266.6
14.600000000000      266.6
14.700000000000      266.6
14.800000000000      266.5
14.900000000000      266.5
15.000000000000      266.8
15.100000000000      266.9
15.200000000000      266.9
15.300000000000      267.0
15.400000000000      267.0
15.500000000000      266.7
15.600000000000      266.3
15.700000000000      266.3
15.800000000000      266.1
15.900000000000      266.0
16.000000000000      265.9
16.100000000000      265.8
16.200000000000      265.5
16.300000000000      265.3
16.400000000000      265.2
16.500000000000      264.8
16.600000000000      264.5
16.700000000000      264.3
16.800000000000      262.5
16.900000000000      262.4
17.000000000000      262.3
17.100000000000      262.2
17.200000000000      262.2
17.300000000000      262.1
17.400000000000      261.9
17.500000000000      261.7
17.600000000000      261.4
17.700000000000      261.2
17.800000000000      260.9
17.900000000000      260.6
18.000000000000      257.7
18.100000000000      257.5
18.200000000000      257.5
18.300000000000      257.4
18.400000000000      257.0
18.500000000000      256.9
18.600000000000      256.6
18.700000000000      256.4
18.800000000000      256.1
18.900000000000      255.9
19.000000000000      255.5
19.100000000000      254.9
19.200000000000      252.2
19.300000000000      252.1
19.400000000000      251.9
19.500000000000      251.6
19.600000000000      251.4
19.700000000000      251.3
19.800000000000      251.1
19.900000000000      250.9
20.000000000000      250.1
20.100000000000      249.7
20.200000000000      249.4
20.300000000000      249.0
20.400000000000      247.7
20.500000000000      247.4
20.600000000000      247.4
20.700000000000      247.3
20.800000000000      247.0
20.900000000000      246.7
21.000000000000      246.4
21.100000000000      245.9
21.200000000000      245.4
21.300000000000      245.2
21.400000000000      244.8
21.500000000000      244.6
21.600000000000      242.1
21.700000000000      241.8
21.800000000000      241.7
21.900000000000      241.5
22.000000000000      241.5
22.100000000000      241.3
22.200000000000      241.3
22.300000000000      241.0
22.400000000000      240.8
22.500000000000      240.3
22.600000000000      240.2
22.700000000000      239.8
22.800000000000      238.2
22.900000000000      238.0
23.000000000000      237.9
23.100000000000      237.8
23.200000000000      237.7
23.300000000000      237.5
23.400000000000      237.5
23.500000000000      237.3
23.600000000000      237.2
23.700000000000      236.8
23.800000000000      236.7
23.900000000000      236.6
24.000000000000      234.5
24.100000000000      234.4
24.200000000000      234.3
24.300000000000      234.2
24.400000000000      234.3
24.500000000000      234.3
24.600000000000      234.3
24.700000000000      234.2
24.800000000000      234.3
24.900000000000      234.3
25.000000000000      233.7
25.100000000000      233.7
25.200000000000      232.8
25.300000000000      232.8
25.400000000000      232.8
25.500000000000      232.7
25.600000000000      232.5
25.700000000000      232.4
25.800000000000      232.4
25.900000000000      232.2
26.000000000000      232.3
26.100000000000      232.2
26.200000000000      232.0
26.300000000000      231.9
26.400000000000      230.2
26.500000000000      230.1
26.600000000000      230.1
26.700000000000      230.1
26.800000000000      230.2
26.900000000000      230.1
27.000000000000      229.9
27.100000000000      230.0
27.200000000000      230.0
27.300000000000      230.0
27.400000000000      230.0
27.500000000000      230.1
27.600000000000      224.0
27.700000000000      223.9
27.800000000000      223.9
27.900000000000      223.9
28.000000000000      223.9
28.100000000000      224.2
28.200000000000      224.3
28.300000000000      223.8
28.400000000000      223.8
28.500000000000      223.5
28.600000000000      223.1
28.700000000000      222.9
28.800000000000      222.8
28.900000000000      223.3
29.000000000000      223.4
29.100000000000      222.5
29.200000000000      222.2
29.300000000000      221.4
29.400000000000      220.2
29.500000000000      219.8
29.600000000000      219.9
29.700000000000      219.9
29.800000000000      220.1
29.900000000000      220.3
30.000000000000      219.8
30.100000000000      220.1
30.200000000000      220.4
30.300000000000      220.6
30.400000000000      220.9
30.500000000000      221.2
30.600000000000      221.5
30.700000000000      221.9
30.800000000000      222.2
30.900000000000      222.4
31.000000000000      222.5
31.100000000000      222.6
31.200000000000      223.6
31.300000000000      223.8
31.400000000000      224.0
31.500000000000      224.3
31.600000000000      224.5
31.700000000000      224.9
31.800000000000      225.1
31.900000000000      225.4
32.000000000000      225.7
32.100000000000      226.4
32.200000000000      227.6
32.300000000000      228.2
32.400000000000      229.7
32.500000000000      229.9
32.600000000000      229.6
32.700000000000      229.5
32.800000000000      229.9
32.900000000000      230.5
33.000000000000      231.0
33.100000000000      231.5
33.200000000000      232.5
33.300000000000      232.9
33.400000000000      233.6
33.500000000000      233.9
33.600000000000      235.5
33.700000000000      235.8
33.800000000000      236.3
33.900000000000      236.5
34.000000000000      236.6
34.100000000000      237.0
34.200000000000      237.0
34.300000000000      237.2
34.400000000000      237.7
34.500000000000      237.9
34.600000000000      238.0
34.700000000000      238.3
34.800000000000      239.2
34.900000000000      238.9
35.000000000000      239.0
35.100000000000      238.3
35.200000000000      238.3
35.300000000000      238.5
35.400000000000      238.4
35.500000000000      238.4
35.600000000000      238.4
35.700000000000      238.4
35.800000000000      238.3
35.900000000000      238.5
36.000000000000      238.7
36.100000000000      238.8
36.200000000000      238.9
36.300000000000      239.0
36.400000000000      239.1
36.500000000000      239.2
36.600000000000      239.3
36.700000000000      239.3
36.800000000000      239.4
36.900000000000      239.6
37.000000000000      239.8
37.100000000000      240.0
37.200000000000      240.8
37.300000000000      241.0
37.400000000000      240.6
37.500000000000      240.4
37.600000000000      240.4
37.700000000000      240.0
37.800000000000      239.4
37.900000000000      239.0
38.000000000000      238.8
38.100000000000      238.7
38.200000000000      238.6
38.300000000000      238.4
38.400000000000      236.8
38.500000000000      236.7
38.600000000000      236.7
38.700000000000      236.6
38.800000000000      236.5
38.900000000000      236.3
39.000000000000      236.2
39.100000000000      236.0
39.200000000000      235.9
39.300000000000      235.7
39.400000000000      235.9
39.500000000000      236.0
39.600000000000      234.9
39.700000000000      234.8
39.800000000000      234.8
39.900000000000      234.8
40.000000000000      234.6
40.100000000000      234.8
40.200000000000      234.7
40.300000000000      234.7
40.400000000000      234.6
40.500000000000      234.7
40.600000000000      234.8
40.700000000000      235.0
40.800000000000      236.4
40.900000000000      236.6
41.000000000000      236.7
41.100000000000      236.9
41.200000000000      237.3
41.300000000000      237.5
41.400000000000      237.8
41.500000000000      238.3
41.600000000000      238.5
41.700000000000      238.8
41.800000000000      239.8
41.900000000000      240.2
42.000000000000      242.2
42.100000000000      242.5
42.200000000000      242.8
42.300000000000      242.8
42.400000000000      243.1
42.500000000000      243.4
42.600000000000      243.7
42.700000000000      243.9
42.800000000000      244.2
42.900000000000      244.0
43.000000000000      242.9
43.100000000000      242.8
43.200000000000      241.8
43.300000000000      242.0
43.400000000000      242.3
43.500000000000      242.9
43.600000000000      243.0
43.700000000000      243.6
43.800000000000      243.3
43.900000000000      240.3
44.000000000000      240.2
44.100000000000      240.4
44.200000000000      241.3
44.300000000000      242.5
44.400000000000      245.2
44.500000000000      244.9
44.600000000000      243.8
44.700000000000      242.8
44.800000000000      243.3
44.900000000000      244.6
45.000000000000      246.1
45.100000000000      245.4
45.200000000000      239.0
45.300000000000      239.0
45.400000000000      241.6
45.500000000000      246.3
45.600000000000      247.2
45.700000000000      249.0
45.800000000000      249.7
45.900000000000      258.1
46.000000000000      263.0
46.100000000000      276.6
46.200000000000      278.6
46.300000000000      283.9
46.400000000000      293.6
46.500000000000      295.0
46.600000000000      310.1
46.700000000000      310.2
46.800000000000      317.3
46.900000000000      320.2
47.000000000000      340.5
47.100000000000      343.3
47.200000000000      349.1
47.300000000000      343.3
47.400000000000      337.0
47.500000000000      286.2
47.600000000000      289.2
47.700000000000      282.2
47.800000000000      288.4
47.900000000000      322.1
48.000000000000      373.7
48.100000000000      416.5
48.200000000000      463.0
48.300000000000      416.4
48.400000000000      444.7
48.500000000000      482.2
48.600000000000      510.5
48.700000000000      517.3
48.800000000000      578.1
48.900000000000      605.0
49.000000000000      634.3
49.100000000000      655.5
49.200000000000      671.7
49.300000000000      678.8
49.400000000000      685.7
49.500000000000      691.3
49.600000000000      692.4
49.700000000000      685.8
49.800000000000      680.5
49.900000000000      663.4
50.000000000000      631.9
50.100000000000      577.7
50.200000000000      473.3
50.300000000000      389.4
50.400000000000      319.4
50.500000000000      285.8
50.600000000000      286.8
50.700000000000      296.8
50.800000000000      269.4
50.900000000000      228.9
51.000000000000      143.8
51.100000000000       79.5
51.200000000000       61.5
51.300000000000       28.8
51.400000000000      341.2
51.500000000000      354.5
51.600000000000      341.0
51.700000000000      325.6
51.800000000000      309.9
51.900000000000      291.6
52.000000000000      289.6
52.100000000000      275.2
52.200000000000      268.3
52.300000000000      259.7
52.400000000000      257.3
52.500000000000      250.8
52.600000000000      253.7
52.700000000000      255.9
52.800000000000      256.2
52.900000000000      255.4
53.000000000000      254.5
53.100000000000      252.5
53.200000000000      251.3
53.300000000000      251.2
53.400000000000      251.1
53.500000000000      249.9
53.600000000000      248.4
53.700000000000      247.9
53.800000000000      249.0
53.900000000000      249.1
54.000000000000      248.6
54.100000000000      248.7
54.200000000000      248.8
54.300000000000      248.8
54.400000000000      248.9
54.500000000000      248.9
54.600000000000      248.9
54.700000000000      249.0
54.800000000000      248.5
54.900000000000      248.1
55.000000000000      247.7
55.100000000000      247.1
55.200000000000      244.9
55.300000000000      244.9
55.400000000000      245.0
55.500000000000      244.8
55.600000000000      245.0
55.700000000000      245.2
55.800000000000      244.9
55.900000000000      244.8
56.000000000000      244.1
56.100000000000      243.8
56.200000000000      244.0
56.300000000000      244.1
56.400000000000      243.5
56.500000000000      243.6
56.600000000000      243.3
56.700000000000      243.2
56.800000000000      243.0
56.900000000000      242.5
57.000000000000      242.1
57.100000000000      242.1
57.200000000000      242.2
57.300000000000      242.2
57.400000000000      242.3
57.500000000000      242.6
57.600000000000      241.9
57.700000000000      242.1
57.800000000000      242.2
57.900000000000      242.3
58.000000000000      242.5
58.100000000000      242.7
58.200000000000      242.8
58.300000000000      243.1
58.400000000000      243.4
58.500000000000      243.5
58.600000000000      243.7
58.700000000000      243.9
58.800000000000      244.0
58.900000000000      244.5
59.000000000000      244.8
59.100000000000      245.0
59.200000000000      245.5
59.300000000000      245.5
59.400000000000      245.5
59.500000000000      245.4
59.600000000000      244.6
59.700000000000      243.9
59.800000000000      243.2
59.900000000000      242.9
60.000000000000      243.8
60.100000000000      244.1
60.200000000000      244.3
60.300000000000      244.2
60.400000000000      244.2
60.500000000000      244.3
60.600000000000      244.4
60.700000000000      244.5
60.800000000000      244.7
60.900000000000      244.8
61.000000000000      245.1
61.100000000000      245.2
61.200000000000      245.8
61.300000000000      245.9
61.400000000000      246.1
61.500000000000      246.3
61.600000000000      246.5
61.700000000000      246.6
61.800000000000      246.9
61.900000000000      247.5
62.000000000000      247.6
62.100000000000      247.7
62.200000000000      248.2
62.300000000000      248.6
62.400000000000      249.6
62.500000000000      249.8
62.600000000000      250.0
62.700000000000      250.2
62.800000000000      250.4
62.900000000000      250.5
63.000000000000      250.7
63.100000000000      250.9
63.200000000000      251.0
63.300000000000      250.9
63.400000000000      250.8
63.500000000000      251.0
63.600000000000      251.3
63.700000000000      251.3
63.800000000000      251.4
63.900000000000      251.5
64.000000000000      251.6
64.100000000000      251.9
64.200000000000      252.2
64.300000000000      252.4
64.400000000000      252.6
64.500000000000      252.7
64.600000000000      252.9
64.700000000000      253.0
64.800000000000      253.5
64.900000000000      253.3
65.000000000000      253.7
65.100000000000      253.8
65.200000000000      253.9
65.300000000000      253.9
65.400000000000      253.9
65.500000000000      254.0
65.600000000000      254.2
65.700000000000      254.3
65.800000000000      254.4
65.900000000000      254.7
66.000000000000      255.1
66.100000000000      254.8
66.200000000000      254.5
66.300000000000      254.4
66.400000000000      254.0
66.500000000000      253.3
66.600000000000      253.0
66.700000000000      252.9
66.800000000000      253.0
66.900000000000      253.0
67.000000000000      253.0
67.100000000000      252.9
67.200000000000      252.4
67.300000000000      252.4
67.400000000000      252.5
67.500000000000      252.4
67.600000000000      252.4
67.700000000000      252.4
67.800000000000      252.5
67.900000000000      252.3
68.000000000000      252.4
68.100000000000      252.5
68.200000000000      252.5
68.300000000000      252.6
68.400000000000      252.7
68.500000000000      252.6
68.600000000000      252.6
68.700000000000      252.6
68.800000000000      252.7
68.900000000000      252.7
69.000000000000      252.6
69.100000000000      252.6
69.200000000000      252.7
69.300000000000      252.7
69.400000000000      252.7
69.500000000000      252.7
69.600000000000      252.4
69.700000000000      252.4
69.800000000000      252.4
69.900000000000      252.4
70.000000000000      252.1
70.100000000000      252.2
70.200000000000      252.3
70.300000000000      252.3
70.400000000000      252.3
70.500000000000      252.3
70.600000000000      252.4
70.700000000000      252.4
70.800000000000      252.2
70.900000000000      252.1
71.000000000000      252.2
71.100000000000      252.3
71.200000000000      252.4
71.300000000000      252.4
71.400000000000      252.5
71.500000000000      252.6
71.600000000000      252.7
71.700000000000      252.8
71.800000000000      252.8
71.900000000000      252.9
72.000000000000      253.2
72.100000000000      253.3
72.200000000000      253.4
72.300000000000      253.4
72.400000000000      253.5
72.500000000000      253.6
72.600000000000      253.7
72.700000000000      253.9
72.800000000000      254.3
72.900000000000      254.5
73.000000000000      254.6
73.100000000000      254.8
73.200000000000      254.8
73.300000000000      255.1
73.400000000000      255.6
73.500000000000      255.8
73.600000000000      255.7
73.700000000000      255.8
73.800000000000      255.6
73.900000000000      255.3
74.000000000000      254.9
74.100000000000      254.5
74.200000000000      254.2
74.300000000000      254.3
74.400000000000      254.4
74.500000000000      254.5
74.600000000000      254.7
74.700000000000      254.8
74.800000000000      254.8
74.900000000000      255.0
75.000000000000      255.1
75.100000000000      255.5
75.200000000000      255.8
75.300000000000      256.1
75.400000000000      256.1
75.500000000000      256.2
75.600000000000      257.2
75.700000000000      257.5
75.800000000000      257.7
75.900000000000      257.8
76.000000000000      258.0
76.100000000000      258.3
76.200000000000      258.5
76.300000000000      258.1
76.400000000000      258.0
76.500000000000      257.9
76.600000000000      257.5
76.700000000000      256.7
76.800000000000      256.1
76.900000000000      255.1
77.000000000000      254.9
77.100000000000      254.8
77.200000000000      254.8
77.300000000000      254.8
77.400000000000      254.8
77.500000000000      254.8
77.600000000000      254.7
77.700000000000      254.7
77.800000000000      254.7
77.900000000000      254.6
78.000000000000      253.7
78.100000000000      253.7
78.200000000000      253.8
78.300000000000      253.7
78.400000000000      253.7
78.500000000000      253.7
78.600000000000      253.7
78.700000000000      253.7
78.800000000000      253.7
78.900000000000      253.7
79.000000000000      253.7
79.100000000000      253.7
79.200000000000      252.6
79.300000000000      252.6
79.400000000000      252.6
79.500000000000      252.5
79.600000000000      252.5
79.700000000000      252.5
79.800000000000      252.5
79.900000000000      252.4
80.000000000000      252.0
80.100000000000      252.0
80.200000000000      252.1
80.300000000000      252.0
80.400000000000      251.4
80.500000000000      251.4
80.600000000000      251.4
80.700000000000      251.4
80.800000000000      251.5
80.900000000000      251.4
81.000000000000      251.4
81.100000000000      251.5
81.200000000000      251.5
81.300000000000      251.5
81.400000000000      251.5
81.500000000000      251.5
81.600000000000      250.9
81.700000000000      250.8
81.800000000000      250.9
81.900000000000      250.9
82.000000000000      250.8
82.100000000000      250.8
82.200000000000      250.8
82.300000000000      250.8
82.400000000000      250.9
82.500000000000      250.8
82.600000000000      250.7
82.700000000000      250.7
82.800000000000      250.1
82.900000000000      250.1
83.000000000000      250.1
83.100000000000      250.1
83.200000000000      250.1
83.300000000000      250.0
83.400000000000      250.1
83.500000000000      250.1
83.600000000000      250.1
83.700000000000      250.0
83.800000000000      250.0
83.900000000000      250.0
84.000000000000      249.3
84.100000000000      249.3
84.200000000000      249.3
84.300000000000      249.3
84.400000000000      249.3
84.500000000000      249.3
84.600000000000      249.4
84.700000000000      249.3
84.800000000000      249.4
84.900000000000      249.3
85.000000000000      248.9
85.100000000000      248.9
85.200000000000      250.1
85.300000000000      250.1
85.400000000000      250.2
85.500000000000      250.2
85.600000000000      250.3
85.700000000000      250.3
85.800000000000      250.4
85.900000000000      250.4
86.000000000000      250.5
86.100000000000      250.5
86.200000000000      250.4
86.300000000000      250.4
86.400000000000      250.2
86.500000000000      250.2
86.600000000000      250.3
86.700000000000      250.3
86.800000000000      250.3
86.900000000000      250.3
87.000000000000      250.3
87.100000000000      250.3
87.200000000000      250.3
87.300000000000      250.3
87.400000000000      250.3
87.500000000000      250.3
87.600000000000      250.2
87.700000000000      250.2
87.800000000000      250.3
87.900000000000      250.1
88.000000000000      250.2
88.100000000000      250.2
88.200000000000      250.2
88.300000000000      250.2
88.400000000000      250.1
88.500000000000      250.0
88.600000000000      250.1
88.700000000000      250.1
88.800000000000      249.6
88.900000000000      249.6
89.000000000000      249.6
89.100000000000      249.6
89.200000000000      249.6
89.300000000000      249.6
89.400000000000      249.7
89.500000000000      249.7
89.600000000000      249.8
89.700000000000      249.7
89.800000000000      249.7
89.900000000000      249.7
90.000000000000      248.3
90.100000000000      248.3
90.200000000000      248.4
90.300000000000      248.4
90.400000000000      248.5
90.500000000000      248.5
90.600000000000      248.6
90.700000000000      248.6
90.800000000000      248.6
90.900000000000      248.7
91.000000000000      248.7
91.100000000000      248.6
91.200000000000      248.2
91.300000000000      248.3
91.400000000000      248.5
91.500000000000      248.5
91.600000000000      248.5
91.700000000000      248.6
91.800000000000      248.6
91.900000000000      248.8
92.000000000000      248.9
92.100000000000      249.0
92.200000000000      249.4
92.300000000000      249.5
92.400000000000      250.4
92.500000000000      250.3
92.600000000000      250.3
92.700000000000      250.5
92.800000000000      250.5
92.900000000000      250.6
93.000000000000      250.6
93.100000000000      250.8
93.200000000000      250.9
93.300000000000      251.0
93.400000000000      251.0
93.500000000000      251.2
93.600000000000      251.0
93.700000000000      251.1
93.800000000000      251.2
93.900000000000      251.4
94.000000000000      251.5
94.100000000000      251.7
94.200000000000      251.9
94.300000000000      252.1
94.400000000000      252.3
94.500000000000      252.5
94.600000000000      253.0
94.700000000000      253.5
94.800000000000      255.4
94.900000000000      255.1
95.000000000000      255.4
95.100000000000      254.7
95.200000000000      254.2
95.300000000000      254.2
95.400000000000      254.3
95.500000000000      254.3
95.600000000000      254.3
95.700000000000      254.3
95.800000000000      254.4
95.900000000000      254.4
96.000000000000      254.1
96.100000000000      254.2
96.200000000000      254.2
96.300000000000      254.3
96.400000000000      254.3
96.500000000000      254.3
96.600000000000      254.3
96.700000000000      254.3
96.800000000000      254.4
96.900000000000      254.5
97.000000000000      254.5
97.100000000000      254.6
97.200000000000      254.4
97.300000000000      254.5
97.400000000000      254.6
97.500000000000      254.5
97.600000000000      254.6
97.700000000000      254.6
97.800000000000      254.7
97.900000000000      254.7
98.000000000000      254.8
98.100000000000      254.9
98.200000000000      254.9
98.300000000000      254.9
98.400000000000      254.8
98.500000000000      254.8
98.600000000000      254.8
98.700000000000      254.9
98.800000000000      255.0
98.900000000000      255.1
99.000000000000      255.1
99.100000000000      255.1
99.200000000000      255.1
99.300000000000      255.2
99.400000000000      255.2
99.500000000000      255.3
99.600000000000      255.1
99.700000000000      255.1
99.800000000000      255.2
99.900000000000      255.3
100.000000000000      255.0
100.100000000000      255.1
100.200000000000      255.1
100.300000000000      255.2
100.400000000000      255.3
100.500000000000      255.3
100.600000000000      255.4
100.700000000000      255.4
100.800000000000      254.9
100.900000000000      255.0
101.000000000000      255.1
101.100000000000      255.2
101.200000000000      255.3
101.300000000000      255.4
101.400000000000      255.5
101.500000000000      255.5
101.600000000000      255.6
101.700000000000      255.6
101.800000000000      255.7
101.900000000000      255.8
102.000000000000      256.1
102.100000000000      256.2
102.200000000000      256.3
102.300000000000      256.4
102.400000000000      256.5
102.500000000000      256.6
102.600000000000      256.8
102.700000000000      257.0
102.800000000000      257.3
102.900000000000      257.5
103.000000000000      257.7
103.100000000000      258.3
103.200000000000      259.2
103.300000000000      259.5
103.400000000000      259.9
103.500000000000      260.4
103.600000000000      260.8
103.700000000000      261.2
103.800000000000      261.7
103.900000000000      262.2
104.000000000000      262.5
104.100000000000      262.4
104.200000000000      261.2
104.300000000000      260.9
104.400000000000      259.9
104.500000000000      259.7
104.600000000000      259.6
104.700000000000      259.6
104.800000000000      259.6
104.900000000000      259.6
105.000000000000      258.1
105.100000000000      258.2
105.200000000000      258.3
105.300000000000      258.5
105.400000000000      258.9
105.500000000000      259.0
105.600000000000      261.0
105.700000000000      261.1
105.800000000000      261.3
105.900000000000      261.5
106.000000000000      261.6
106.100000000000      261.6
106.200000000000      261.9
106.300000000000      262.4
106.400000000000      262.7
106.500000000000      262.8
106.600000000000      263.1
106.700000000000      263.6
106.800000000000      265.5
106.900000000000      265.9
107.000000000000      266.2
107.100000000000      266.3
107.200000000000      266.4
107.300000000000      266.6
107.400000000000      266.6
107.500000000000      266.6
107.600000000000      266.7
107.700000000000      267.0
107.800000000000      267.3
107.900000000000      267.6
108.000000000000      269.3
108.100000000000      269.7
108.200000000000      270.2
108.300000000000      270.6
108.400000000000      271.5
108.500000000000      272.0
108.600000000000      272.4
108.700000000000      273.0
108.800000000000      273.7
108.900000000000      274.4
109.000000000000      275.0
109.100000000000      275.6
109.200000000000      277.3
109.300000000000      277.8
109.400000000000      278.3
109.500000000000      278.8
109.600000000000      279.3
109.700000000000      279.9
109.800000000000      280.5
109.900000000000      281.0
110.000000000000      281.8
110.100000000000      282.1
110.200000000000      282.5
110.300000000000      282.8
110.400000000000      283.7
110.500000000000      283.3
110.600000000000      283.2
110.700000000000      282.8
110.800000000000      282.4
110.900000000000      281.9
111.000000000000      281.2
111.100000000000      280.5
111.200000000000      280.2
111.300000000000      279.8
111.400000000000      279.3
111.500000000000      278.8
111.600000000000      278.3
111.700000000000      277.8
111.800000000000      277.6
111.900000000000      277.8
112.000000000000      278.2
112.100000000000      278.8
112.200000000000      279.4
112.300000000000      280.0
112.400000000000      280.8
112.500000000000      281.5
112.600000000000      282.3
112.700000000000      283.1
112.800000000000      284.6
112.900000000000      284.8
113.000000000000      285.2
113.100000000000      285.4
113.200000000000      285.5
113.300000000000      285.7
113.400000000000      285.7
113.500000000000      285.8
113.600000000000      286.1
113.700000000000      286.4
113.800000000000      286.6
113.900000000000      286.8
114.000000000000      288.6
114.100000000000      288.7
114.200000000000      288.9
114.300000000000      289.0
114.400000000000      289.0
114.500000000000      288.9
114.600000000000      288.7
114.700000000000      288.7
114.800000000000      288.7
114.900000000000      288.4
115.000000000000      288.7
115.100000000000      288.5
115.200000000000      288.4
115.300000000000      288.2
115.400000000000      288.1
115.500000000000      288.1
115.600000000000      288.1
115.700000000000      288.1
115.800000000000      288.1
115.900000000000      287.9
116.000000000000      287.7
116.100000000000      287.6
116.200000000000      287.7
116.300000000000      287.5
116.400000000000      287.3
116.500000000000      287.3
116.600000000000      287.6
116.700000000000      287.6
116.800000000000      287.6
116.900000000000      287.5
117.000000000000      287.4
117.100000000000      287.2
117.200000000000      286.9
117.300000000000      286.6
117.400000000000      286.2
117.500000000000      286.1
117.600000000000      285.8
117.700000000000      285.6
117.800000000000      285.6
117.900000000000      285.5
118.000000000000      285.3
118.100000000000      285.3
118.200000000000      285.3
118.300000000000      285.2
118.400000000000      285.2
118.500000000000      285.0
118.600000000000      284.8
118.700000000000      284.5
118.800000000000      284.6
118.900000000000      284.5
119.000000000000      284.7
119.100000000000      284.7
119.200000000000      284.7
119.300000000000      284.6
119.400000000000      284.9
119.500000000000      285.0
119.600000000000      284.9
119.700000000000      285.0
119.800000000000      285.0
119.900000000000      284.9
120.000000000000      286.0
120.100000000000      286.1
120.200000000000      286.2
120.300000000000      286.2
120.400000000000      286.3
120.500000000000      286.4
120.600000000000      286.5
120.700000000000      286.4
120.800000000000      286.2
120.900000000000      286.2
121.000000000000      286.1
121.100000000000      286.0
121.200000000000      285.9
121.300000000000      285.7
121.400000000000      285.5
121.500000000000      285.4
121.600000000000      285.3
121.700000000000      285.1
121.800000000000      285.0
121.900000000000      284.9
122.000000000000      284.7
122.100000000000      284.5
122.200000000000      284.4
122.300000000000      284.4
122.400000000000      283.0
122.500000000000      282.9
122.600000000000      282.8
122.700000000000      282.8
122.800000000000      282.8
122.900000000000      282.7
123.000000000000      282.5
123.100000000000      282.4
123.200000000000      282.3
123.300000000000      282.2
123.400000000000      282.0
123.500000000000      281.9
123.600000000000      280.5
123.700000000000      280.4
123.800000000000      280.4
123.900000000000      280.3
124.000000000000      280.2
124.100000000000      280.1
124.200000000000      279.9
124.300000000000      279.6
124.400000000000      279.5
124.500000000000      279.0
124.600000000000      278.9
124.700000000000      278.8
124.800000000000      277.3
124.900000000000      277.0
125.000000000000      276.2
125.100000000000      276.2
125.200000000000      276.1
125.300000000000      276.0
125.400000000000      275.9
125.500000000000      275.7
125.600000000000      275.6
125.700000000000      275.2
125.800000000000      275.1
125.900000000000      274.8
126.000000000000      272.0
126.100000000000      271.9
126.200000000000      271.8
126.300000000000      271.7
126.400000000000      271.7
126.500000000000      271.5
126.600000000000      271.4
126.700000000000      271.2
126.800000000000      271.2
126.900000000000      270.8
127.000000000000      270.5
127.100000000000      270.3
127.200000000000      268.0
127.300000000000      267.9
127.400000000000      268.0
127.500000000000      267.7
127.600000000000      267.6
127.700000000000      267.5
127.800000000000      267.5
127.900000000000      267.4
128.000000000000      267.2
128.100000000000      267.2
128.200000000000      266.9
128.300000000000      266.6
128.400000000000      264.8
128.500000000000      264.6
128.600000000000      264.5
128.700000000000      264.3
128.800000000000      264.3
128.900000000000      264.1
129.000000000000      263.8
129.100000000000      263.8
129.200000000000      263.7
129.300000000000      263.6
129.400000000000      263.6
129.500000000000      263.4
129.600000000000      262.0
129.700000000000      262.0
129.800000000000      262.0
129.900000000000      262.0
130.000000000000      261.4
130.100000000000      261.4
130.200000000000      261.6
130.300000000000      261.7
130.400000000000      261.8
130.500000000000      262.0
130.600000000000      262.0
130.700000000000      262.0
130.800000000000      261.8
130.900000000000      261.7
131.000000000000      260.8
131.100000000000      258.9
131.200000000000      258.4
131.300000000000      257.9
131.400000000000      257.6
131.500000000000      257.4
131.600000000000      257.2
131.700000000000      257.1
131.800000000000      257.1
131.900000000000      257.1
132.000000000000      255.6
132.100000000000      255.6
132.200000000000      255.5
132.300000000000      255.5
132.400000000000      255.6
132.500000000000      255.7
132.600000000000      255.8
132.700000000000      255.8
132.800000000000      255.8
132.900000000000      255.9
133.000000000000      255.9
133.100000000000      255.9
133.200000000000      255.8
133.300000000000      256.0
133.400000000000      256.2
133.500000000000      256.5
133.600000000000      256.8
133.700000000000      256.8
133.800000000000      256.8
133.900000000000      256.9
134.000000000000      256.9
134.100000000000      256.7
134.200000000000      256.6
134.300000000000      256.6
134.400000000000      257.2
134.500000000000      257.2
134.600000000000      257.2
134.700000000000      257.3
134.800000000000      257.3
134.900000000000      257.4
135.000000000000      258.3
135.100000000000      258.4
135.200000000000      258.7
135.300000000000      258.9
135.400000000000      259.1
135.500000000000      259.2
135.600000000000      260.3
135.700000000000      260.5
135.800000000000      260.6
135.900000000000      260.6
136.000000000000      260.7
136.100000000000      260.7
136.200000000000      260.7
136.300000000000      260.5
136.400000000000      260.4
136.500000000000      260.2
136.600000000000      260.2
136.700000000000      260.1
136.800000000000      259.0
136.900000000000      258.8
137.000000000000      258.8
137.100000000000      258.7
137.200000000000      258.5
137.300000000000      258.5
137.400000000000      258.4
137.500000000000      258.4
137.600000000000      258.3
137.700000000000      258.2
137.800000000000      258.1
137.900000000000      258.0
138.000000000000      256.2
138.100000000000      256.2
138.200000000000      256.2
138.300000000000      256.1
138.400000000000      256.1
138.500000000000      255.9
138.600000000000      255.9
138.700000000000      255.8
138.800000000000      255.6
138.900000000000      255.6
139.000000000000      255.6
139.100000000000      255.6
139.200000000000      254.6
139.300000000000      254.5
139.400000000000      254.6
139.500000000000      254.4
139.600000000000      254.6
139.700000000000      254.7
139.800000000000      254.6
139.900000000000      254.5
140.000000000000      254.0
140.100000000000      253.8
140.200000000000      253.8
140.300000000000      253.7
140.400000000000      253.3
140.500000000000      253.3
140.600000000000      253.4
140.700000000000      253.3
140.800000000000      253.3
140.900000000000      253.4
141.000000000000      253.2
141.100000000000      253.2
141.200000000000      253.2
141.300000000000      253.1
141.400000000000      253.1
141.500000000000      252.9
141.600000000000      251.6
141.700000000000      251.6
141.800000000000      251.5
141.900000000000      251.4
142.000000000000      251.5
142.100000000000      251.4
142.200000000000      251.3
142.300000000000      251.3
142.400000000000      251.4
142.500000000000      251.2
142.600000000000      250.9
142.700000000000      247.0
142.800000000000      244.8
142.900000000000      244.9
143.000000000000      244.9
143.100000000000      245.0
143.200000000000      245.3
143.300000000000      245.6
143.400000000000      245.9
143.500000000000      245.9
143.600000000000      246.1
143.700000000000      245.8
143.800000000000      245.9
143.900000000000      246.0
144.000000000000      247.8
144.100000000000      248.0
144.200000000000      248.3
144.300000000000      248.4
144.400000000000      248.3
144.500000000000      248.3
144.600000000000      248.5
144.700000000000      248.9
144.800000000000      249.3
144.900000000000      249.7
145.000000000000      250.6
145.100000000000      251.1
145.200000000000      252.7
145.300000000000      253.0
145.400000000000      253.3
145.500000000000      253.8
145.600000000000      254.1
145.700000000000      254.6
145.800000000000      255.1
145.900000000000      255.7
146.000000000000      256.0
146.100000000000      256.2
146.200000000000      256.6
146.300000000000      256.9
146.400000000000      258.2
146.500000000000      258.4
146.600000000000      258.7
146.700000000000      258.7
146.800000000000      258.9
146.900000000000      259.1
147.000000000000      259.5
147.100000000000      259.5
147.200000000000      259.7
147.300000000000      259.2
147.400000000000      259.1
147.500000000000      259.1
147.600000000000      259.8
147.700000000000      260.0
147.800000000000      260.2
147.900000000000      260.2
148.000000000000      260.3
148.100000000000      260.5
148.200000000000      260.5
148.300000000000      260.6
148.400000000000      260.6
148.500000000000      260.7
148.600000000000      260.8
148.700000000000      261.0
148.800000000000      261.6
148.900000000000      261.9
149.000000000000      262.0
149.100000000000      262.4
149.200000000000      262.7
149.300000000000      263.0
149.400000000000      263.0
149.500000000000      262.8
149.600000000000      262.8
149.700000000000      263.1
149.800000000000      263.2
149.900000000000      263.4
150.000000000000      265.6
150.100000000000      265.8
150.200000000000      266.1
150.300000000000      266.3
150.400000000000      266.5
150.500000000000      266.2
150.600000000000      266.4
150.700000000000      266.0
150.800000000000      265.9
150.900000000000      266.0
151.000000000000      266.0
151.100000000000      266.2
151.200000000000      267.3
151.300000000000      267.4
151.400000000000      267.5
151.500000000000      267.6
151.600000000000      267.5
151.700000000000      267.5
151.800000000000      267.8
151.900000000000      268.0
152.000000000000      268.1
152.100000000000      268.1
152.200000000000      268.2
152.300000000000      268.5
152.400000000000      269.6
152.500000000000      269.9
152.600000000000      270.0
152.700000000000      270.4
152.800000000000      270.6
152.900000000000      270.9
153.000000000000      271.2
153.100000000000      271.9
153.200000000000      272.6
153.300000000000      273.1
153.400000000000      273.7
153.500000000000      274.4
153.600000000000      276.1
153.700000000000      276.3
153.800000000000      276.9
153.900000000000      276.7
154.000000000000      276.7
154.100000000000      276.7
154.200000000000      276.5
154.300000000000      276.2
154.400000000000      275.8
154.500000000000      275.7
154.600000000000      275.8
154.700000000000      275.9
154.800000000000      276.8
154.900000000000      277.0
155.000000000000      277.3
155.100000000000      277.6
155.200000000000      277.9
155.300000000000      278.0
155.400000000000      278.0
155.500000000000      278.0
155.600000000000      278.1
155.700000000000      278.0
155.800000000000      278.2
155.900000000000      278.4
156.000000000000      278.7
156.100000000000      279.0
156.200000000000      279.1
156.300000000000      279.2
156.400000000000      279.3
156.500000000000      279.4
156.600000000000      279.5
156.700000000000      279.5
156.800000000000      279.7
156.900000000000      279.7
157.000000000000      279.6
157.100000000000      279.7
157.200000000000      280.0
157.300000000000      280.1
157.400000000000      280.1
157.500000000000      280.1
157.600000000000      280.2
157.700000000000      280.3
157.800000000000      280.4
157.900000000000      280.5
158.000000000000      280.6
158.100000000000      280.7
158.200000000000      280.8
158.300000000000      281.0
158.400000000000      281.4
158.500000000000      281.8
158.600000000000      281.7
158.700000000000      277.7
158.800000000000      277.7
158.900000000000      277.6
159.000000000000      277.2
159.100000000000      277.0
159.200000000000      277.1
159.300000000000      277.4
159.400000000000      277.8
159.500000000000      278.1
159.600000000000      277.7
159.700000000000      278.1
159.800000000000      278.1
159.900000000000      277.6
160.000000000000      276.8
160.100000000000      276.3
160.200000000000      275.4
160.300000000000      275.0
160.400000000000      275.2
160.500000000000      275.3
160.600000000000      275.5
160.700000000000      275.6
160.800000000000      276.4
160.900000000000      276.6
161.000000000000      276.8
161.100000000000      276.8
161.200000000000      276.9
161.300000000000      277.2
161.400000000000      277.5
161.500000000000      277.5
161.600000000000      277.6
161.700000000000      277.7
161.800000000000      278.1
161.900000000000      278.1
162.000000000000      278.7
162.100000000000      279.0
162.200000000000      279.4
162.300000000000      279.7
162.400000000000      280.0
162.500000000000      280.3
162.600000000000      280.6
162.700000000000      281.1
162.800000000000      281.4
162.900000000000      281.8
163.000000000000      282.0
163.100000000000      282.7
163.200000000000      283.8
163.300000000000      284.4
163.400000000000      285.2
163.500000000000      286.0
163.600000000000      286.5
163.700000000000      287.2
163.800000000000      287.7
163.900000000000      287.8
164.000000000000      287.6
164.100000000000      286.2
164.200000000000      285.6
164.300000000000      285.2
164.400000000000      284.7
164.500000000000      284.9
164.600000000000      285.1
164.700000000000      285.4
164.800000000000      285.8
164.900000000000      286.1
165.000000000000      287.3
165.100000000000      287.7
165.200000000000      288.2
165.300000000000      288.1
165.400000000000      287.9
165.500000000000      287.8
165.600000000000      287.1
165.700000000000      286.8
165.800000000000      286.9
165.900000000000      287.0
166.000000000000      287.0
166.100000000000      287.1
166.200000000000      287.3
166.300000000000      287.4
166.400000000000      287.4
166.500000000000      287.4
166.600000000000      287.4
166.700000000000      287.6
166.800000000000      287.5
166.900000000000      287.7
167.000000000000      287.9
167.100000000000      288.1
167.200000000000      288.3
167.300000000000      288.5
167.400000000000      288.6
167.500000000000      288.9
167.600000000000      289.1
167.700000000000      289.2
167.800000000000      289.3
167.900000000000      289.3
168.000000000000      289.6
168.100000000000      289.5
168.200000000000      289.4
168.300000000000      289.2
168.400000000000      288.8
168.500000000000      288.2
168.600000000000      287.8
168.700000000000      287.4
168.800000000000      287.1
168.900000000000      286.9
169.000000000000      287.0
169.100000000000      287.0
169.200000000000      286.8
169.300000000000      286.9
169.400000000000      287.1
169.500000000000      286.9
169.600000000000      287.0
169.700000000000      287.2
169.800000000000      287.3
169.900000000000      287.3
170.000000000000      287.1
170.100000000000      287.1
170.200000000000      287.3
170.300000000000      287.4
170.400000000000      287.4
170.500000000000      287.3
170.600000000000      287.4
170.700000000000      287.3
170.800000000000      287.3
170.900000000000      287.2
171.000000000000      287.1
171.100000000000      287.0
171.200000000000      287.1
171.300000000000      287.1
171.400000000000      287.2
171.500000000000      287.2
171.600000000000      286.6
171.700000000000      286.8
171.800000000000      286.9
171.900000000000      286.9
172.000000000000      287.0
172.100000000000      287.0
172.200000000000      287.2
172.300000000000      287.2
172.400000000000      287.3
172.500000000000      287.3
172.600000000000      287.5
172.700000000000      287.6
172.800000000000      287.7
172.900000000000      287.6
173.000000000000      287.7
173.100000000000      287.8
173.200000000000      288.0
173.300000000000      288.1
173.400000000000      288.2
173.500000000000      288.3
173.600000000000      288.3
173.700000000000      288.5
173.800000000000      288.7
173.900000000000      289.0
174.000000000000      290.6
174.100000000000      291.2
174.200000000000      291.6
174.300000000000      291.8
174.400000000000      292.3
174.500000000000      292.7
174.600000000000      293.4
174.700000000000      293.8
174.800000000000      294.1
174.900000000000      294.5
175.000000000000      294.8
175.100000000000      291.2
175.200000000000      288.1
175.300000000000      287.6
175.400000000000      287.4
175.500000000000      287.0
175.600000000000      287.0
175.700000000000      286.9
175.800000000000      286.7
175.900000000000      286.5
176.000000000000      286.3
176.100000000000      286.2
176.200000000000      286.3
176.300000000000      286.3
176.400000000000      286.4
176.500000000000      286.4
176.600000000000      286.4
176.700000000000      286.3
176.800000000000      286.3
176.900000000000      286.4
177.000000000000      286.3
177.100000000000      286.4
177.200000000000      286.6
177.300000000000      286.6
177.400000000000      286.8
177.500000000000      286.9
177.600000000000      287.4
177.700000000000      287.5
177.800000000000      287.7
177.900000000000      288.0
178.000000000000      288.1
178.100000000000      287.9
178.200000000000      287.8
178.300000000000      287.6
178.400000000000      287.6
178.500000000000      287.5
178.600000000000      287.3
178.700000000000      287.2
178.800000000000      287.2
178.900000000000      286.9
179.000000000000      286.6
179.100000000000      286.4
179.200000000000      286.2
179.300000000000      286.3
179.400000000000      286.3
179.500000000000      286.3
179.600000000000      286.3
179.700000000000      286.3
179.800000000000      286.2
179.900000000000      286.2
180.000000000000      284.9
180.100000000000      285.0
180.200000000000      285.0
180.300000000000      285.0
180.400000000000      285.0
180.500000000000      285.0
180.600000000000      285.0
180.700000000000      284.9
180.800000000000      284.8
180.900000000000      284.8
181.000000000000      284.8
181.100000000000      284.8
181.200000000000      284.3
181.300000000000      284.3
181.400000000000      284.3
181.500000000000      284.2
181.600000000000      284.3
181.700000000000      284.3
181.800000000000      284.3
181.900000000000      284.3
182.000000000000      284.3
182.100000000000      284.2
182.200000000000      284.3
182.300000000000      284.3
182.400000000000      283.6
182.500000000000      283.6
182.600000000000      283.6
182.700000000000      283.7
182.800000000000      283.7
182.900000000000      283.7
183.000000000000      283.6
183.100000000000      283.6
183.200000000000      283.6
183.300000000000      283.6
183.400000000000      283.6
183.500000000000      283.5
183.600000000000      283.5
183.700000000000      283.4
183.800000000000      283.5
183.900000000000      283.6
184.000000000000      283.5
184.100000000000      283.5
184.200000000000      283.5
184.300000000000      283.5
184.400000000000      283.6
184.500000000000      283.5
184.600000000000      283.5
184.700000000000      283.5
184.800000000000      283.3
184.900000000000      283.3
185.000000000000      283.1
185.100000000000      283.2
185.200000000000      283.3
185.300000000000      283.1
185.400000000000      283.1
185.500000000000      283.0
185.600000000000      283.1
185.700000000000      283.1
185.800000000000      283.2
185.900000000000      283.1
186.000000000000      282.9
186.100000000000      282.8
186.200000000000      282.9
186.300000000000      282.9
186.400000000000      283.0
186.500000000000      283.0
186.600000000000      282.9
186.700000000000      282.9
186.800000000000      282.9
186.900000000000      282.7
187.000000000000      282.7
187.100000000000      282.5
187.200000000000      282.0
187.300000000000      282.0
187.400000000000      282.1
187.500000000000      282.0
187.600000000000      282.0
187.700000000000      282.1
187.800000000000      282.0
187.900000000000      282.2
188.000000000000      282.4
188.100000000000      282.4
188.200000000000      282.6
188.300000000000      283.0
188.400000000000      284.8
188.500000000000      285.1
188.600000000000      285.2
188.700000000000      285.2
188.800000000000      285.3
188.900000000000      285.3
189.000000000000      285.5
189.100000000000      285.6
189.200000000000      285.6
189.300000000000      285.6
189.400000000000      285.6
189.500000000000      285.6
189.600000000000      285.4
189.700000000000      285.4
189.800000000000      285.3
189.900000000000      285.3
190.000000000000      285.1
190.100000000000      285.3
190.200000000000      285.4
190.300000000000      285.5
190.400000000000      285.2
190.500000000000      284.9
190.600000000000      284.8
190.700000000000      284.6
190.800000000000      283.9
190.900000000000      283.8
191.000000000000      283.6
191.100000000000      283.6
191.200000000000      283.6
191.300000000000      283.6
191.400000000000      283.6
191.500000000000      283.6
191.600000000000      283.6
191.700000000000      283.6
191.800000000000      283.8
191.900000000000      283.8
192.000000000000      283.9
192.100000000000      284.1
192.200000000000      284.2
192.300000000000      284.1
192.400000000000      284.1
192.500000000000      284.2
192.600000000000      284.2
192.700000000000      284.3
192.800000000000      284.3
192.900000000000      284.0
193.000000000000      284.0
193.100000000000      283.7
193.200000000000      283.4
193.300000000000      283.2
193.400000000000      283.3
193.500000000000      283.2
193.600000000000      283.4
193.700000000000      283.5
193.800000000000      283.5
193.900000000000      283.7
194.000000000000      283.8
194.100000000000      283.8
194.200000000000      284.0
194.300000000000      284.0
194.400000000000      284.1
194.500000000000      284.1
194.600000000000      284.1
194.700000000000      284.1
194.800000000000      284.2
194.900000000000      284.3
195.000000000000      284.2
195.100000000000      284.2
195.200000000000      284.3
195.300000000000      284.3
195.400000000000      284.4
195.500000000000      284.4
195.600000000000      284.2
195.700000000000      284.1
195.800000000000      284.2
195.900000000000      284.1
196.000000000000      284.2
196.100000000000      284.3
196.200000000000      284.3
196.300000000000      284.3
196.400000000000      284.3
196.500000000000      284.2
196.600000000000      284.2
196.700000000000      284.2
196.800000000000      283.7
196.900000000000      283.6
197.000000000000      283.6
197.100000000000      283.6
197.200000000000      283.6
197.300000000000      283.6
197.400000000000      283.6
197.500000000000      283.6
197.600000000000      283.6
197.700000000000      283.5
197.800000000000      283.4
197.900000000000      283.4
198.000000000000      283.0
198.100000000000      282.9
198.200000000000      282.9
198.300000000000      282.9
198.400000000000      282.9
198.500000000000      282.8
198.600000000000      282.8
198.700000000000      282.8
198.800000000000      282.8
198.900000000000      282.8
199.000000000000      282.9
199.100000000000      282.9
199.200000000000      283.1
199.300000000000      283.1
199.400000000000      283.1
199.500000000000      283.1
199.600000000000      283.1
199.700000000000      283.0
199.800000000000      283.1
199.900000000000      283.1
200.000000000000      283.0
200.100000000000      283.0
200.200000000000      283.1
200.300000000000      283.0
200.400000000000      281.0
200.500000000000      278.1
200.600000000000      277.5
200.700000000000      277.1
200.800000000000      277.0
200.900000000000      277.0
201.000000000000      276.5
201.100000000000      276.4
201.200000000000      276.3
201.300000000000      276.3
201.400000000000      276.3
201.500000000000      276.3
201.600000000000      275.0
201.700000000000      274.9
201.800000000000      275.0
201.900000000000      275.0
202.000000000000      275.1
202.100000000000      275.2
202.200000000000      275.2
202.300000000000      275.3
202.400000000000      275.4
202.500000000000      275.3
202.600000000000      275.4
202.700000000000      275.5
202.800000000000      275.8
202.900000000000      275.9
203.000000000000      276.2
203.100000000000      276.4
203.200000000000      276.5
203.300000000000      276.6
203.400000000000      276.8
203.500000000000      277.0
203.600000000000      277.2
203.700000000000      277.3
203.800000000000      277.0
203.900000000000      276.7
204.000000000000      277.4
204.100000000000      277.1
204.200000000000      276.5
204.300000000000      276.2
204.400000000000      276.2
204.500000000000      276.2
204.600000000000      276.3
204.700000000000      276.3
204.800000000000      276.3
204.900000000000      276.3
205.000000000000      276.4
205.100000000000      276.4
205.200000000000      276.5
205.300000000000      276.6
205.400000000000      276.6
205.500000000000      276.6
205.600000000000      276.8
205.700000000000      276.9
205.800000000000      277.0
205.900000000000      277.1
206.000000000000      277.2
206.100000000000      277.3
206.200000000000      277.5
206.300000000000      277.6
206.400000000000      278.2
206.500000000000      278.4
206.600000000000      278.6
206.700000000000      278.7
206.800000000000      278.8
206.900000000000      279.0
207.000000000000      279.3
207.100000000000      279.5
207.200000000000      279.7
207.300000000000      280.0
207.400000000000      280.4
207.500000000000      280.6
207.600000000000      282.4
207.700000000000      282.6
207.800000000000      282.9
207.900000000000      283.0
208.000000000000      283.2
208.100000000000      283.2
208.200000000000      283.3
208.300000000000      283.4
208.400000000000      283.7
208.500000000000      283.9
208.600000000000      284.3
208.700000000000      284.5
208.800000000000      286.1
208.900000000000      286.3
209.000000000000      286.5
209.100000000000      286.6
209.200000000000      286.7
209.300000000000      286.9
209.400000000000      287.3
209.500000000000      287.5
209.600000000000      287.8
209.700000000000      288.0
209.800000000000      288.1
209.900000000000      288.2
210.000000000000      292.7
210.100000000000      292.7
210.200000000000      292.8
210.300000000000      292.9
210.400000000000      293.2
210.500000000000      293.4
210.600000000000      293.6
210.700000000000      294.0
210.800000000000      294.2
210.900000000000      294.4
211.000000000000      294.7
211.100000000000      295.0
211.200000000000      296.7
211.300000000000      296.8
211.400000000000      296.9
211.500000000000      297.1
211.600000000000      297.3
211.700000000000      297.4
211.800000000000      297.6
211.900000000000      297.8
212.000000000000      298.1
212.100000000000      298.2
212.200000000000      298.3
212.300000000000      298.6
212.400000000000      300.0
212.500000000000      300.2
212.600000000000      300.3
212.700000000000      300.5
212.800000000000      300.6
212.900000000000      300.5
213.000000000000      300.7
213.100000000000      300.8
213.200000000000      300.9
213.300000000000      301.2
213.400000000000      301.4
213.500000000000      301.6
213.600000000000      302.1
213.700000000000      302.3
213.800000000000      302.3
213.900000000000      302.4
214.000000000000      302.5
214.100000000000      302.4
214.200000000000      302.4
214.300000000000      302.4
214.400000000000      302.4
214.500000000000      302.4
214.600000000000      302.4
214.700000000000      302.4
214.800000000000      302.8
214.900000000000      302.9
215.000000000000      303.3
215.100000000000      303.6
215.200000000000      303.8
215.300000000000      303.8
215.400000000000      304.0
215.500000000000      304.1
215.600000000000      304.3
215.700000000000      304.4
215.800000000000      304.4
215.900000000000      304.2
216.000000000000      303.6
216.100000000000      303.4
216.200000000000      303.2
216.300000000000      303.1
216.400000000000      302.8
216.500000000000      302.6
216.600000000000      302.3
216.700000000000      302.1
216.800000000000      302.0
216.900000000000      301.5
217.000000000000      301.1
217.100000000000      300.9
217.200000000000      298.6
217.300000000000      298.3
217.400000000000      298.2
217.500000000000      297.8
217.600000000000      297.5
217.700000000000      297.4
217.800000000000      297.2
217.900000000000      297.1
218.000000000000      297.2
218.100000000000      297.1
218.200000000000      297.1
218.300000000000      297.0
218.400000000000      295.1
218.500000000000      295.1
218.600000000000      295.1
218.700000000000      294.9
218.800000000000      294.6
218.900000000000      294.4
219.000000000000      294.0
219.100000000000      293.9
219.200000000000      293.8
219.300000000000      293.7
219.400000000000      293.5
219.500000000000      293.5
219.600000000000      292.9
219.700000000000      292.8
219.800000000000      292.8
219.900000000000      292.8
220.000000000000      292.4
220.100000000000      292.5
220.200000000000      292.6
220.300000000000      292.6
220.400000000000      292.5
220.500000000000      291.8
220.600000000000      291.4
220.700000000000      291.2
220.800000000000      290.2
220.900000000000      289.9
221.000000000000      289.8
221.100000000000      289.6
221.200000000000      289.6
221.300000000000      289.5
221.400000000000      289.5
221.500000000000      289.6
221.600000000000      289.7
221.700000000000      289.9
221.800000000000      289.9
221.900000000000      290.0
222.000000000000      290.1
222.100000000000      290.2
222.200000000000      290.3
222.300000000000      290.3
222.400000000000      290.3
222.500000000000      290.2
222.600000000000      290.1
222.700000000000      290.0
222.800000000000      290.0
222.900000000000      289.7
223.000000000000      289.6
223.100000000000      289.4
223.200000000000      288.5
223.300000000000      288.4
223.400000000000      288.3
223.500000000000      288.0
223.600000000000      287.9
223.700000000000      287.9
223.800000000000      287.8
223.900000000000      287.8
224.000000000000      287.8
224.100000000000      287.7
224.200000000000      287.6
224.300000000000      287.6
224.400000000000      287.0
224.500000000000      286.9
224.600000000000      286.9
224.700000000000      286.9
224.800000000000      287.0
224.900000000000      287.1
225.000000000000      285.9
225.100000000000      285.9
225.200000000000      285.9
225.300000000000      285.8
225.400000000000      285.7
225.500000000000      285.6
225.600000000000      284.7
225.700000000000      284.7
225.800000000000      284.8
225.900000000000      284.8
226.000000000000      284.0
226.100000000000      283.6
226.200000000000      283.4
226.300000000000      283.3
226.400000000000      283.0
226.500000000000      282.6
226.600000000000      282.4
226.700000000000      282.3
226.800000000000      280.5
226.900000000000      280.3
227.000000000000      280.3
227.100000000000      280.2
227.200000000000      280.1
227.300000000000      280.1
227.400000000000      280.1
227.500000000000      280.0
227.600000000000      280.0
227.700000000000      280.0
227.800000000000      280.0
227.900000000000      279.9
228.000000000000      278.9
228.100000000000      278.9
228.200000000000      278.8
228.300000000000      278.8
228.400000000000      278.8
228.500000000000      278.8
228.600000000000      278.8
228.700000000000      278.8
228.800000000000      278.7
228.900000000000      278.7
229.000000000000      278.7
229.100000000000      278.6
229.200000000000      277.2
229.300000000000      277.1
229.400000000000      277.2
229.500000000000      277.0
229.600000000000      277.0
229.700000000000      277.0
229.800000000000      277.1
229.900000000000      277.1
230.000000000000      276.5
230.100000000000      276.5
230.200000000000      276.4
230.300000000000      276.4
230.400000000000      275.9
230.500000000000      275.9
230.600000000000      275.9
230.700000000000      275.9
230.800000000000      276.0
230.900000000000      276.0
231.000000000000      275.9
231.100000000000      275.9
231.200000000000      276.0
231.300000000000      276.1
231.400000000000      276.1
231.500000000000      276.1
231.600000000000      273.6
231.700000000000      269.5
231.800000000000      269.0
231.900000000000      268.8
232.000000000000      268.6
232.100000000000      268.6
232.200000000000      268.6
232.300000000000      268.6
232.400000000000      268.6
232.500000000000      268.4
232.600000000000      268.5
232.700000000000      268.5
232.800000000000      267.1
232.900000000000      266.8
233.000000000000      266.8
233.100000000000      266.4
233.200000000000      266.2
233.300000000000      266.2
233.400000000000      266.0
233.500000000000      265.9
233.600000000000      266.0
233.700000000000      266.0
233.800000000000      266.0
233.900000000000      266.0
234.000000000000      265.8
234.100000000000      265.9
234.200000000000      266.1
234.300000000000      266.3
234.400000000000      266.6
234.500000000000      266.8
234.600000000000      266.9
234.700000000000      267.0
234.800000000000      267.2
234.900000000000      267.3
235.000000000000      267.2
235.100000000000      267.4
235.200000000000      267.7
235.300000000000      267.9
235.400000000000      268.1
235.500000000000      268.2
235.600000000000      268.4
235.700000000000      268.6
235.800000000000      268.8
235.900000000000      269.0
236.000000000000      269.4
236.100000000000      269.9
236.200000000000      270.2
236.300000000000      270.5
236.400000000000      271.5
236.500000000000      271.3
236.600000000000      271.4
236.700000000000      271.4
236.800000000000      271.5
236.900000000000      271.4
237.000000000000      271.0
237.100000000000      270.8
237.200000000000      270.7
237.300000000000      270.6
237.400000000000      270.8
237.500000000000      270.9
237.600000000000      272.4
237.700000000000      272.6
237.800000000000      272.8
237.900000000000      273.1
238.000000000000      273.2
238.100000000000      273.4
238.200000000000      273.7
238.300000000000      273.9
238.400000000000      274.1
238.500000000000      274.2
238.600000000000      274.2
238.700000000000      274.3
238.800000000000      275.2
238.900000000000      275.3
239.000000000000      275.5
239.100000000000      275.6
239.200000000000      275.6
239.300000000000      275.7
239.400000000000      275.7
239.500000000000      275.9
239.600000000000      276.0
239.700000000000      276.0
239.800000000000      276.0
239.900000000000      276.1
240.000000000000      278.8
240.100000000000      278.9
240.200000000000      279.0
240.300000000000      279.1
240.400000000000      279.2
240.500000000000      279.3
240.600000000000      279.5
240.700000000000      279.7
240.800000000000      279.9
240.900000000000      280.1
241.000000000000      280.5
241.100000000000      280.9
241.200000000000      282.3
241.300000000000      282.6
241.400000000000      282.7
241.500000000000      282.8
241.600000000000      282.9
241.700000000000      283.0
241.800000000000      283.1
241.900000000000      283.2
242.000000000000      283.4
242.100000000000      283.4
242.200000000000      283.5
242.300000000000      283.5
242.400000000000      282.6
242.500000000000      282.7
242.600000000000      282.8
242.700000000000      282.9
242.800000000000      282.9
242.900000000000      283.0
243.000000000000      283.0
243.100000000000      283.1
243.200000000000      283.1
243.300000000000      283.2
243.400000000000      283.3
243.500000000000      283.3
243.600000000000      282.4
243.700000000000      282.4
243.800000000000      282.5
243.900000000000      282.5
244.000000000000      282.5
244.100000000000      282.4
244.200000000000      282.5
244.300000000000      282.6
244.400000000000      282.6
244.500000000000      282.5
244.600000000000      282.5
244.700000000000      282.6
244.800000000000      282.3
244.900000000000      282.4
245.000000000000      282.1
245.100000000000      282.2
245.200000000000      281.9
245.300000000000      276.2
245.400000000000      275.9
245.500000000000      275.8
245.600000000000      275.8
245.700000000000      275.8
245.800000000000      276.1
245.900000000000      275.9
246.000000000000      274.1
246.100000000000      273.7
246.200000000000      272.8
246.300000000000      272.5
246.400000000000      272.8
246.500000000000      273.0
246.600000000000      273.2
246.700000000000      273.4
246.800000000000      273.5
246.900000000000      273.9
247.000000000000      274.1
247.100000000000      274.4
247.200000000000      276.0
247.300000000000      276.2
247.400000000000      276.5
247.500000000000      276.9
247.600000000000      277.2
247.700000000000      277.8
247.800000000000      278.2
247.900000000000      278.7
248.000000000000      279.3
248.100000000000      279.9
248.200000000000      280.5
248.300000000000      280.4
248.400000000000      281.8
248.500000000000      281.7
248.600000000000      281.4
248.700000000000      281.4
248.800000000000      281.9
248.900000000000      282.4
249.000000000000      282.9
249.100000000000      282.6
249.200000000000      282.9
249.300000000000      282.4
249.400000000000      281.8
249.500000000000      281.0
249.600000000000      281.5
249.700000000000      281.5
249.800000000000      281.6
249.900000000000      281.7
250.000000000000      282.2
250.100000000000      282.3
250.200000000000      282.3
250.300000000000      282.4
250.400000000000      282.5
250.500000000000      282.5
250.600000000000      282.5
250.700000000000      282.6
250.800000000000      282.6
250.900000000000      282.9
251.000000000000      283.0
251.100000000000      283.1
251.200000000000      283.3
251.300000000000      283.4
251.400000000000      283.6
251.500000000000      283.8
251.600000000000      283.8
251.700000000000      284.0
251.800000000000      284.3
251.900000000000      284.4
252.000000000000      285.8
252.100000000000      286.2
252.200000000000      286.4
252.300000000000      286.6
252.400000000000      286.9
252.500000000000      287.2
252.600000000000      287.1
252.700000000000      286.9
252.800000000000      287.0
252.900000000000      287.0
253.000000000000      286.7
253.100000000000      286.3
253.200000000000      286.8
253.300000000000      287.0
253.400000000000      287.2
253.500000000000      287.3
253.600000000000      287.6
253.700000000000      287.7
253.800000000000      287.8
253.900000000000      287.8
254.000000000000      287.5
254.100000000000      287.2
254.200000000000      287.2
254.300000000000      287.2
254.400000000000      287.6
254.500000000000      287.6
254.600000000000      287.6
254.700000000000      287.6
254.800000000000      287.6
254.900000000000      287.7
255.000000000000      288.5
255.100000000000      288.5
255.200000000000      288.6
255.300000000000      288.7
255.400000000000      288.8
255.500000000000      288.9
255.600000000000      289.5
255.700000000000      289.5
255.800000000000      289.6
255.900000000000      289.7
256.000000000000      289.8
256.100000000000      289.7
256.200000000000      289.8
256.300000000000      289.8
256.400000000000      290.0
256.500000000000      290.0
256.600000000000      290.1
256.700000000000      290.1
256.800000000000      290.5
256.900000000000      290.6
257.000000000000      290.7
257.100000000000      290.8
257.200000000000      290.9
257.300000000000      291.0
257.400000000000      291.0
257.500000000000      291.1
257.600000000000      291.1
257.700000000000      290.9
257.800000000000      290.9
257.900000000000      290.9
258.000000000000      291.2
258.100000000000      291.3
258.200000000000      291.3
258.300000000000      291.3
258.400000000000      291.3
258.500000000000      291.3
258.600000000000      291.2
258.700000000000      291.3
258.800000000000      291.3
258.900000000000      291.4
259.000000000000      291.4
259.100000000000      291.5
259.200000000000      291.4
259.300000000000      291.5
259.400000000000      291.5
259.500000000000      291.5
259.600000000000      291.7
259.700000000000      291.7
259.800000000000      291.7
259.900000000000      291.7
260.000000000000      291.5
260.100000000000      291.6
260.200000000000      291.7
260.300000000000      291.8
260.400000000000      291.6
260.500000000000      291.8
260.600000000000      291.9
260.700000000000      291.9
260.800000000000      292.1
260.900000000000      292.3
261.000000000000      292.3
261.100000000000      292.5
261.200000000000      292.8
261.300000000000      293.1
261.400000000000      293.1
261.500000000000      293.0
261.600000000000      292.6
261.700000000000      292.2
261.800000000000      292.0
261.900000000000      291.4
262.000000000000      290.7
262.100000000000      289.9
262.200000000000      289.8
262.300000000000      289.9
262.400000000000      289.9
262.500000000000      289.9
262.600000000000      290.0
262.700000000000      290.0
262.800000000000      290.5
262.900000000000      290.7
263.000000000000      290.9
263.100000000000      291.0
263.200000000000      291.2
263.300000000000      291.3
263.400000000000      291.5
263.500000000000      291.7
263.600000000000      291.9
263.700000000000      292.1
263.800000000000      292.1
263.900000000000      292.1
264.000000000000      292.7
264.100000000000      292.7
264.200000000000      292.8
264.300000000000      292.8
264.400000000000      292.9
264.500000000000      293.0
264.600000000000      293.1
264.700000000000      293.1
264.800000000000      293.2
264.900000000000      293.3
265.000000000000      293.2
265.100000000000      293.3
265.200000000000      293.7
265.300000000000      293.8
265.400000000000      293.9
265.500000000000      294.0
265.600000000000      294.1
265.700000000000      294.1
265.800000000000      294.2
265.900000000000      294.3
266.000000000000      294.4
266.100000000000      294.5
266.200000000000      294.6
266.300000000000      294.7
266.400000000000      295.4
266.500000000000      295.6
266.600000000000      295.7
266.700000000000      295.7
266.800000000000      295.8
266.900000000000      295.8
267.000000000000      295.9
267.100000000000      296.0
267.200000000000      296.1
267.300000000000      296.1
267.400000000000      296.2
267.500000000000      296.1
267.600000000000      296.4
267.700000000000      296.5
267.800000000000      296.6
267.900000000000      296.6
268.000000000000      296.7
268.100000000000      296.8
268.200000000000      296.8
268.300000000000      296.8
268.400000000000      296.9
268.500000000000      296.8
268.600000000000      296.8
268.700000000000      296.8
268.800000000000      297.1
268.900000000000      297.1
269.000000000000      297.2
269.100000000000      297.1
269.200000000000      297.1
269.300000000000      297.1
269.400000000000      297.1
269.500000000000      297.1
269.600000000000      297.1
269.700000000000      297.1
269.800000000000      297.1
269.900000000000      297.0
270.000000000000      297.6
270.100000000000      297.7
270.200000000000      297.8
270.300000000000      297.8
270.400000000000      297.8
270.500000000000      297.8
270.600000000000      297.9
270.700000000000      297.9
270.800000000000      298.1
270.900000000000      298.0
271.000000000000      297.9
271.100000000000      297.9
271.200000000000      297.4
271.300000000000      297.3
271.400000000000      297.4
271.500000000000      297.3
271.600000000000      297.3
271.700000000000      297.3
271.800000000000      297.2
271.900000000000      297.2
272.000000000000      297.1
272.100000000000      297.1
272.200000000000      297.1
272.300000000000      297.1
272.400000000000      296.9
272.500000000000      296.9
272.600000000000      297.0
272.700000000000      297.0
272.800000000000      297.0
272.900000000000      297.1
273.000000000000      297.0
273.100000000000      297.1
273.200000000000      297.2
273.300000000000      297.1
273.400000000000      297.2
273.500000000000      297.2
273.600000000000      297.6
273.700000000000      297.7
273.800000000000      297.8
273.900000000000      297.9
274.000000000000      297.9
274.100000000000      298.1
274.200000000000      298.2
274.300000000000      298.2
274.400000000000      298.4
274.500000000000      298.4
274.600000000000      298.4
274.700000000000      298.5
274.800000000000      299.1
274.900000000000      299.3
275.000000000000      299.5
275.100000000000      299.7
275.200000000000      299.8
275.300000000000      299.9
275.400000000000      300.0
275.500000000000      300.1
275.600000000000      300.2
275.700000000000      300.3
275.800000000000      300.4
275.900000000000      300.1
276.000000000000      299.9
276.100000000000      299.7
276.200000000000      299.6
276.300000000000      299.5
276.400000000000      299.6
276.500000000000      299.7
276.600000000000      299.6
276.700000000000      299.6
276.800000000000      299.6
276.900000000000      299.4
277.000000000000      299.4
277.100000000000      299.4
277.200000000000      298.5
277.300000000000      298.3
277.400000000000      298.3
277.500000000000      298.1
277.600000000000      298.1
277.700000000000      298.1
277.800000000000      298.1
277.900000000000      298.1
278.000000000000      298.1
278.100000000000      298.1
278.200000000000      295.0
278.300000000000      294.5
278.400000000000      292.2
278.500000000000      292.0
278.600000000000      292.0
278.700000000000      291.9
278.800000000000      292.0
278.900000000000      291.9
279.000000000000      291.7
279.100000000000      291.7
279.200000000000      291.8
279.300000000000      291.8
279.400000000000      291.9
279.500000000000      291.9
279.600000000000      292.6
279.700000000000      292.7
279.800000000000      292.7
279.900000000000      292.7
280.000000000000      292.8
280.100000000000      292.8
280.200000000000      292.9
280.300000000000      292.9
280.400000000000      292.9
280.500000000000      292.9
280.600000000000      293.1
280.700000000000      293.1
280.800000000000      293.9
280.900000000000      294.0
281.000000000000      294.0
281.100000000000      294.0
281.200000000000      294.1
281.300000000000      294.1
281.400000000000      294.2
281.500000000000      294.2
281.600000000000      294.2
281.700000000000      294.2
281.800000000000      294.3
281.900000000000      294.3
282.000000000000      295.3
282.100000000000      295.3
282.200000000000      295.4
282.300000000000      295.5
282.400000000000      295.6
282.500000000000      295.6
282.600000000000      295.7
282.700000000000      295.7
282.800000000000      295.8
282.900000000000      295.8
283.000000000000      295.8
283.100000000000      295.9
283.200000000000      296.7
283.300000000000      296.8
283.400000000000      296.9
283.500000000000      297.0
283.600000000000      297.1
283.700000000000      297.1
283.800000000000      297.2
283.900000000000      297.3
284.000000000000      297.4
284.100000000000      297.5
284.200000000000      297.7
284.300000000000      297.8
284.400000000000      298.4
284.500000000000      298.6
284.600000000000      298.7
284.700000000000      298.8
284.800000000000      299.0
284.900000000000      299.0
285.000000000000      300.1
285.100000000000      300.2
285.200000000000      300.4
285.300000000000      300.5
285.400000000000      300.7
285.500000000000      300.7
285.600000000000      301.4
285.700000000000      301.5
285.800000000000      301.7
285.900000000000      301.8
286.000000000000      301.9
286.100000000000      302.0
286.200000000000      302.1
286.300000000000      302.1
286.400000000000      302.2
286.500000000000      302.3
286.600000000000      302.4
286.700000000000      302.5
286.800000000000      303.3
286.900000000000      303.4
287.000000000000      303.5
287.100000000000      303.5
287.200000000000      303.7
287.300000000000      303.8
287.400000000000      304.0
287.500000000000      304.0
287.600000000000      304.1
287.700000000000      304.1
287.800000000000      304.2
287.900000000000      304.2
288.000000000000      305.3
288.100000000000      305.4
288.200000000000      305.5
288.300000000000      305.6
288.400000000000      305.7
288.500000000000      305.7
288.600000000000      305.8
288.700000000000      305.9
288.800000000000      305.9
288.900000000000      305.9
289.000000000000      305.9
289.100000000000      305.9
289.200000000000      306.6
289.300000000000      306.7
289.400000000000      306.8
289.500000000000      306.8
289.600000000000      306.8
289.700000000000      306.9
289.800000000000      307.0
289.900000000000      307.0
290.000000000000      307.2
290.100000000000      307.2
290.200000000000      307.2
290.300000000000      307.2
290.400000000000      307.5
290.500000000000      307.5
290.600000000000      307.6
290.700000000000      307.6
290.800000000000      307.6
290.900000000000      307.6
291.000000000000      307.6
291.100000000000      307.6
291.200000000000      307.7
291.300000000000      307.7
291.400000000000      307.7
291.500000000000      307.7
291.600000000000      307.5
291.700000000000      307.6
291.800000000000      307.6
291.900000000000      307.6
292.000000000000      307.7
292.100000000000      307.7
292.200000000000      307.7
292.300000000000      307.7
292.400000000000      307.8
292.500000000000      307.7
292.600000000000      307.7
292.700000000000      307.7
292.800000000000      307.9
292.900000000000      307.9
293.000000000000      308.0
293.100000000000      308.0
293.200000000000      308.0
293.300000000000      308.0
293.400000000000      308.1
293.500000000000      308.1
293.600000000000      308.1
293.700000000000      308.1
293.800000000000      308.2
293.900000000000      308.2
294.000000000000      308.1
294.100000000000      308.2
294.200000000000      308.2
294.300000000000      308.3
294.400000000000      308.4
294.500000000000      308.0
294.600000000000      301.6
294.700000000000      301.2
294.800000000000      301.0
294.900000000000      300.9
295.000000000000      300.1
295.100000000000      300.1
295.200000000000      299.7
295.300000000000      299.7
295.400000000000      299.9
295.500000000000      299.9
295.600000000000      300.1
295.700000000000      300.3
295.800000000000      300.5
295.900000000000      300.7
296.000000000000      300.8
296.100000000000      301.0
296.200000000000      301.3
296.300000000000      301.4
296.400000000000      302.3
296.500000000000      302.6
296.600000000000      303.0
296.700000000000      303.3
296.800000000000      303.7
296.900000000000      304.1
297.000000000000      304.6
297.100000000000      304.5
297.200000000000      304.6
297.300000000000      304.4
297.400000000000      303.0
297.500000000000      302.3
297.600000000000      302.2
297.700000000000      301.6
297.800000000000      301.7
297.900000000000      301.8
298.000000000000      301.8
298.100000000000      301.9
298.200000000000      302.0
298.300000000000      302.1
298.400000000000      302.2
298.500000000000      302.2
298.600000000000      302.3
298.700000000000      302.3
298.800000000000      302.8
298.900000000000      302.8
299.000000000000      302.9
299.100000000000      303.0
299.200000000000      303.1
299.300000000000      303.1
299.400000000000      303.2
299.500000000000      303.2
299.600000000000      303.4
299.700000000000      303.6
299.800000000000      303.7
299.900000000000      304.0
300.000000000000      304.4
300.100000000000      304.6
300.200000000000      304.8
300.300000000000      305.2
300.400000000000      305.3
300.500000000000      304.9
300.600000000000      304.9
300.700000000000      304.1
300.800000000000      303.5
300.900000000000      303.5
301.000000000000      303.4
301.100000000000      303.4
301.200000000000      303.3
301.300000000000      303.4
