 0.0      351.3        0.0
 0.2      351.5        0.0
 0.4      351.5        0.0
 0.6      351.5        0.0
 0.8      351.6        0.0
 1.0      351.6        0.0
 1.2      351.6        0.0
 1.4      351.6        0.0
 1.6      351.4        0.0
 1.8      351.3        0.0
 2.0      351.3        0.0
 2.2      351.6        0.0
 2.4      351.6        0.0
 2.6      351.7        0.0
 2.8      351.7        0.0
 3.0      351.4        0.0
 3.2      351.4        0.0
 3.4      351.5        0.0
 3.6      351.6        0.0
 3.8      351.8        0.0
 4.0      351.7        0.0
 4.2      351.9        0.0
 4.4      351.9        0.0
 4.6      352.0        0.0
 4.8      352.0        0.0
 5.0      352.1        0.0
 5.2      352.2        0.0
 5.4      352.3        0.0
 5.6      352.3        0.0
 5.8      352.3        0.0
 6.0      352.5        0.0
 6.2      352.6        0.0
 6.4      352.7        0.0
 6.6      352.8        0.0
 6.8      352.8        0.0
 7.0      352.9        0.0
 7.2      352.9        0.0
 7.4      353.0        0.0
 7.6      353.2        0.0
 7.8      353.2        0.0
 8.0      353.1        0.0
 8.2      353.2        0.0
 8.4      353.3        0.0
 8.6      353.5        0.0
 8.8      353.5        0.0
 9.0      354.0        0.0
 9.2      354.1        0.0
 9.4      354.1        0.0
 9.6      354.2        0.0
 9.8      354.4        0.0
10.0      354.5        0.0
10.2      354.7        0.0
10.4      354.8        0.0
10.6      355.7        0.0
10.8      355.9        0.0
11.0      357.0        0.0
11.2      358.1        0.0
11.4      359.5        0.0
11.6      362.0        0.0
11.8      363.7        0.0
12.0      370.3        0.0
12.2      372.4        0.0
12.4      375.7        0.0
12.6      380.2        0.0
12.8      385.6        0.0
13.0      398.0        0.0
13.2      416.5        0.0
13.4      452.5        0.0
13.6      430.3        0.0
13.8      389.9        0.0
14.0      402.9        0.0
14.2      456.2        0.0
14.4      479.5        0.0
14.6      452.7        0.0
14.8      367.7        0.0
15.0      347.7        0.0
15.2      417.2        0.0
15.4      541.1        0.0
15.6      555.8        0.0
15.8      588.4        0.0
16.0      614.0        0.0
16.2      625.1        0.0
16.4      624.6        0.0
16.6      603.7        0.0
16.8      586.6        0.0
17.0      467.7        0.0
17.2      400.1        0.0
17.4      259.1        0.0
17.6      118.7        0.0
17.8      111.0        0.0
18.0      182.5        0.0
18.2      172.3        0.0
18.4       85.9        0.0
18.6       45.7        0.0
18.8       50.3        0.0
19.0       66.5        0.0
19.2       94.8        0.0
19.4      127.3        0.0
19.6      180.9        0.0
19.8      242.9        0.0
20.0      309.9        0.0
20.2      369.8        0.0
20.4      379.3        0.0
20.6      380.3        0.0
20.8      380.0        0.0
21.0      376.9        0.0
21.2      376.7        0.0
21.4      376.4        0.0
21.6      375.6        0.0
21.8      374.9        0.0
22.0      374.5        0.0
22.2      374.4        0.0
22.4      374.3        0.0
22.6      374.1        0.0
22.8      374.1        0.0
23.0      374.1        0.0
23.2      374.0        0.0
23.4      374.0        0.0
23.6      373.7        0.0
23.8      373.7        0.0
24.0      373.3        0.0
24.2      373.4        0.0
24.4      373.3        0.0
24.6      373.5        0.0
24.8      373.6        0.0
25.0      373.6        0.0
25.2      373.7        0.0
25.4      373.6        0.0
25.6      373.2        0.0
25.8      373.1        0.0
26.0      372.9        0.0
26.2      373.0        0.0
26.4      373.0        0.0
26.6      373.1        0.0
26.8      373.2        0.0
27.0      373.6        0.0
27.2      373.6        0.0
27.4      373.6        0.0
27.6      373.6        0.0
27.8      373.6        0.0
28.0      373.5        0.0
28.2      373.6        0.0
28.4      373.6        0.0
28.6      373.5        0.0
28.8      373.6        0.0
29.0      373.6        0.0
29.2      373.6        0.0
29.4      373.7        0.0
29.6      373.6        0.0
29.8      373.7        0.0
30.0      374.0        0.0
30.2      374.2        0.0
30.4      374.2        0.0
30.6      374.5        0.0
30.8      374.6        0.0
31.0      374.7        0.0
31.2      374.8        0.0
31.4      374.8        0.0
31.6      374.8        0.0
31.8      374.8        0.0
32.0      374.8        0.0
32.2      374.8        0.0
32.4      374.9        0.0
32.6      375.0        0.0
32.8      375.1        0.0
33.0      375.2        0.0
33.2      375.3        0.0
33.4      375.4        0.0
33.6      375.5        0.0
33.8      375.6        0.0
34.0      375.6        0.0
34.2      375.7        0.0
34.4      375.7        0.0
34.6      375.7        0.0
34.8      375.7        0.0
35.0      375.7        0.0
35.2      375.8        0.0
35.4      375.9        0.0
35.6      375.9        0.0
35.8      375.9        0.0
36.0      376.3        0.0
36.2      376.4        0.0
36.4      376.4        0.0
36.6      376.4        0.0
36.8      376.4        0.0
37.0      376.6        0.0
37.2      376.7        0.0
37.4      376.7        0.0
37.6      377.0        0.0
37.8      377.0        0.0
38.0      377.1        0.0
38.2      377.1        0.0
38.4      377.2        0.0
38.6      377.2        0.0
38.8      377.3        0.0
39.0      377.2        0.0
39.2      377.2        0.0
39.4      377.2        0.0
39.6      377.4        0.0
39.8      377.6        0.0
40.0      377.8        0.0
40.2      377.8        0.0
40.4      377.8        0.0
40.6      377.8        0.0
40.8      377.9        0.0
41.0      377.7        0.0
41.2      377.8        0.0
41.4      377.9        0.0
41.6      377.8        0.0
41.8      377.8        0.0
42.0      377.9        0.0
42.2      378.2        0.0
42.4      378.3        0.0
42.6      378.2        0.0
42.8      378.2        0.0
43.0      378.1        0.0
43.2      378.0        0.0
43.4      377.9        0.0
43.6      378.0        0.0
43.8      378.0        0.0
44.0      378.0        0.0
44.2      378.1        0.0
44.4      378.1        0.0
44.6      378.2        0.0
44.8      378.2        0.0
45.0      378.4        0.0
45.2      378.4        0.0
45.4      378.5        0.0
45.6      378.7        0.0
45.8      378.7        0.0
46.0      378.7        0.0
46.2      378.8        0.0
46.4      378.8        0.0
46.6      378.9        0.0
46.8      378.9        0.0
47.0      378.8        0.0
47.2      378.8        0.0
47.4      378.9        0.0
47.6      378.9        0.0
47.8      379.0        0.0
48.0      379.4        0.0
48.2      379.6        0.0
48.4      379.7        0.0
48.6      379.8        0.0
48.8      379.9        0.0
49.0      380.0        0.0
49.2      379.9        0.0
49.4      380.0        0.0
49.6      380.2        0.0
49.8      380.2        0.0
50.0      380.2        0.0
50.2      380.3        0.1
50.4      380.4        0.0
50.6      380.4        0.1
50.8      380.4        0.1
51.0      380.4        0.1
51.2      380.6        0.1
51.4      380.5        0.0
51.6      380.4        0.0
51.8      380.1        0.0
52.0      379.6        0.0
52.2      379.5        0.0
52.4      379.1        0.0
52.6      378.6        0.0
52.8      378.0        0.0
53.0      377.6        0.0
53.2      377.2        0.0
53.4      377.4        0.0
53.6      377.7        0.0
53.8      378.1        0.0
54.0      379.6        0.0
54.2      380.5        0.0
54.4      381.0        0.0
54.6      381.4        0.0
54.8      381.7        0.0
55.0      381.9        0.0
55.2      381.9        0.0
55.4      381.8        0.0
55.6      381.9        0.0
55.8      381.6        0.0
56.0      381.1        0.0
56.2      380.9        0.0
56.4      380.8        0.0
56.6      380.9        0.0
56.8      380.8        0.0
57.0      380.4        0.0
57.2      380.4        0.0
57.4      380.3        0.0
57.6      380.5        0.0
57.8      380.6        0.0
58.0      380.4        0.0
58.2      380.5        0.1
58.4      380.5        0.1
58.6      381.2        0.0
58.8      381.2        0.0
59.0      381.2        0.0
59.2      381.2        0.0
59.4      381.3        0.0
59.6      381.2        0.0
59.8      381.2        0.0
60.0      381.7        0.0
60.2      381.8        0.0
60.4      381.8        0.0
60.6      382.0        0.0
60.8      382.0        0.0
61.0      382.0        0.0
61.2      382.0        0.0
61.4      382.0        0.0
61.6      382.0        0.0
61.8      382.1        0.0
62.0      382.1        0.0
62.2      382.3        0.0
62.4      382.4        0.0
62.6      382.5        0.0
62.8      382.5        0.0
63.0      382.9        0.0
63.2      382.9        0.0
63.4      382.9        0.0
63.6      383.1        0.0
63.8      383.4        0.0
64.0      383.4        0.0
64.2      383.6        0.0
64.4      383.6        0.0
64.6      383.8        0.0
64.8      383.9        0.0
65.0      384.0        0.0
65.2      384.1        0.0
65.4      384.3        0.0
65.6      384.4        0.0
65.8      384.5        0.0
66.0      384.9        0.0
66.2      385.0        0.0
66.4      385.1        0.0
66.6      385.2        0.0
66.8      385.4        0.0
67.0      385.7        0.0
67.2      385.9        0.0
67.4      386.0        0.0
67.6      386.1        0.0
67.8      386.1        0.0
68.0      386.1        0.0
68.2      386.3        0.0
68.4      386.3        0.0
68.6      386.3        0.0
68.8      386.3        0.0
69.0      386.1        0.0
69.2      386.1        0.0
69.4      386.2        0.0
69.6      386.6        0.0
69.8      386.9        0.0
70.0      386.9        0.0
70.2      386.9        0.0
70.4      386.9        0.0
70.6      387.1        0.0
70.8      387.1        0.0
71.0      387.1        0.0
71.2      387.2        0.0
71.4      387.3        0.0
71.6      387.2        0.0
71.8      387.2        0.0
72.0      387.6        0.0
72.2      387.7        0.0
72.4      387.7        0.0
72.6      387.6        0.0
72.8      387.7        0.0
73.0      387.8        0.0
73.2      387.8        0.0
73.4      387.8        0.0
73.6      387.8        0.0
73.8      387.8        0.0
74.0      387.8        0.0
74.2      387.9        0.0
74.4      388.0        0.0
74.6      388.0        0.0
74.8      388.0        0.0
75.0      388.1        0.0
75.2      388.2        0.0
75.4      388.3        0.0
75.6      388.5        0.0
75.8      388.6        0.0
76.0      388.6        0.0
76.2      388.6        0.0
76.4      388.6        0.0
76.6      388.8        0.0
76.8      388.8        0.0
77.0      388.8        0.0
77.2      388.8        0.0
77.4      388.9        0.0
77.6      389.0        0.0
77.8      389.0        0.0
78.0      389.4        0.0
78.2      389.6        0.0
78.4      389.6        0.0
78.6      389.7        0.0
78.8      389.9        0.0
79.0      390.0        0.0
79.2      390.0        0.0
79.4      390.0        0.0
79.6      390.1        0.0
79.8      390.1        0.0
80.0      390.1        0.0
80.2      390.2        0.0
80.4      390.3        0.0
80.6      390.4        0.0
80.8      390.4        0.0
81.0      391.2        0.0
81.2      391.3        0.0
81.4      391.3        0.0
81.6      391.6        0.0
81.8      391.8        0.0
82.0      391.9        0.0
82.2      392.0        0.0
82.4      392.1        0.0
82.6      391.9        0.0
82.8      392.0        0.0
83.0      392.2        0.0
83.2      392.3        0.0
83.4      392.5        0.0
83.6      392.6        0.0
83.8      392.6        0.0
84.0      392.7        0.0
84.2      392.8        0.0
84.4      392.8        0.0
84.6      392.8        0.0
84.8      392.9        0.0
85.0      393.0        0.0
85.2      393.1        0.0
85.4      393.1        0.0
85.6      393.2        0.0
85.8      393.2        0.0
86.0      393.3        0.0
86.2      393.3        0.0
86.4      393.4        0.0
86.6      393.4        0.0
86.8      393.3        0.0
87.0      393.6        0.0
87.2      393.6        0.0
87.4      393.7        0.0
87.6      393.7        0.0
87.8      393.8        0.0
88.0      394.0        0.0
88.2      394.1        0.0
88.4      394.1        0.0
88.6      394.1        0.0
88.8      394.1        0.0
89.0      394.1        0.0
89.2      394.1        0.0
89.4      394.3        0.0
89.6      394.3        0.0
89.8      394.4        0.0
90.0      394.8        0.0
90.2      394.9        0.0
90.4      395.0        0.0
90.6      394.9        0.0
90.8      394.9        0.0
91.0      394.9        0.0
91.2      395.0        0.0
91.4      394.9        0.0
91.6      394.9        0.0
91.8      395.0        0.0
92.0      395.2        0.0
92.2      395.3        0.0
92.4      395.4        0.0
92.6      395.4        0.0
92.8      395.4        0.0
93.0      395.7        0.0
93.2      395.7        0.0
93.4      395.7        0.0
93.6      395.7        0.0
93.8      395.7        0.0
94.0      395.7        0.0
94.2      395.7        0.0
94.4      395.8        0.0
94.6      396.1        0.0
94.8      396.1        0.0
95.0      396.1        0.0
95.2      396.1        0.0
95.4      396.1        0.0
95.6      396.2        0.0
95.8      396.2        0.0
96.0      396.5        0.0
96.2      396.6        0.0
96.4      396.6        0.0
96.6      396.7        0.0
96.8      396.8        0.0
97.0      396.8        0.0
97.2      396.9        0.0
97.4      396.9        0.0
97.6      397.0        0.0
97.8      397.0        0.0
98.0      397.1        0.0
98.2      397.2        0.0
98.4      397.4        0.0
98.6      397.4        0.0
98.8      397.4        0.0
99.0      397.8        0.0
99.2      397.8        0.0
99.4      397.8        0.0
99.6      397.8        0.0
99.8      397.9        0.0
100.0      397.9        0.0
100.2      398.0        0.0
100.4      398.1        0.0
100.6      398.3        0.0
100.8      398.3        0.0
101.0      398.3        0.0
101.2      398.4        0.0
101.4      398.6        0.0
101.6      398.8        0.0
101.8      398.8        0.0
102.0      399.2        0.0
102.2      399.3        0.0
102.4      399.2        0.0
102.6      399.1        0.1
102.8      399.1        0.1
103.0      399.2        0.0
103.2      399.2        0.1
103.4      399.2        0.0
103.6      399.2        0.0
103.8      399.2        0.1
104.0      399.1        0.0
104.2      399.0        0.0
104.4      398.7        0.0
104.6      398.3        0.0
104.8      397.9        0.0
105.0      398.0        0.0
105.2      397.9        0.0
105.4      397.9        0.0
105.6      398.1        0.0
105.8      398.3        0.0
106.0      398.3        0.0
106.2      398.4        0.0
106.4      398.6        0.0
106.6      398.8        0.0
106.8      398.9        0.0
107.0      399.2        0.0
107.2      399.3        0.0
107.4      399.5        0.0
107.6      399.5        0.0
107.8      399.5        0.0
108.0      399.7        0.0
108.2      399.9        0.0
108.4      400.0        0.0
108.6      400.0        0.0
108.8      400.1        0.0
109.0      400.3        0.0
109.2      400.4        0.0
109.4      400.5        0.0
109.6      400.6        0.0
109.8      400.6        0.0
110.0      400.7        0.0
110.2      400.7        0.0
110.4      353.8        0.0
110.6      341.2        0.0
110.8      341.2        0.0
111.0      339.9        0.0
111.2      340.1        0.0
111.4      340.0        0.0
111.6      340.1        0.0
111.8      340.3        0.0
112.0      340.8        0.0
112.2      341.2        0.0
112.4      341.2        0.0
112.6      340.9        0.0
112.8      341.0        0.0
113.0      341.5        0.0
113.2      341.6        0.0
113.4      341.9        0.0
113.6      342.1        0.0
113.8      342.1        0.0
114.0      342.7        0.0
114.2      342.9        0.0
114.4      343.0        0.0
114.6      343.5        0.0
114.8      343.8        0.0
115.0      343.6        0.0
115.2      343.6        0.0
115.4      343.6        0.0
115.6      343.6        0.0
115.8      343.7        0.0
116.0      343.6        0.0
116.2      343.7        0.0
116.4      343.9        0.0
116.6      344.0        0.0
116.8      344.1        0.0
117.0      344.3        0.0
117.2      344.4        0.0
117.4      344.5        0.0
117.6      344.5        0.0
117.8      344.4        0.0
118.0      344.4        0.0
118.2      344.6        0.0
118.4      344.6        0.0
118.6      344.9        0.0
118.8      345.0        0.0
119.0      345.2        0.0
119.2      345.4        0.0
119.4      345.6        0.0
119.6      345.6        0.0
119.8      345.5        0.0
120.0      345.5        0.0
120.2      345.7        0.0
120.4      345.7        0.0
120.6      345.5        0.0
120.8      345.5        0.0
121.0      345.6        0.0
121.2      345.7        0.0
121.4      345.9        0.0
121.6      346.1        0.0
121.8      346.0        0.0
122.0      346.0        0.0
122.2      346.1        0.0
122.4      346.3        0.0
122.6      346.4        0.0
122.8      346.5        0.0
123.0      346.3        0.0
123.2      346.3        0.0
123.4      346.3        0.0
123.6      346.3        0.0
123.8      346.4        0.0
124.0      346.5        0.0
124.2      346.5        0.0
124.4      346.5        0.0
124.6      347.2        0.0
124.8      347.2        0.0
125.0      347.2        0.0
125.2      347.2        0.0
125.4      347.3        0.0
125.6      347.3        0.0
125.8      347.3        0.0
126.0      347.2        0.0
126.2      347.4        0.0
126.4      347.5        0.0
126.6      347.3        0.0
126.8      347.4        0.0
127.0      347.5        0.0
127.2      347.6        0.0
127.4      347.7        0.0
127.6      348.3        0.0
127.8      348.3        0.0
128.0      347.9        0.0
128.2      347.9        0.0
128.4      347.8        0.0
128.6      347.7        0.0
128.8      347.6        0.0
129.0      348.1        0.0
129.2      348.0        0.0
129.4      348.0        0.0
129.6      347.9        0.0
129.8      347.8        0.0
130.0      347.9        0.0
130.2      348.0        0.0
130.4      348.1        0.0
130.6      348.4        0.0
130.8      348.5        0.0
131.0      348.6        0.0
131.2      348.6        0.0
131.4      348.7        0.0
131.6      348.7        0.0
131.8      348.7        0.0
132.0      348.4        0.0
132.2      348.8        0.0
132.4      348.8        0.0
132.6      349.4        0.0
132.8      349.7        0.0
133.0      349.7        0.0
133.2      349.6        0.0
133.4      349.6        0.0
133.6      349.9        0.0
133.8      349.8        0.0
134.0      349.8        0.0
134.2      349.8        0.0
134.4      350.0        0.0
134.6      350.1        0.0
134.8      350.1        0.0
135.0      350.3        0.0
135.2      350.6        0.0
135.4      350.8        0.0
135.6      351.2        0.0
135.8      351.6        0.0
136.0      351.7        0.0
136.2      351.7        0.0
136.4      351.7        0.0
136.6      352.0        0.0
136.8      352.0        0.0
137.0      352.1        0.0
137.2      352.2        0.0
137.4      352.4        0.0
137.6      352.4        0.0
137.8      352.5        0.0
138.0      353.1        0.0
138.2      353.4        0.0
138.4      353.5        0.0
138.6      353.5        0.0
138.8      353.6        0.0
139.0      353.3        0.0
139.2      353.3        0.0
139.4      353.3        0.0
139.6      353.4        0.0
139.8      353.4        0.0
140.0      353.5        0.0
140.2      353.5        0.0
140.4      353.5        0.0
140.6      353.6        0.0
140.8      353.6        0.0
141.0      355.1        0.0
141.2      355.0        0.0
141.4      354.9        0.0
141.6      354.9        0.0
141.8      355.0        0.0
142.0      355.0        0.0
142.2      355.3        0.0
142.4      355.3        0.0
142.6      355.0        0.0
142.8      355.0        0.0
143.0      355.1        0.0
143.2      355.1        0.0
143.4      355.1        0.0
143.6      354.5        0.0
143.8      354.5        0.0
144.0      353.6        0.0
144.2      353.9        0.0
144.4      353.9        0.0
144.6      353.9        0.0
144.8      353.8        0.0
145.0      354.1        0.0
145.2      354.2        0.0
145.4      354.1        0.0
145.6      354.0        0.0
145.8      354.0        0.0
146.0      354.0        0.0
146.2      354.1        0.0
146.4      354.4        0.0
146.6      354.4        0.0
146.8      354.4        0.0
147.0      354.2        0.0
147.2      354.4        0.0
147.4      354.5        0.0
147.6      354.7        0.0
147.8      354.9        0.0
148.0      355.2        0.0
148.2      355.4        0.0
148.4      355.3        0.0
148.6      355.1        0.0
148.8      355.1        0.0
149.0      355.2        0.0
149.2      355.3        0.0
149.4      355.5        0.1
149.6      355.6        0.1
149.8      355.6        0.0
150.0      355.9        0.0
150.2      356.0        0.0
150.4      356.0        0.0
150.6      356.2        0.0
150.8      356.3        0.0
151.0      356.2        0.0
151.2      356.4        0.0
151.4      356.3        0.0
151.6      356.2        0.0
151.8      356.2        0.0
152.0      356.2        0.0
152.2      356.4        0.0
152.4      356.5        0.0
152.6      356.6        0.0
152.8      356.5        0.0
153.0      356.5        0.0
153.2      356.8        0.0
153.4      356.9        0.0
153.6      357.0        0.0
153.8      357.1        0.0
154.0      357.0        0.0
154.2      357.1        0.0
154.4      357.2        0.0
154.6      357.2        0.0
154.8      357.2        0.0
155.0      357.2        0.0
155.2      357.3        0.0
155.4      357.3        0.0
155.6      357.3        0.0
155.8      357.3        0.0
156.0      357.4        0.0
156.2      357.4        0.0
156.4      357.6        0.0
156.6      357.8        0.0
156.8      361.7        0.0
157.0      363.9        0.0
157.2      359.9        0.0
157.4      359.6        0.0
157.6      360.3        0.0
157.8      360.4        0.0
158.0      360.0        0.0
158.2      360.0        0.0
158.4      359.3        0.0
158.6      359.3        0.0
158.8      359.3        0.0
159.0      357.9        0.0
159.2      358.1        0.0
159.4      358.3        0.0
159.6      358.4        0.0
159.8      358.7        2.6
160.0      358.9       13.6
160.2      359.1       20.1
160.4      358.9       16.6
160.6      358.7       14.8
160.8      359.1        9.6
161.0      359.3        3.5
161.2      359.5        2.3
161.4      359.4        2.6
161.6      359.4        2.4
161.8      359.3        2.2
162.0      358.2        2.2
162.2      358.4        2.0
162.4      358.5        1.9
162.6      358.7        1.7
162.8      359.3        1.7
163.0      359.2        2.1
163.2      359.3        1.5
163.4      359.6        0.9
163.6      360.1        1.0
163.8      359.8        1.4
164.0      359.7        1.2
164.2      359.8        1.1
164.4      359.9        1.7
164.6      360.0        1.9
164.8      360.0        1.6
165.0      359.8        1.6
165.2      359.9        1.3
165.4      360.0        1.0
165.6      359.8        1.3
165.8      359.8        1.6
166.0      359.7        1.2
166.2      359.7        1.0
166.4      359.7        1.7
166.6      360.2        3.2
166.8      360.3        3.6
167.0      360.3        2.2
167.2      360.4        1.2
167.4      361.8        0.7
167.6      361.5        0.7
167.8      361.2        0.6
168.0      360.2        0.5
168.2      361.3        0.5
168.4      361.5        0.4
168.6      362.4        0.5
168.8      362.0        0.5
169.0      361.9        0.4
169.2      361.9        0.6
169.4      362.1        0.7
169.6      362.2        0.9
169.8      362.1        1.0
170.0      362.1        0.6
170.2      362.3        2.3
170.4      362.5        5.4
170.6      363.0        5.0
170.8      363.2        2.2
171.0      361.6        1.6
171.2      361.8        2.8
171.4      362.1        3.3
171.6      362.5        3.6
171.8      362.6        3.1
172.0      363.0        1.8
172.2      363.6        1.4
172.4      363.6        1.4
172.6      362.9        1.4
172.8      362.8        1.2
173.0      362.7        2.4
173.2      362.5        2.7
173.4      362.6        1.6
173.6      363.1        2.4
173.8      363.7        3.0
174.0      362.4        2.3
174.2      363.1        1.3
174.4      363.2        0.6
174.6      363.4        0.6
174.8      363.8        0.6
175.0      363.5        1.6
175.2      363.3        3.4
175.4      363.3        3.0
175.6      363.6        1.7
175.8      363.8        1.6
176.0      364.0        1.2
176.2      364.0        0.5
176.4      364.3        0.6
176.6      364.6        3.9
176.8      364.6        5.5
177.0      364.7        3.2
177.2      364.6        2.1
177.4      364.7        1.2
177.6      364.5        2.5
177.8      364.7        4.4
178.0      364.9        3.3
178.2      364.9        2.0
178.4      364.9        1.8
178.6      364.8        1.3
178.8      364.9        1.7
179.0      364.9        1.9
179.2      364.9        3.3
179.4      364.8        4.2
179.6      365.6        2.3
179.8      365.3        1.1
180.0      364.7        1.1
180.2      364.9        1.2
180.4      365.0        1.4
180.6      365.0        2.0
180.8      365.2        1.8
181.0      365.3        1.4
181.2      365.4        1.1
181.4      365.4        0.8
181.6      365.3        1.1
181.8      365.3        1.2
182.0      365.6        0.9
182.2      365.8        0.8
182.4      365.8        0.8
182.6      366.1        2.1
182.8      366.1        2.8
183.0      366.4        1.4
183.2      366.4        0.9
183.4      366.4        0.9
183.6      366.4        0.7
183.8      366.8        0.8
184.0      367.0        0.9
184.2      367.0        0.8
184.4      367.0        0.5
184.6      367.2        0.5
184.8      367.4        0.6
185.0      367.4        0.9
185.2      367.5        1.0
185.4      367.5        0.9
185.6      367.4        1.2
185.8      367.4        1.6
186.0      366.0        1.3
186.2      366.9        0.8
186.4      366.9        0.8
186.6      366.9        0.7
186.8      366.8        0.5
187.0      366.8        1.4
187.2      367.0        1.8
187.4      367.0        1.2
187.6      366.6        0.9
187.8      366.4        0.9
188.0      366.3        0.9
188.2      366.3        0.6
188.4      366.3        0.6
188.6      366.7        0.5
188.8      367.1        0.5
189.0      367.1        0.5
189.2      367.3        1.9
189.4      367.4        2.7
189.6      367.5        1.4
189.8      367.6        0.8
190.0      367.6        0.6
190.2      367.9        0.5
190.4      368.0        0.5
190.6      368.0        0.5
190.8      368.3        0.9
191.0      368.0        0.9
191.2      368.0        0.6
191.4      368.4        0.6
191.6      368.5        0.6
191.8      368.7        0.7
192.0      368.7        1.2
192.2      368.9        1.1
192.4      369.0        0.5
192.6      369.1        0.4
192.8      369.3        0.5
193.0      369.3        0.4
193.2      369.2        0.3
193.4      369.1        0.4
193.6      369.3        2.3
193.8      369.3        2.5
194.0      369.5        0.9
194.2      369.5        0.6
194.4      369.5        0.8
194.6      369.4        1.5
194.8      369.4        1.4
195.0      368.9        0.8
195.2      369.0        0.6
195.4      369.0        0.5
195.6      369.2        0.6
195.8      369.2        0.5
196.0      369.2        0.5
196.2      369.3        0.7
196.4      369.3        0.8
196.6      369.4        0.8
196.8      369.5        1.1
197.0      369.7        1.0
197.2      369.8        0.7
197.4      369.9        0.6
197.6      370.4        0.5
197.8      370.3        0.5
198.0      370.2        0.4
198.2      370.4        0.6
198.4      370.3        0.6
198.6      370.3        0.6
198.8      370.3        0.7
199.0      370.5        0.7
199.2      370.4        0.6
199.4      370.4        0.6
199.6      370.7        0.6
199.8      370.8        0.6
200.0      371.1        0.5
200.2      371.0        0.5
200.4      371.1        0.6
200.6      371.1        0.7
200.8      371.1        0.8
201.0      370.4        1.0
201.2      370.9        0.9
201.4      371.1        0.5
201.6      371.6        0.6
201.8      371.6        0.5
202.0      371.6        0.5
202.2      371.7        0.5
202.4      371.7        0.4
202.6      372.0        0.4
202.8      371.9        0.6
203.0      371.6        0.7
203.2      371.6        0.5
203.4      371.3        0.3
203.6      371.1        0.4
203.8      371.1        0.5
204.0      371.0        0.5
204.2      371.3        0.5
204.4      371.3        0.5
204.6      371.6        0.6
204.8      371.7        0.7
205.0      371.5        0.4
205.2      371.6        0.2
205.4      371.7        0.2
205.6      371.7        0.3
205.8      371.8        0.4
206.0      371.8        0.3
206.2      371.8        0.4
206.4      372.1        0.4
206.6      372.3        0.3
206.8      372.4        0.3
207.0      372.0        0.6
207.2      372.3        0.7
207.4      372.4        0.4
207.6      372.5        0.4
207.8      372.6        0.3
208.0      372.6        0.4
208.2      372.7        0.3
208.4      372.8        0.4
208.6      373.1        0.5
208.8      373.1        0.3
209.0      372.9        0.2
209.2      372.9        0.2
209.4      373.2        0.3
209.6      373.6        0.3
209.8      373.5        0.3
210.0      373.5        0.6
210.2      373.6        0.6
210.4      373.6        0.3
210.6      373.7        0.4
210.8      373.7        0.5
211.0      373.8        0.4
211.2      373.8        0.2
211.4      373.9        0.2
211.6      374.3        0.2
211.8      374.4        0.2
212.0      374.6        0.1
212.2      374.9        0.2
212.4      375.2        0.3
212.6      375.3        0.3
212.8      375.2        0.3
213.0      374.2        0.3
213.2      374.4        0.3
213.4      374.4        0.4
213.6      375.1        0.4
213.8      375.5        0.3
214.0      375.5        0.3
214.2      375.6        0.3
214.4      375.6        0.3
214.6      375.6        0.3
214.8      375.5        0.4
215.0      375.4        0.4
215.2      375.4        0.2
215.4      375.5        0.2
215.6      375.5        0.2
215.8      375.5        0.2
216.0      375.2        0.3
216.2      375.4        0.3
216.4      375.4        0.2
216.6      375.5        0.2
216.8      375.6        0.2
217.0      375.7        0.2
217.2      375.7        0.5
217.4      375.6        0.5
217.6      375.9        0.2
217.8      375.9        0.2
218.0      375.9        0.2
218.2      376.0        0.2
218.4      376.0        0.2
218.6      376.0        0.1
218.8      376.2        0.1
219.0      375.3        0.2
219.2      375.6        0.2
219.4      375.8        0.3
219.6      375.9        0.2
219.8      376.0        0.2
220.0      375.9        0.7
220.2      375.9        0.8
220.4      375.9        0.4
220.6      375.5        0.2
220.8      375.6        0.1
221.0      376.0        0.1
221.2      376.3        0.1
221.4      376.7        0.2
221.6      376.6        0.3
221.8      376.7        0.4
222.0      377.1        0.4
222.2      377.2        0.2
222.4      377.3        0.2
222.6      377.1        0.1
222.8      377.1        0.1
223.0      377.2        0.1
223.2      377.3        0.2
223.4      377.3        0.3
223.6      377.1        0.4
223.8      377.0        0.3
224.0      377.0        0.3
224.2      377.2        0.3
224.4      377.1        0.2
224.6      377.3        0.1
224.8      377.2        0.2
225.0      376.8        0.2
225.2      377.1        0.3
225.4      377.2        0.3
225.6      377.4        0.5
225.8      377.5        0.5
226.0      377.6        0.2
226.2      377.8        0.2
226.4      377.8        0.2
226.6      377.8        0.1
226.8      377.9        0.1
227.0      377.9        0.2
227.2      378.0        0.2
227.4      378.1        0.1
227.6      378.1        0.2
227.8      378.1        0.2
228.0      377.1        0.1
228.2      377.2        0.1
228.4      377.3        0.2
228.6      377.7        0.2
228.8      378.0        0.3
229.0      377.9        0.2
229.2      377.8        0.2
229.4      377.9        0.2
229.6      378.1        0.1
229.8      378.2        0.1
230.0      378.2        0.2
230.2      378.3        0.3
230.4      378.4        0.2
230.6      378.4        0.3
230.8      378.4        0.3
231.0      378.2        0.1
231.2      378.2        0.1
231.4      378.3        0.1
231.6      378.4        0.1
231.8      378.4        0.1
232.0      378.6        0.3
232.2      378.8        0.4
232.4      379.0        0.3
232.6      379.6        0.4
232.8      379.6        0.2
233.0      379.6        0.1
233.2      379.5        0.1
233.4      379.5        0.1
233.6      379.8        0.2
233.8      379.8        0.3
234.0      379.9        0.3
234.2      379.9        0.2
234.4      379.9        0.1
234.6      379.9        0.2
234.8      379.9        0.2
235.0      379.9        0.1
235.2      379.9        0.1
235.4      379.9        0.1
235.6      379.9        0.2
235.8      379.9        0.2
236.0      379.9        0.2
236.2      379.9        0.2
236.4      379.9        0.2
236.6      379.9        0.1
236.8      379.9        0.1
237.0      379.9        0.1
