0.000000000000      262.6
0.033333333333      262.9
0.066666666667      262.5
0.100000000000      262.4
0.133333333333      262.2
0.166666666667      262.6
0.200000000000      262.8
0.233333333333      262.5
0.266666666667      262.5
0.300000000000      262.3
0.333333333333      261.8
0.366666666667      261.9
0.400000000000      262.0
0.433333333333      261.9
0.466666666667      262.7
0.500000000000      262.9
0.533333333333      263.1
0.566666666667      263.2
0.600000000000      263.2
0.633333333333      263.2
0.666666666667      263.3
0.700000000000      263.4
0.733333333333      263.0
0.766666666667      263.1
0.800000000000      263.1
0.833333333333      262.0
0.866666666667      262.1
0.900000000000      262.3
0.933333333333      262.7
0.966666666667      262.4
1.000000000000      262.3
1.033333333333      262.5
1.066666666667      262.7
1.100000000000      262.7
1.133333333333      263.3
1.166666666667      262.8
1.200000000000      262.2
1.233333333333      262.7
1.266666666667      262.5
1.300000000000      262.4
1.333333333333      262.3
1.366666666667      261.6
1.400000000000      261.4
1.433333333333      261.3
1.466666666667      261.4
1.500000000000      261.5
1.533333333333      261.0
1.566666666667      261.1
1.600000000000      261.0
1.633333333333      261.1
1.666666666667      261.2
1.700000000000      261.2
1.733333333333      261.2
1.766666666667      261.0
1.800000000000      261.6
1.833333333333      261.5
1.866666666667      261.1
1.900000000000      260.5
1.933333333333      260.2
1.966666666667      260.4
2.000000000000      259.1
2.033333333333      259.5
2.066666666667      260.1
2.100000000000      260.4
2.133333333333      260.7
2.166666666667      260.5
2.200000000000      260.5
2.233333333333      260.1
2.266666666667      260.3
2.300000000000      259.6
2.333333333333      259.4
2.366666666667      259.3
2.400000000000      259.0
2.433333333333      259.3
2.466666666667      259.3
2.500000000000      258.5
2.533333333333      258.5
2.566666666667      258.9
2.600000000000      258.8
2.633333333333      258.7
2.666666666667      258.7
2.700000000000      258.0
2.733333333333      257.1
2.766666666667      256.4
2.800000000000      256.4
2.833333333333      261.3
2.866666666667      260.9
2.900000000000      260.3
2.933333333333      260.9
2.966666666667      260.8
3.000000000000      259.2
3.033333333333      258.0
3.066666666667      256.0
3.100000000000      253.9
3.133333333333      251.5
3.166666666667      249.5
3.200000000000      261.7
3.233333333333      264.0
3.266666666667      267.2
3.300000000000      269.7
3.333333333333      273.1
3.366666666667      276.1
3.400000000000      276.6
3.433333333333      277.5
3.466666666667      276.8
3.500000000000      276.1
3.533333333333      276.2
3.566666666667      275.9
3.600000000000      275.4
3.633333333333      276.5
3.666666666667      275.8
3.700000000000      275.6
3.733333333333      275.5
3.766666666667      274.8
3.800000000000      274.6
3.833333333333      274.4
3.866666666667      274.2
3.900000000000      274.3
3.933333333333      274.4
3.966666666667      274.1
4.000000000000      273.0
4.033333333333      273.1
4.066666666667      273.1
4.100000000000      273.3
4.133333333333      273.3
4.166666666667      273.4
4.200000000000      272.8
4.233333333333      272.8
4.266666666667      272.4
4.300000000000      272.5
4.333333333333      272.2
4.366666666667      271.8
4.400000000000      271.8
4.433333333333      271.5
4.466666666667      271.4
4.500000000000      271.1
4.533333333333      271.4
4.566666666667      271.5
4.600000000000      271.4
4.633333333333      271.0
4.666666666667      270.8
4.700000000000      270.5
4.733333333333      270.1
4.766666666667      270.1
4.800000000000      269.9
4.833333333333      269.5
4.866666666667      269.4
4.900000000000      269.1
4.933333333333      269.7
4.966666666667      270.0
5.000000000000      270.4
5.033333333333      270.8
5.066666666667      271.3
5.100000000000      271.3
5.133333333333      271.5
5.166666666667      271.4
5.200000000000      272.3
5.233333333333      272.0
5.266666666667      271.8
5.300000000000      271.9
5.333333333333      272.3
5.366666666667      272.4
5.400000000000      272.4
5.433333333333      272.6
5.466666666667      272.4
5.500000000000      272.2
5.533333333333      272.3
5.566666666667      273.1
5.600000000000      272.4
5.633333333333      272.1
5.666666666667      272.2
5.700000000000      272.6
5.733333333333      273.4
5.766666666667      274.1
5.800000000000      273.8
5.833333333333      273.7
5.866666666667      272.4
5.900000000000      272.3
5.933333333333      270.9
5.966666666667      269.9
6.000000000000      270.1
6.033333333333      270.3
6.066666666667      270.8
6.100000000000      271.5
6.133333333333      271.3
6.166666666667      270.5
6.200000000000      270.8
6.233333333333      271.3
6.266666666667      272.8
6.300000000000      273.2
6.333333333333      272.9
6.366666666667      272.7
6.400000000000      271.7
6.433333333333      271.5
6.466666666667      270.8
6.500000000000      269.8
6.533333333333      270.3
6.566666666667      271.7
6.600000000000      272.9
6.633333333333      273.7
6.666666666667      274.3
6.700000000000      273.3
6.733333333333      273.2
6.766666666667      273.4
6.800000000000      272.9
6.833333333333      272.8
6.866666666667      272.6
6.900000000000      272.8
6.933333333333      272.5
6.966666666667      272.5
7.000000000000      272.8
7.033333333333      273.5
7.066666666667      274.0
7.100000000000      274.2
7.133333333333      273.9
7.166666666667      273.9
7.200000000000      273.1
7.233333333333      272.2
7.266666666667      271.4
7.300000000000      270.7
7.333333333333      270.1
7.366666666667      268.8
7.400000000000      267.8
7.433333333333      267.1
7.466666666667      266.3
7.500000000000      266.0
7.533333333333      266.8
7.566666666667      267.7
7.600000000000      268.1
7.633333333333      269.1
7.666666666667      270.9
7.700000000000      272.5
7.733333333333      273.0
7.766666666667      273.1
7.800000000000      272.9
7.833333333333      272.6
7.866666666667      272.1
7.900000000000      270.5
7.933333333333      269.8
7.966666666667      268.4
8.000000000000      266.8
8.033333333333      266.4
8.066666666667      265.5
8.100000000000      265.5
8.133333333333      264.8
8.166666666667      265.0
8.200000000000      265.3
8.233333333333      265.4
8.266666666667      266.3
8.300000000000      267.8
8.333333333333      268.1
8.366666666667      268.4
8.400000000000      268.5
8.433333333333      268.8
8.466666666667      268.6
8.500000000000      268.2
8.533333333333      268.4
8.566666666667      268.6
8.600000000000      267.9
8.633333333333      268.1
8.666666666667      267.2
8.700000000000      266.8
8.733333333333      267.8
8.766666666667      268.1
8.800000000000      268.6
8.833333333333      270.9
8.866666666667      272.2
8.900000000000      273.1
8.933333333333      272.9
8.966666666667      271.1
9.000000000000      270.6
9.033333333333      269.9
9.066666666667      269.4
9.100000000000      269.4
9.133333333333      269.4
9.166666666667      270.0
9.200000000000      269.7
9.233333333333      270.1
9.266666666667      270.7
9.300000000000      271.4
9.333333333333      270.8
9.366666666667      269.4
9.400000000000      268.6
9.433333333333      267.4
9.466666666667      266.3
9.500000000000      264.9
9.533333333333      264.2
9.566666666667      263.4
9.600000000000      263.2
9.633333333333      263.2
9.666666666667      263.1
9.700000000000      264.0
9.733333333333      263.8
9.766666666667      264.6
9.800000000000      264.7
9.833333333333      265.1
9.866666666667      265.3
9.900000000000      264.7
9.933333333333      265.4
9.966666666667      265.3
10.000000000000      266.4
10.033333333333      266.8
10.066666666667      267.0
10.100000000000      267.7
10.133333333333      266.6
10.166666666667      267.1
10.200000000000      266.3
10.233333333333      266.0
10.266666666667      265.3
10.300000000000      265.1
10.333333333333      264.1
10.366666666667      263.7
10.400000000000      263.5
10.433333333333      263.6
10.466666666667      263.1
10.500000000000      262.8
10.533333333333      262.6
10.566666666667      263.3
10.600000000000      262.5
10.633333333333      262.2
10.666666666667      261.8
10.700000000000      261.5
10.733333333333      261.3
10.766666666667      261.0
10.800000000000      261.5
10.833333333333      261.6
10.866666666667      262.2
10.900000000000      263.1
10.933333333333      263.8
10.966666666667      265.0
11.000000000000      265.8
11.033333333333      266.4
11.066666666667      267.4
11.100000000000      268.5
11.133333333333      269.1
11.166666666667      256.9
11.200000000000      257.8
11.233333333333      258.2
11.266666666667      258.7
11.300000000000      260.4
11.333333333333      261.3
11.366666666667      262.2
11.400000000000      261.8
11.433333333333      262.5
11.466666666667      262.9
11.500000000000      263.7
11.533333333333      264.3
11.566666666667      264.5
11.600000000000      265.2
11.633333333333      265.3
11.666666666667      266.4
11.700000000000      268.3
11.733333333333      268.5
11.766666666667      269.1
11.800000000000      269.1
11.833333333333      269.3
11.866666666667      269.6
11.900000000000      269.5
11.933333333333      269.6
11.966666666667      269.4
12.000000000000      270.0
12.033333333333      269.7
12.066666666667      269.4
12.100000000000      270.3
12.133333333333      269.5
12.166666666667      269.5
12.200000000000      269.8
12.233333333333      269.7
12.266666666667      270.4
12.300000000000      270.3
12.333333333333      269.9
12.366666666667      270.5
12.400000000000      270.6
12.433333333333      270.9
12.466666666667      270.9
12.500000000000      271.3
12.533333333333      270.4
12.566666666667      270.4
12.600000000000      269.9
12.633333333333      269.7
12.666666666667      269.9
12.700000000000      270.1
12.733333333333      270.4
12.766666666667      270.5
12.800000000000      270.8
12.833333333333      271.3
12.866666666667      271.2
12.900000000000      270.6
12.933333333333      269.9
12.966666666667      269.4
13.000000000000      268.6
13.033333333333      269.3
13.066666666667      269.3
13.100000000000      269.5
13.133333333333      270.0
13.166666666667      270.3
13.200000000000      270.8
13.233333333333      270.6
13.266666666667      270.2
13.300000000000      270.0
13.333333333333      269.8
13.366666666667      269.5
13.400000000000      269.1
13.433333333333      268.9
13.466666666667      268.6
13.500000000000      268.9
13.533333333333      270.2
13.566666666667      269.9
13.600000000000      270.2
13.633333333333      270.1
13.666666666667      269.7
13.700000000000      270.0
13.733333333333      269.6
13.766666666667      269.5
13.800000000000      270.2
13.833333333333      269.9
13.866666666667      270.1
13.900000000000      270.5
13.933333333333      270.2
13.966666666667      270.2
14.000000000000      269.2
14.033333333333      269.8
14.066666666667      269.7
14.100000000000      269.8
14.133333333333      269.5
14.166666666667      269.7
14.200000000000      269.6
14.233333333333      269.0
14.266666666667      268.9
14.300000000000      268.2
14.333333333333      268.1
14.366666666667      267.1
14.400000000000      266.9
14.433333333333      265.9
14.466666666667      265.4
14.500000000000      264.6
14.533333333333      263.4
14.566666666667      262.2
14.600000000000      260.9
14.633333333333      259.7
14.666666666667      257.7
14.700000000000      255.7
14.733333333333      254.0
14.766666666667      251.5
14.800000000000      249.3
14.833333333333      257.5
14.866666666667      257.3
14.900000000000      258.9
14.933333333333      262.3
14.966666666667      266.2
15.000000000000      271.4
15.033333333333      276.6
15.066666666667      281.0
15.100000000000      282.5
15.133333333333      283.2
15.166666666667      283.2
15.200000000000      283.4
15.233333333333      271.3
15.266666666667      271.1
15.300000000000      272.2
15.333333333333      272.8
15.366666666667      272.6
15.400000000000      272.4
15.433333333333      272.3
15.466666666667      273.0
15.500000000000      272.5
15.533333333333      272.4
15.566666666667      271.9
15.600000000000      271.8
15.633333333333      272.3
15.666666666667      272.0
15.700000000000      271.7
15.733333333333      272.9
15.766666666667      271.9
15.800000000000      271.8
15.833333333333      271.6
15.866666666667      271.7
15.900000000000      271.5
15.933333333333      271.6
15.966666666667      271.0
16.000000000000      270.2
16.033333333333      269.9
16.066666666667      269.2
16.100000000000      267.7
16.133333333333      266.7
16.166666666667      264.8
16.200000000000      263.1
16.233333333333      260.9
16.266666666667      271.0
16.300000000000      268.7
16.333333333333      267.4
16.366666666667      268.0
16.400000000000      270.6
16.433333333333      272.7
16.466666666667      274.2
16.500000000000      276.4
16.533333333333      280.3
16.566666666667      285.1
16.600000000000      290.8
16.633333333333      293.5
16.666666666667      294.8
16.700000000000      297.2
16.733333333333      298.1
16.766666666667      299.3
16.800000000000      287.3
16.833333333333      288.3
16.866666666667      287.8
16.900000000000      287.3
16.933333333333      287.3
16.966666666667      288.0
17.000000000000      287.5
17.033333333333      288.6
17.066666666667      288.9
17.100000000000      289.7
17.133333333333      290.9
17.166666666667      291.0
17.200000000000      291.8
17.233333333333      292.0
17.266666666667      292.1
17.300000000000      292.2
17.333333333333      293.1
17.366666666667      294.3
17.400000000000      295.4
17.433333333333      296.6
17.466666666667      297.3
17.500000000000      298.6
17.533333333333      300.1
17.566666666667      301.5
17.600000000000      304.1
17.633333333333      307.2
17.666666666667      309.3
17.700000000000      305.5
17.733333333333      310.9
17.766666666667      313.8
17.800000000000      317.0
17.833333333333      306.1
17.866666666667      309.6
17.900000000000      313.7
17.933333333333      316.5
17.966666666667      319.2
18.000000000000      321.4
18.033333333333      317.2
18.066666666667      319.4
18.100000000000      323.9
18.133333333333      332.4
18.166666666667      304.4
18.200000000000      308.2
18.233333333333      311.5
18.266666666667      306.7
18.300000000000      310.3
18.333333333333      312.6
18.366666666667      317.2
18.400000000000      310.7
18.433333333333      313.2
18.466666666667      319.5
18.500000000000      312.3
18.533333333333      317.0
18.566666666667      322.9
18.600000000000      330.5
18.633333333333      341.8
18.666666666667      335.2
18.700000000000      339.7
18.733333333333      313.6
18.766666666667      317.0
18.800000000000      321.2
18.833333333333      324.7
18.866666666667      336.4
18.900000000000      319.4
18.933333333333      323.7
18.966666666667      328.1
19.000000000000      301.3
19.033333333333      301.8
19.066666666667      299.6
19.100000000000      296.5
19.133333333333      277.8
19.166666666667      278.8
19.200000000000      278.7
19.233333333333      277.8
19.266666666667      279.1
19.300000000000      281.5
19.333333333333      273.1
19.366666666667      275.4
19.400000000000      281.8
19.433333333333      289.0
19.466666666667      299.7
19.500000000000      326.3
19.533333333333      339.0
19.566666666667      321.7
19.600000000000      331.1
19.633333333333      359.8
19.666666666667      358.5
19.700000000000      370.2
19.733333333333      385.8
19.766666666667      392.8
19.800000000000      369.9
19.833333333333      391.0
19.866666666667      397.2
19.900000000000      440.2
19.933333333333      466.1
19.966666666667      339.8
20.000000000000      354.7
20.033333333333      374.1
20.066666666667      387.6
20.100000000000      397.9
20.133333333333      415.8
20.166666666667      431.4
20.200000000000      445.0
20.233333333333      465.4
20.266666666667      476.7
20.300000000000      486.8
20.333333333333      496.9
20.366666666667      509.5
20.400000000000      522.4
20.433333333333      532.8
20.466666666667      537.1
20.500000000000      543.2
20.533333333333      544.6
20.566666666667      550.0
20.600000000000      561.9
20.633333333333      565.8
20.666666666667      569.2
20.700000000000      573.6
20.733333333333      575.7
20.766666666667      579.8
20.800000000000      585.2
20.833333333333      588.5
20.866666666667      594.6
20.900000000000      597.0
20.933333333333      601.1
20.966666666667      602.6
21.000000000000      602.0
21.033333333333      595.6
21.066666666667      588.2
21.100000000000      573.7
21.133333333333      562.0
21.166666666667      560.9
21.200000000000      557.9
21.233333333333      545.6
21.266666666667      535.4
21.300000000000      521.7
21.333333333333      503.8
21.366666666667      489.3
21.400000000000      472.6
21.433333333333      457.9
21.466666666667      440.7
21.500000000000      414.4
21.533333333333      385.3
21.566666666667      366.9
21.600000000000      327.9
21.633333333333      295.1
21.666666666667      277.9
21.700000000000      272.5
21.733333333333      256.6
21.766666666667      311.1
21.800000000000      294.0
21.833333333333      281.3
21.866666666667      268.8
21.900000000000      266.6
21.933333333333      264.8
21.966666666667      262.2
22.000000000000      288.1
22.033333333333      293.1
22.066666666667      312.5
22.100000000000      315.0
22.133333333333      302.5
22.166666666667      278.5
22.200000000000      272.6
22.233333333333      284.8
22.266666666667      264.9
22.300000000000      221.5
22.333333333333      222.8
22.366666666667      198.4
22.400000000000      173.1
22.433333333333      160.0
22.466666666667      162.9
22.500000000000      119.9
22.533333333333      166.5
22.566666666667      156.7
22.600000000000      148.2
22.633333333333      142.3
22.666666666667      195.3
22.700000000000      193.4
22.733333333333      189.0
22.766666666667      183.6
22.800000000000      248.9
22.833333333333      247.7
22.866666666667      243.9
22.900000000000      242.5
22.933333333333      272.6
22.966666666667      272.5
23.000000000000      267.5
23.033333333333      268.4
23.066666666667      294.8
23.100000000000      294.7
23.133333333333      293.4
23.166666666667      292.6
23.200000000000      300.7
23.233333333333      295.6
23.266666666667      309.4
23.300000000000      306.1
23.333333333333      304.2
23.366666666667      300.6
23.400000000000      306.0
23.433333333333      304.8
23.466666666667      303.6
23.500000000000      300.5
23.533333333333      311.5
23.566666666667      310.7
23.600000000000      308.7
23.633333333333      317.8
23.666666666667      317.3
23.700000000000      316.2
23.733333333333      314.8
23.766666666667      324.6
23.800000000000      324.6
23.833333333333      323.4
23.866666666667      321.9
23.900000000000      321.2
23.933333333333      334.0
23.966666666667      334.8
24.000000000000      334.1
24.033333333333      333.6
24.066666666667      333.0
24.100000000000      331.8
24.133333333333      331.2
24.166666666667      330.4
24.200000000000      331.0
24.233333333333      330.0
24.266666666667      330.1
24.300000000000      329.7
24.333333333333      329.8
24.366666666667      328.9
24.400000000000      328.5
24.433333333333      328.1
24.466666666667      327.5
24.500000000000      326.8
24.533333333333      325.3
24.566666666667      324.7
24.600000000000      323.9
24.633333333333      322.0
24.666666666667      320.6
24.700000000000      319.9
24.733333333333      318.8
24.766666666667      317.2
24.800000000000      316.2
24.833333333333      314.9
24.866666666667      314.3
24.900000000000      313.8
24.933333333333      313.4
24.966666666667      312.3
25.000000000000      309.2
25.033333333333      308.8
25.066666666667      308.4
25.100000000000      308.3
25.133333333333      307.5
25.166666666667      307.0
25.200000000000      306.9
25.233333333333      305.5
25.266666666667      305.0
25.300000000000      304.4
25.333333333333      304.1
25.366666666667      304.0
25.400000000000      303.2
25.433333333333      302.4
25.466666666667      301.9
25.500000000000      301.3
25.533333333333      300.9
25.566666666667      301.0
25.600000000000      300.6
25.633333333333      300.1
25.666666666667      299.2
25.700000000000      299.1
25.733333333333      298.0
25.766666666667      297.2
25.800000000000      296.8
25.833333333333      296.8
25.866666666667      296.1
25.900000000000      295.6
25.933333333333      295.9
25.966666666667      296.4
26.000000000000      297.2
26.033333333333      297.4
26.066666666667      297.7
26.100000000000      297.4
26.133333333333      297.8
26.166666666667      298.8
26.200000000000      299.3
26.233333333333      299.9
26.266666666667      300.8
26.300000000000      301.8
26.333333333333      301.8
26.366666666667      302.2
26.400000000000      302.5
26.433333333333      302.7
26.466666666667      303.4
26.500000000000      303.0
26.533333333333      303.1
26.566666666667      303.3
26.600000000000      303.7
26.633333333333      304.4
26.666666666667      304.5
26.700000000000      304.6
26.733333333333      304.9
26.766666666667      304.8
26.800000000000      304.7
26.833333333333      304.9
26.866666666667      305.1
26.900000000000      305.6
26.933333333333      305.8
26.966666666667      306.5
27.000000000000      306.0
27.033333333333      306.9
27.066666666667      307.3
27.100000000000      307.8
27.133333333333      308.4
27.166666666667      309.1
27.200000000000      309.5
27.233333333333      309.6
27.266666666667      309.9
27.300000000000      310.2
27.333333333333      310.2
27.366666666667      310.8
27.400000000000      311.1
27.433333333333      310.9
27.466666666667      310.9
27.500000000000      311.5
27.533333333333      311.3
27.566666666667      311.2
27.600000000000      311.2
27.633333333333      311.2
27.666666666667      311.0
27.700000000000      310.6
27.733333333333      310.2
27.766666666667      309.6
27.800000000000      309.6
27.833333333333      309.1
27.866666666667      308.3
27.900000000000      308.3
27.933333333333      308.0
27.966666666667      308.3
28.000000000000      307.8
28.033333333333      308.7
28.066666666667      309.9
28.100000000000      310.5
28.133333333333      310.6
28.166666666667      311.3
28.200000000000      310.8
28.233333333333      310.7
28.266666666667      311.0
28.300000000000      311.0
28.333333333333      311.2
28.366666666667      310.5
28.400000000000      310.5
28.433333333333      310.0
28.466666666667      309.8
28.500000000000      309.8
28.533333333333      309.3
28.566666666667      309.6
28.600000000000      309.2
28.633333333333      309.2
28.666666666667      308.4
28.700000000000      308.0
28.733333333333      308.1
28.766666666667      308.4
28.800000000000      308.5
28.833333333333      308.4
28.866666666667      308.6
28.900000000000      308.7
28.933333333333      308.5
28.966666666667      308.6
29.000000000000      306.8
29.033333333333      307.3
29.066666666667      307.5
29.100000000000      307.6
29.133333333333      307.7
29.166666666667      307.9
29.200000000000      308.0
29.233333333333      308.1
29.266666666667      308.1
29.300000000000      308.3
29.333333333333      308.1
29.366666666667      308.2
29.400000000000      307.9
29.433333333333      308.0
29.466666666667      308.0
29.500000000000      308.3
29.533333333333      309.1
29.566666666667      308.9
29.600000000000      309.0
29.633333333333      309.3
29.666666666667      309.5
29.700000000000      309.7
29.733333333333      310.3
29.766666666667      310.5
29.800000000000      310.6
29.833333333333      310.7
29.866666666667      310.9
29.900000000000      311.4
29.933333333333      311.5
29.966666666667      312.4
30.000000000000      312.1
30.033333333333      312.6
30.066666666667      312.6
30.100000000000      312.2
30.133333333333      312.1
30.166666666667      311.9
30.200000000000      311.4
30.233333333333      312.0
30.266666666667      311.9
30.300000000000      311.3
30.333333333333      310.4
30.366666666667      309.9
30.400000000000      309.6
30.433333333333      308.9
30.466666666667      308.2
30.500000000000      307.5
30.533333333333      306.9
30.566666666667      306.9
30.600000000000      306.7
30.633333333333      307.0
30.666666666667      307.5
30.700000000000      309.0
30.733333333333      309.4
30.766666666667      309.7
30.800000000000      309.6
30.833333333333      309.8
30.866666666667      309.6
30.900000000000      309.0
30.933333333333      308.3
30.966666666667      308.2
31.000000000000      307.8
31.033333333333      307.7
31.066666666667      307.6
31.100000000000      307.4
31.133333333333      306.9
31.166666666667      307.1
31.200000000000      307.3
31.233333333333      308.0
31.266666666667      307.6
31.300000000000      308.1
31.333333333333      307.8
31.366666666667      307.5
31.400000000000      307.5
31.433333333333      307.7
31.466666666667      307.7
31.500000000000      308.0
31.533333333333      308.0
31.566666666667      308.7
31.600000000000      309.6
31.633333333333      310.7
31.666666666667      310.9
31.700000000000      311.0
31.733333333333      311.0
31.766666666667      310.8
31.800000000000      310.6
31.833333333333      311.2
31.866666666667      310.7
31.900000000000      310.4
31.933333333333      310.3
31.966666666667      310.2
32.000000000000      311.0
32.033333333333      310.4
32.066666666667      310.2
32.100000000000      310.4
32.133333333333      310.2
32.166666666667      309.9
32.200000000000      309.8
32.233333333333      309.8
32.266666666667      309.7
32.300000000000      309.6
32.333333333333      309.9
32.366666666667      309.8
32.400000000000      309.7
32.433333333333      309.8
32.466666666667      309.9
32.500000000000      308.9
32.533333333333      308.8
32.566666666667      308.3
32.600000000000      308.0
32.633333333333      308.1
32.666666666667      307.9
32.700000000000      307.1
32.733333333333      307.6
32.766666666667      307.8
32.800000000000      308.1
32.833333333333      308.2
32.866666666667      308.4
32.900000000000      309.2
32.933333333333      309.7
32.966666666667      309.7
33.000000000000      309.8
33.033333333333      310.4
33.066666666667      310.5
33.100000000000      310.4
33.133333333333      310.2
33.166666666667      309.6
33.200000000000      309.3
33.233333333333      308.8
33.266666666667      309.2
33.300000000000      309.2
33.333333333333      308.9
33.366666666667      308.4
33.400000000000      308.0
33.433333333333      307.7
33.466666666667      307.7
33.500000000000      307.3
33.533333333333      307.1
33.566666666667      307.5
33.600000000000      307.2
33.633333333333      307.3
33.666666666667      307.3
33.700000000000      307.6
33.733333333333      307.3
33.766666666667      307.0
33.800000000000      307.4
33.833333333333      307.1
33.866666666667      307.2
33.900000000000      306.9
33.933333333333      306.5
33.966666666667      306.8
34.000000000000      306.3
34.033333333333      306.8
34.066666666667      307.2
34.100000000000      307.2
34.133333333333      307.3
34.166666666667      307.4
34.200000000000      307.3
34.233333333333      307.1
34.266666666667      307.1
34.300000000000      306.9
34.333333333333      306.7
34.366666666667      306.5
34.400000000000      306.8
34.433333333333      306.9
34.466666666667      306.5
34.500000000000      306.0
34.533333333333      306.4
34.566666666667      305.9
34.600000000000      305.9
34.633333333333      305.8
34.666666666667      305.6
34.700000000000      305.5
34.733333333333      305.1
34.766666666667      305.4
34.800000000000      305.5
34.833333333333      305.2
34.866666666667      305.5
34.900000000000      305.5
34.933333333333      305.9
34.966666666667      306.1
35.000000000000      306.3
35.033333333333      307.0
35.066666666667      307.3
35.100000000000      307.5
35.133333333333      307.6
35.166666666667      308.1
35.200000000000      307.4
35.233333333333      306.9
35.266666666667      306.6
35.300000000000      306.4
35.333333333333      306.4
35.366666666667      305.9
35.400000000000      305.6
35.433333333333      305.5
35.466666666667      305.9
35.500000000000      305.7
35.533333333333      305.1
35.566666666667      305.2
35.600000000000      305.1
35.633333333333      304.9
35.666666666667      305.3
35.700000000000      305.1
35.733333333333      305.1
35.766666666667      305.1
35.800000000000      305.6
35.833333333333      305.2
35.866666666667      305.3
35.900000000000      305.4
35.933333333333      304.9
35.966666666667      305.2
36.000000000000      303.5
36.033333333333      303.7
36.066666666667      303.9
36.100000000000      304.2
36.133333333333      304.6
36.166666666667      304.5
36.200000000000      304.8
36.233333333333      304.4
36.266666666667      304.3
36.300000000000      304.4
36.333333333333      304.6
36.366666666667      304.5
36.400000000000      304.5
36.433333333333      304.2
36.466666666667      304.1
36.500000000000      303.9
36.533333333333      304.2
36.566666666667      304.2
36.600000000000      304.4
36.633333333333      304.2
36.666666666667      303.8
36.700000000000      303.7
36.733333333333      303.9
36.766666666667      304.0
36.800000000000      304.5
36.833333333333      305.3
36.866666666667      305.3
36.900000000000      305.5
36.933333333333      305.3
36.966666666667      305.2
37.000000000000      305.1
37.033333333333      304.9
37.066666666667      305.1
37.100000000000      305.1
37.133333333333      305.4
37.166666666667      305.1
37.200000000000      305.0
37.233333333333      304.7
37.266666666667      305.0
37.300000000000      304.8
37.333333333333      304.8
37.366666666667      304.4
37.400000000000      304.3
37.433333333333      304.5
37.466666666667      304.9
37.500000000000      305.4
37.533333333333      305.3
37.566666666667      305.5
37.600000000000      305.3
37.633333333333      304.5
37.666666666667      304.4
37.700000000000      304.2
37.733333333333      303.8
37.766666666667      303.8
37.800000000000      304.3
37.833333333333      303.8
37.866666666667      304.0
37.900000000000      304.0
37.933333333333      303.7
37.966666666667      303.4
38.000000000000      302.0
38.033333333333      302.8
38.066666666667      303.2
38.100000000000      303.3
38.133333333333      302.9
38.166666666667      302.5
38.200000000000      302.3
38.233333333333      302.8
38.266666666667      303.4
38.300000000000      303.9
38.333333333333      304.5
38.366666666667      304.7
38.400000000000      304.6
38.433333333333      305.0
38.466666666667      305.3
38.500000000000      305.6
38.533333333333      305.6
38.566666666667      306.0
38.600000000000      306.2
38.633333333333      306.2
38.666666666667      306.2
38.700000000000      306.1
38.733333333333      305.7
38.766666666667      305.2
38.800000000000      305.1
38.833333333333      305.0
38.866666666667      305.3
38.900000000000      305.6
38.933333333333      305.6
38.966666666667      305.5
39.000000000000      305.7
39.033333333333      305.4
39.066666666667      305.6
39.100000000000      305.2
39.133333333333      305.2
39.166666666667      305.0
39.200000000000      304.8
39.233333333333      304.8
39.266666666667      304.4
39.300000000000      304.4
39.333333333333      304.5
39.366666666667      305.2
39.400000000000      305.3
39.433333333333      305.6
39.466666666667      305.3
39.500000000000      305.0
39.533333333333      305.3
39.566666666667      304.9
39.600000000000      304.6
39.633333333333      304.7
39.666666666667      304.4
39.700000000000      304.3
39.733333333333      304.3
39.766666666667      304.4
39.800000000000      304.0
39.833333333333      304.2
39.866666666667      304.8
39.900000000000      304.4
39.933333333333      304.8
39.966666666667      304.1
40.000000000000      302.7
40.033333333333      303.0
40.066666666667      303.3
40.100000000000      303.5
40.133333333333      303.5
40.166666666667      303.2
40.200000000000      303.2
40.233333333333      303.5
40.266666666667      302.9
40.300000000000      303.4
40.333333333333      303.4
40.366666666667      303.2
40.400000000000      303.1
40.433333333333      303.1
40.466666666667      303.0
40.500000000000      302.2
40.533333333333      302.3
40.566666666667      302.5
40.600000000000      302.9
40.633333333333      302.8
40.666666666667      303.3
40.700000000000      303.4
40.733333333333      303.3
40.766666666667      303.2
40.800000000000      303.2
40.833333333333      303.3
40.866666666667      303.7
40.900000000000      303.4
40.933333333333      303.1
40.966666666667      303.2
41.000000000000      302.5
41.033333333333      302.7
41.066666666667      302.3
41.100000000000      302.0
41.133333333333      302.2
41.166666666667      302.0
41.200000000000      301.7
41.233333333333      301.7
41.266666666667      301.5
41.300000000000      301.6
41.333333333333      302.0
41.366666666667      302.3
41.400000000000      300.8
41.433333333333      300.6
41.466666666667      300.7
41.500000000000      300.3
41.533333333333      300.5
41.566666666667      300.6
41.600000000000      300.4
41.633333333333      300.9
41.666666666667      300.5
41.700000000000      300.4
41.733333333333      300.3
41.766666666667      300.5
41.800000000000      300.5
41.833333333333      300.6
41.866666666667      301.1
41.900000000000      301.3
41.933333333333      301.6
41.966666666667      301.8
42.000000000000      301.6
42.033333333333      301.5
42.066666666667      301.6
42.100000000000      302.0
42.133333333333      302.1
42.166666666667      301.8
42.200000000000      302.0
42.233333333333      301.8
42.266666666667      302.1
42.300000000000      302.1
42.333333333333      302.1
42.366666666667      301.9
42.400000000000      301.7
42.433333333333      301.8
42.466666666667      302.2
42.500000000000      301.8
42.533333333333      301.8
42.566666666667      302.0
42.600000000000      302.2
42.633333333333      302.0
42.666666666667      302.2
42.700000000000      302.2
42.733333333333      302.3
42.766666666667      302.2
42.800000000000      302.6
42.833333333333      302.5
42.866666666667      302.3
42.900000000000      302.7
42.933333333333      302.5
42.966666666667      302.5
43.000000000000      302.6
43.033333333333      302.3
43.066666666667      303.3
43.100000000000      303.0
43.133333333333      303.0
43.166666666667      303.5
43.200000000000      303.5
43.233333333333      303.6
43.266666666667      303.5
43.300000000000      303.0
43.333333333333      302.7
43.366666666667      302.6
43.400000000000      302.5
43.433333333333      302.8
43.466666666667      302.7
43.500000000000      303.2
43.533333333333      302.9
43.566666666667      302.9
43.600000000000      302.8
43.633333333333      302.6
43.666666666667      302.9
43.700000000000      302.7
43.733333333333      302.6
43.766666666667      302.7
43.800000000000      303.0
43.833333333333      303.6
43.866666666667      303.3
43.900000000000      302.9
43.933333333333      302.8
43.966666666667      302.6
44.000000000000      301.1
44.033333333333      301.2
44.066666666667      301.4
44.100000000000      301.2
44.133333333333      301.6
44.166666666667      301.7
44.200000000000      302.5
44.233333333333      302.0
44.266666666667      302.1
44.300000000000      301.9
44.333333333333      301.8
44.366666666667      302.3
44.400000000000      302.1
44.433333333333      302.0
44.466666666667      302.0
44.500000000000      302.8
44.533333333333      303.2
44.566666666667      303.0
44.600000000000      302.9
44.633333333333      302.9
44.666666666667      302.9
44.700000000000      303.0
44.733333333333      302.8
44.766666666667      303.0
44.800000000000      301.9
44.833333333333      302.1
44.866666666667      302.4
44.900000000000      301.8
44.933333333333      301.6
44.966666666667      302.0
45.000000000000      299.4
45.033333333333      299.6
45.066666666667      299.9
45.100000000000      299.9
45.133333333333      300.3
45.166666666667      300.4
45.200000000000      300.1
45.233333333333      300.4
45.266666666667      300.5
45.300000000000      300.7
45.333333333333      300.9
45.366666666667      301.2
45.400000000000      300.4
45.433333333333      300.2
45.466666666667      300.4
45.500000000000      300.4
45.533333333333      300.5
45.566666666667      300.4
45.600000000000      300.4
45.633333333333      300.6
45.666666666667      300.3
45.700000000000      300.4
45.733333333333      300.3
45.766666666667      300.7
45.800000000000      300.3
45.833333333333      300.1
45.866666666667      300.4
45.900000000000      300.3
45.933333333333      300.1
45.966666666667      300.4
46.000000000000      299.8
46.033333333333      300.2
46.066666666667      300.3
46.100000000000      300.4
46.133333333333      300.5
46.166666666667      300.6
46.200000000000      300.7
46.233333333333      300.8
46.266666666667      301.0
46.300000000000      300.9
46.333333333333      301.1
46.366666666667      301.5
46.400000000000      301.3
46.433333333333      301.2
46.466666666667      301.0
46.500000000000      300.5
46.533333333333      300.7
46.566666666667      300.8
46.600000000000      300.1
46.633333333333      299.9
46.666666666667      299.4
46.700000000000      299.4
46.733333333333      299.2
46.766666666667      299.4
46.800000000000      299.1
46.833333333333      299.1
46.866666666667      299.0
46.900000000000      298.8
46.933333333333      298.7
46.966666666667      299.2
47.000000000000      297.4
47.033333333333      297.4
47.066666666667      297.6
47.100000000000      297.7
47.133333333333      297.6
47.166666666667      297.7
47.200000000000      297.9
47.233333333333      298.0
47.266666666667      298.3
47.300000000000      298.1
47.333333333333      297.9
47.366666666667      298.1
47.400000000000      297.7
47.433333333333      297.7
47.466666666667      297.8
47.500000000000      297.4
47.533333333333      297.5
47.566666666667      297.6
47.600000000000      297.3
47.633333333333      297.0
47.666666666667      297.0
47.700000000000      296.7
47.733333333333      296.4
47.766666666667      296.2
47.800000000000      296.0
47.833333333333      295.9
47.866666666667      295.9
47.900000000000      295.9
47.933333333333      295.6
47.966666666667      295.5
48.000000000000      295.6
48.033333333333      295.3
48.066666666667      295.1
48.100000000000      294.9
48.133333333333      294.8
48.166666666667      294.7
48.200000000000      294.4
48.233333333333      294.2
48.266666666667      294.1
48.300000000000      294.7
48.333333333333      294.4
48.366666666667      294.6
48.400000000000      295.0
48.433333333333      295.4
48.466666666667      295.5
48.500000000000      294.5
48.533333333333      294.4
48.566666666667      294.0
48.600000000000      293.8
48.633333333333      293.4
48.666666666667      293.3
48.700000000000      293.0
48.733333333333      292.1
48.766666666667      291.6
48.800000000000      291.6
48.833333333333      291.0
48.866666666667      290.7
48.900000000000      290.8
48.933333333333      289.8
48.966666666667      289.7
49.000000000000      288.5
49.033333333333      289.4
49.066666666667      290.3
49.100000000000      290.7
49.133333333333      291.6
49.166666666667      291.9
49.200000000000      293.0
49.233333333333      293.6
49.266666666667      294.3
49.300000000000      294.8
49.333333333333      295.8
49.366666666667      296.4
49.400000000000      296.5
49.433333333333      296.9
49.466666666667      296.8
49.500000000000      296.4
49.533333333333      296.0
49.566666666667      295.9
49.600000000000      295.6
49.633333333333      295.1
49.666666666667      295.4
49.700000000000      295.1
49.733333333333      295.2
49.766666666667      295.1
49.800000000000      295.5
49.833333333333      296.2
49.866666666667      296.2
49.900000000000      296.2
49.933333333333      296.3
49.966666666667      296.5
50.000000000000      297.1
50.033333333333      297.0
50.066666666667      297.2
50.100000000000      297.3
50.133333333333      297.6
50.166666666667      297.5
50.200000000000      297.6
50.233333333333      297.7
50.266666666667      297.8
50.300000000000      298.7
50.333333333333      298.9
50.366666666667      299.4
50.400000000000      299.7
50.433333333333      300.3
50.466666666667      300.9
50.500000000000      300.8
50.533333333333      300.8
50.566666666667      300.7
50.600000000000      300.0
50.633333333333      299.9
50.666666666667      299.6
50.700000000000      300.0
50.733333333333      300.5
50.766666666667      300.5
50.800000000000      300.2
50.833333333333      300.2
50.866666666667      300.0
50.900000000000      299.9
50.933333333333      300.2
50.966666666667      300.2
51.000000000000      299.4
51.033333333333      300.3
51.066666666667      300.9
51.100000000000      301.1
51.133333333333      301.4
51.166666666667      301.4
51.200000000000      301.4
51.233333333333      301.7
51.266666666667      301.8
51.300000000000      301.7
51.333333333333      301.7
51.366666666667      301.5
51.400000000000      302.1
51.433333333333      302.3
51.466666666667      302.3
51.500000000000      302.3
51.533333333333      302.2
51.566666666667      303.0
51.600000000000      303.0
51.633333333333      302.7
51.666666666667      302.7
51.700000000000      302.6
51.733333333333      302.7
51.766666666667      302.6
51.800000000000      302.8
51.833333333333      302.4
51.866666666667      302.2
51.900000000000      302.3
51.933333333333      302.4
51.966666666667      302.6
52.000000000000      302.5
52.033333333333      302.8
52.066666666667      303.1
52.100000000000      302.5
52.133333333333      302.4
52.166666666667      301.8
52.200000000000      301.4
52.233333333333      300.5
52.266666666667      299.3
52.300000000000      299.2
52.333333333333      299.6
52.366666666667      300.9
52.400000000000      301.5
52.433333333333      301.5
52.466666666667      301.6
52.500000000000      301.6
52.533333333333      301.7
52.566666666667      302.0
52.600000000000      302.2
52.633333333333      302.2
52.666666666667      302.4
52.700000000000      302.9
52.733333333333      302.8
52.766666666667      302.7
52.800000000000      302.4
52.833333333333      302.3
52.866666666667      302.0
52.900000000000      301.9
52.933333333333      302.1
52.966666666667      302.2
53.000000000000      300.9
53.033333333333      301.8
53.066666666667      302.1
53.100000000000      302.7
53.133333333333      303.1
53.166666666667      303.6
53.200000000000      303.3
53.233333333333      303.3
53.266666666667      302.9
53.300000000000      303.0
53.333333333333      303.2
53.366666666667      303.3
53.400000000000      303.5
53.433333333333      304.1
53.466666666667      304.2
53.500000000000      304.2
53.533333333333      304.4
53.566666666667      305.2
53.600000000000      305.4
53.633333333333      304.7
53.666666666667      304.0
53.700000000000      303.8
53.733333333333      304.6
53.766666666667      304.2
53.800000000000      304.3
53.833333333333      304.1
53.866666666667      303.8
53.900000000000      303.7
53.933333333333      303.9
53.966666666667      303.7
54.000000000000      303.3
54.033333333333      303.6
54.066666666667      303.8
54.100000000000      303.5
54.133333333333      304.2
54.166666666667      304.3
54.200000000000      304.9
54.233333333333      305.2
54.266666666667      305.3
54.300000000000      305.7
54.333333333333      305.5
54.366666666667      305.8
54.400000000000      305.4
54.433333333333      305.1
54.466666666667      305.0
54.500000000000      304.9
54.533333333333      305.1
54.566666666667      305.1
54.600000000000      305.0
54.633333333333      304.6
54.666666666667      305.5
54.700000000000      304.8
54.733333333333      305.1
54.766666666667      305.2
54.800000000000      304.9
54.833333333333      304.7
54.866666666667      304.2
54.900000000000      303.8
54.933333333333      303.6
54.966666666667      303.8
55.000000000000      304.5
55.033333333333      304.7
55.066666666667      305.1
55.100000000000      305.5
55.133333333333      305.9
55.166666666667      305.6
55.200000000000      305.5
55.233333333333      305.7
55.266666666667      305.4
55.300000000000      305.6
55.333333333333      307.2
55.366666666667      307.9
55.400000000000      308.0
55.433333333333      308.2
55.466666666667      308.4
55.500000000000      308.6
55.533333333333      308.3
55.566666666667      308.4
55.600000000000      308.2
55.633333333333      308.0
55.666666666667      307.9
55.700000000000      307.8
55.733333333333      307.5
55.766666666667      308.0
55.800000000000      308.2
55.833333333333      308.5
55.866666666667      308.7
55.900000000000      308.8
55.933333333333      309.0
55.966666666667      309.3
56.000000000000      309.2
56.033333333333      309.4
56.066666666667      309.6
56.100000000000      309.5
56.133333333333      309.6
56.166666666667      309.7
56.200000000000      309.9
56.233333333333      310.3
56.266666666667      310.6
56.300000000000      311.1
56.333333333333      311.5
56.366666666667      312.1
56.400000000000      312.1
56.433333333333      312.3
56.466666666667      312.8
56.500000000000      312.4
56.533333333333      312.3
56.566666666667      312.0
56.600000000000      312.5
56.633333333333      312.0
56.666666666667      312.0
56.700000000000      311.9
56.733333333333      312.0
56.766666666667      312.8
56.800000000000      312.6
56.833333333333      312.2
56.866666666667      312.0
56.900000000000      312.0
56.933333333333      311.9
56.966666666667      312.3
57.000000000000      311.9
57.033333333333      312.5
57.066666666667      313.2
57.100000000000      314.1
57.133333333333      313.9
57.166666666667      313.1
57.200000000000      312.3
57.233333333333      312.1
57.266666666667      312.2
57.300000000000      312.3
57.333333333333      313.2
57.366666666667      314.0
57.400000000000      314.3
57.433333333333      314.7
57.466666666667      315.1
57.500000000000      314.9
57.533333333333      315.0
57.566666666667      315.5
57.600000000000      316.0
57.633333333333      316.1
57.666666666667      316.3
57.700000000000      315.9
57.733333333333      299.6
57.766666666667      299.8
57.800000000000      300.1
57.833333333333      299.2
57.866666666667      298.9
57.900000000000      298.5
57.933333333333      298.7
57.966666666667      298.6
58.000000000000      298.4
58.033333333333      298.2
58.066666666667      298.1
58.100000000000      297.6
58.133333333333      297.4
58.166666666667      297.6
58.200000000000      297.6
58.233333333333      296.9
58.266666666667      296.6
58.300000000000      296.0
58.333333333333      296.3
58.366666666667      296.4
58.400000000000      296.3
58.433333333333      296.9
58.466666666667      297.2
58.500000000000      296.6
58.533333333333      296.1
58.566666666667      295.8
58.600000000000      296.0
58.633333333333      296.7
58.666666666667      296.9
58.700000000000      296.5
58.733333333333      296.7
58.766666666667      296.6
58.800000000000      296.6
58.833333333333      297.0
58.866666666667      296.5
58.900000000000      296.2
58.933333333333      296.5
58.966666666667      296.4
59.000000000000      295.4
59.033333333333      295.5
59.066666666667      295.0
59.100000000000      294.5
59.133333333333      295.2
59.166666666667      294.7
59.200000000000      294.8
59.233333333333      295.4
59.266666666667      296.5
59.300000000000      297.1
59.333333333333      297.4
59.366666666667      296.7
59.400000000000      296.7
59.433333333333      296.4
59.466666666667      296.1
59.500000000000      296.4
59.533333333333      297.6
59.566666666667      297.4
59.600000000000      297.4
59.633333333333      297.8
59.666666666667      298.2
59.700000000000      298.4
59.733333333333      297.8
59.766666666667      297.9
59.800000000000      297.5
59.833333333333      297.4
59.866666666667      296.9
59.900000000000      295.8
59.933333333333      295.2
59.966666666667      294.2
60.000000000000      292.1
60.033333333333      292.5
60.066666666667      293.2
60.100000000000      294.1
60.133333333333      295.0
60.166666666667      296.2
60.200000000000      298.9
60.233333333333      301.0
60.266666666667      302.7
60.300000000000      302.7
60.333333333333      302.8
60.366666666667      303.1
60.400000000000      302.5
60.433333333333      302.5
60.466666666667      302.4
60.500000000000      302.2
60.533333333333      302.0
60.566666666667      301.7
60.600000000000      301.9
60.633333333333      301.3
60.666666666667      301.1
60.700000000000      301.0
60.733333333333      301.6
60.766666666667      301.5
60.800000000000      302.3
60.833333333333      302.0
60.866666666667      302.1
60.900000000000      301.9
60.933333333333      301.4
60.966666666667      301.0
61.000000000000      300.7
61.033333333333      301.5
61.066666666667      301.2
61.100000000000      301.1
61.133333333333      301.0
61.166666666667      301.0
61.200000000000      300.6
61.233333333333      300.8
61.266666666667      300.7
61.300000000000      300.5
61.333333333333      300.0
61.366666666667      300.0
61.400000000000      299.7
61.433333333333      299.5
61.466666666667      299.0
61.500000000000      299.2
61.533333333333      299.9
61.566666666667      299.6
61.600000000000      299.4
61.633333333333      299.0
61.666666666667      298.8
61.700000000000      298.6
61.733333333333      299.7
61.766666666667      300.1
61.800000000000      300.0
61.833333333333      300.1
61.866666666667      300.1
61.900000000000      300.2
61.933333333333      300.2
61.966666666667      300.4
62.000000000000      299.3
62.033333333333      300.5
62.066666666667      300.1
62.100000000000      300.1
62.133333333333      300.1
62.166666666667      299.9
62.200000000000      300.0
62.233333333333      299.5
62.266666666667      299.4
62.300000000000      299.5
62.333333333333      299.3
62.366666666667      299.2
62.400000000000      299.4
62.433333333333      299.8
62.466666666667      299.8
62.500000000000      300.2
62.533333333333      300.3
62.566666666667      300.4
62.600000000000      300.6
62.633333333333      300.5
62.666666666667      300.6
62.700000000000      300.6
62.733333333333      300.4
62.766666666667      299.5
62.800000000000      299.2
62.833333333333      298.7
62.866666666667      298.1
62.900000000000      297.7
62.933333333333      298.0
62.966666666667      297.1
63.000000000000      296.7
63.033333333333      297.1
63.066666666667      296.8
63.100000000000      296.8
63.133333333333      296.0
63.166666666667      295.5
63.200000000000      295.0
63.233333333333      294.8
63.266666666667      294.5
63.300000000000      293.9
63.333333333333      293.0
63.366666666667      289.2
63.400000000000      286.6
63.433333333333      286.0
63.466666666667      287.5
63.500000000000      290.2
63.533333333333      294.5
63.566666666667      294.5
63.600000000000      295.0
63.633333333333      294.4
63.666666666667      294.3
63.700000000000      294.1
63.733333333333      294.8
63.766666666667      294.8
63.800000000000      294.4
63.833333333333      294.5
63.866666666667      294.5
63.900000000000      294.4
63.933333333333      294.6
63.966666666667      294.9
64.000000000000      295.1
64.033333333333      295.2
64.066666666667      295.4
64.100000000000      295.0
64.133333333333      295.1
64.166666666667      295.9
64.200000000000      295.7
64.233333333333      295.9
64.266666666667      295.9
64.300000000000      295.7
64.333333333333      296.2
64.366666666667      296.7
64.400000000000      296.6
64.433333333333      296.5
64.466666666667      296.5
64.500000000000      296.8
64.533333333333      297.4
64.566666666667      297.5
64.600000000000      297.2
64.633333333333      297.0
64.666666666667      296.5
64.700000000000      296.4
64.733333333333      296.3
64.766666666667      296.7
64.800000000000      296.8
64.833333333333      296.7
64.866666666667      296.8
64.900000000000      297.2
64.933333333333      296.8
64.966666666667      297.0
65.000000000000      297.3
65.033333333333      297.4
65.066666666667      297.3
65.100000000000      297.0
65.133333333333      296.9
65.166666666667      297.2
65.200000000000      297.1
65.233333333333      296.8
65.266666666667      297.0
65.300000000000      296.6
65.333333333333      297.2
65.366666666667      296.9
65.400000000000      295.9
65.433333333333      295.4
65.466666666667      295.1
65.500000000000      294.7
65.533333333333      295.0
65.566666666667      295.1
65.600000000000      295.1
65.633333333333      295.5
65.666666666667      295.8
65.700000000000      295.9
65.733333333333      296.0
65.766666666667      296.2
65.800000000000      296.0
65.833333333333      295.5
65.866666666667      295.9
65.900000000000      295.4
65.933333333333      295.2
65.966666666667      294.7
66.000000000000      293.3
66.033333333333      293.8
66.066666666667      293.5
66.100000000000      293.4
66.133333333333      293.4
66.166666666667      293.2
66.200000000000      293.7
66.233333333333      293.5
66.266666666667      293.0
66.300000000000      292.7
66.333333333333      292.3
66.366666666667      291.6
66.400000000000      291.2
66.433333333333      291.0
66.466666666667      291.7
66.500000000000      291.8
66.533333333333      292.1
66.566666666667      292.6
66.600000000000      292.8
66.633333333333      292.8
66.666666666667      293.0
66.700000000000      293.0
66.733333333333      293.2
66.766666666667      293.3
66.800000000000      294.0
66.833333333333      294.4
66.866666666667      294.1
66.900000000000      294.7
66.933333333333      294.5
66.966666666667      294.6
67.000000000000      294.4
67.033333333333      293.8
67.066666666667      293.6
67.100000000000      293.3
67.133333333333      293.3
67.166666666667      293.6
67.200000000000      293.7
67.233333333333      293.6
67.266666666667      293.5
67.300000000000      293.4
67.333333333333      293.1
67.366666666667      293.4
67.400000000000      292.9
67.433333333333      293.0
67.466666666667      292.9
67.500000000000      293.7
67.533333333333      293.3
67.566666666667      293.7
67.600000000000      293.4
67.633333333333      293.2
67.666666666667      292.9
67.700000000000      292.7
67.733333333333      292.0
67.766666666667      292.2
67.800000000000      292.1
67.833333333333      292.0
67.866666666667      292.4
67.900000000000      292.5
67.933333333333      292.7
67.966666666667      293.0
68.000000000000      291.6
68.033333333333      292.1
68.066666666667      292.2
68.100000000000      292.0
68.133333333333      291.9
68.166666666667      292.1
68.200000000000      292.1
68.233333333333      292.3
68.266666666667      291.6
68.300000000000      291.2
68.333333333333      291.5
68.366666666667      291.3
68.400000000000      290.9
68.433333333333      291.1
68.466666666667      290.8
68.500000000000      290.8
68.533333333333      290.3
68.566666666667      290.5
68.600000000000      290.1
68.633333333333      289.9
68.666666666667      290.2
68.700000000000      290.2
68.733333333333      290.4
68.766666666667      290.2
68.800000000000      290.3
68.833333333333      290.0
68.866666666667      289.8
68.900000000000      289.7
68.933333333333      289.6
68.966666666667      289.4
69.000000000000      289.2
69.033333333333      289.1
69.066666666667      289.6
69.100000000000      289.4
69.133333333333      289.1
69.166666666667      289.1
69.200000000000      288.8
69.233333333333      288.6
69.266666666667      288.5
69.300000000000      288.6
69.333333333333      288.9
69.366666666667      288.7
69.400000000000      288.8
69.433333333333      289.3
69.466666666667      289.6
69.500000000000      289.8
69.533333333333      289.9
69.566666666667      289.7
69.600000000000      289.5
69.633333333333      289.6
69.666666666667      289.8
69.700000000000      290.1
69.733333333333      289.7
69.766666666667      289.6
69.800000000000      289.9
69.833333333333      290.3
69.866666666667      290.2
69.900000000000      290.4
69.933333333333      290.2
69.966666666667      290.6
70.000000000000      288.9
70.033333333333      289.3
70.066666666667      289.4
70.100000000000      289.5
70.133333333333      289.1
70.166666666667      288.8
70.200000000000      288.6
70.233333333333      289.2
70.266666666667      288.9
70.300000000000      288.6
70.333333333333      288.7
70.366666666667      288.4
70.400000000000      303.4
70.433333333333      303.1
70.466666666667      303.3
70.500000000000      313.2
70.533333333333      314.6
70.566666666667      314.8
70.600000000000      313.8
70.633333333333      313.7
70.666666666667      314.3
70.700000000000      314.2
70.733333333333      313.8
70.766666666667      325.1
70.800000000000      325.8
70.833333333333      326.9
70.866666666667      328.1
70.900000000000      328.1
70.933333333333      327.8
70.966666666667      327.7
71.000000000000      327.8
71.033333333333      327.7
71.066666666667      327.9
71.100000000000      327.9
71.133333333333      327.9
71.166666666667      327.7
71.200000000000      327.9
71.233333333333      328.3
71.266666666667      328.6
71.300000000000      328.4
71.333333333333      328.9
71.366666666667      329.0
71.400000000000      328.8
71.433333333333      328.5
71.466666666667      327.7
71.500000000000      327.0
71.533333333333      327.2
71.566666666667      326.8
71.600000000000      327.4
71.633333333333      328.0
71.666666666667      327.7
71.700000000000      327.1
71.733333333333      327.2
71.766666666667      327.1
71.800000000000      326.8
71.833333333333      326.5
71.866666666667      325.7
71.900000000000      325.8
71.933333333333      326.2
71.966666666667      326.4
72.000000000000      325.8
72.033333333333      325.6
72.066666666667      325.4
72.100000000000      325.0
72.133333333333      325.2
72.166666666667      325.2
72.200000000000      325.2
72.233333333333      325.0
72.266666666667      324.7
72.300000000000      324.8
72.333333333333      324.8
72.366666666667      325.2
72.400000000000      325.4
72.433333333333      325.1
72.466666666667      325.2
72.500000000000      324.8
72.533333333333      325.2
72.566666666667      325.4
72.600000000000      326.0
72.633333333333      326.3
72.666666666667      326.6
72.700000000000      326.2
72.733333333333      326.2
72.766666666667      326.0
72.800000000000      326.3
72.833333333333      326.7
72.866666666667      326.8
72.900000000000      326.7
72.933333333333      326.7
72.966666666667      326.8
73.000000000000      326.9
73.033333333333      326.6
73.066666666667      326.3
73.100000000000      326.3
73.133333333333      326.2
73.166666666667      326.2
73.200000000000      326.2
73.233333333333      325.7
73.266666666667      325.7
73.300000000000      325.2
73.333333333333      325.3
73.366666666667      324.9
73.400000000000      324.7
73.433333333333      324.4
73.466666666667      325.2
73.500000000000      324.6
73.533333333333      324.4
73.566666666667      324.8
73.600000000000      324.6
73.633333333333      324.5
73.666666666667      324.7
73.700000000000      325.3
73.733333333333      325.2
73.766666666667      325.4
73.800000000000      325.9
73.833333333333      325.4
73.866666666667      325.3
73.900000000000      325.2
73.933333333333      325.0
73.966666666667      325.4
74.000000000000      324.3
74.033333333333      324.7
74.066666666667      324.5
74.100000000000      324.3
74.133333333333      324.9
74.166666666667      324.8
74.200000000000      324.7
74.233333333333      324.9
74.266666666667      324.2
74.300000000000      324.2
74.333333333333      324.3
74.366666666667      324.1
74.400000000000      324.4
74.433333333333      323.9
74.466666666667      324.0
74.500000000000      323.8
74.533333333333      323.7
74.566666666667      323.6
74.600000000000      323.8
74.633333333333      323.9
74.666666666667      323.9
74.700000000000      323.6
74.733333333333      323.4
74.766666666667      323.3
74.800000000000      323.5
74.833333333333      323.6
74.866666666667      323.2
74.900000000000      323.2
74.933333333333      323.1
74.966666666667      323.1
75.000000000000      323.1
75.033333333333      322.4
75.066666666667      322.2
75.100000000000      322.7
75.133333333333      322.2
75.166666666667      321.6
75.200000000000      321.1
75.233333333333      320.8
75.266666666667      320.7
75.300000000000      320.4
75.333333333333      319.2
75.366666666667      319.8
75.400000000000      319.4
75.433333333333      319.0
75.466666666667      319.5
75.500000000000      319.7
75.533333333333      319.4
75.566666666667      319.8
75.600000000000      320.2
75.633333333333      320.2
75.666666666667      320.0
75.700000000000      319.8
75.733333333333      319.8
75.766666666667      320.6
75.800000000000      320.7
75.833333333333      320.4
75.866666666667      320.1
75.900000000000      319.8
75.933333333333      320.1
75.966666666667      320.1
76.000000000000      320.1
76.033333333333      319.3
76.066666666667      318.7
76.100000000000      317.9
76.133333333333      317.4
76.166666666667      317.4
76.200000000000      317.4
76.233333333333      318.0
76.266666666667      317.7
76.300000000000      317.9
76.333333333333      317.5
76.366666666667      317.6
76.400000000000      317.3
76.433333333333      317.0
76.466666666667      316.9
76.500000000000      316.7
76.533333333333      316.5
76.566666666667      316.7
76.600000000000      315.8
76.633333333333      316.2
76.666666666667      316.1
76.700000000000      316.3
76.733333333333      316.1
76.766666666667      315.5
76.800000000000      315.3
76.833333333333      315.3
76.866666666667      315.0
76.900000000000      327.4
76.933333333333      328.5
76.966666666667      328.3
77.000000000000      328.1
77.033333333333      328.1
77.066666666667      328.4
77.100000000000      328.5
77.133333333333      328.1
77.166666666667      328.2
77.200000000000      328.0
77.233333333333      328.1
77.266666666667      328.4
77.300000000000      327.5
77.333333333333      327.1
77.366666666667      327.0
77.400000000000      326.2
77.433333333333      325.9
77.466666666667      325.8
77.500000000000      325.3
77.533333333333      325.6
77.566666666667      325.4
77.600000000000      325.5
77.633333333333      325.2
77.666666666667      324.7
77.700000000000      324.3
77.733333333333      324.1
77.766666666667      323.6
77.800000000000      323.2
77.833333333333      323.4
77.866666666667      323.1
77.900000000000      323.2
77.933333333333      324.0
77.966666666667      324.3
78.000000000000      324.1
78.033333333333      323.8
78.066666666667      324.7
78.100000000000      324.8
78.133333333333      324.8
78.166666666667      325.0
78.200000000000      325.3
78.233333333333      325.4
78.266666666667      324.7
78.300000000000      324.6
78.333333333333      324.3
78.366666666667      324.4
78.400000000000      324.6
78.433333333333      324.7
78.466666666667      324.1
78.500000000000      324.2
78.533333333333      324.5
78.566666666667      324.4
78.600000000000      324.5
78.633333333333      324.6
78.666666666667      324.5
78.700000000000      324.3
78.733333333333      324.6
78.766666666667      323.9
78.800000000000      323.6
78.833333333333      323.3
78.866666666667      323.0
78.900000000000      322.5
78.933333333333      322.1
78.966666666667      322.0
79.000000000000      320.2
79.033333333333      319.9
79.066666666667      319.7
79.100000000000      319.9
79.133333333333      319.8
79.166666666667      319.7
79.200000000000      319.1
79.233333333333      318.6
79.266666666667      318.3
79.300000000000      318.1
79.333333333333      318.0
79.366666666667      318.0
79.400000000000      318.8
79.433333333333      318.9
79.466666666667      318.8
79.500000000000      318.2
79.533333333333      318.1
79.566666666667      317.6
79.600000000000      317.4
79.633333333333      317.2
79.666666666667      316.7
79.700000000000      316.4
79.733333333333      316.0
79.766666666667      315.9
79.800000000000      315.4
79.833333333333      315.4
79.866666666667      315.8
79.900000000000      315.4
79.933333333333      315.4
79.966666666667      314.4
80.000000000000      314.5
80.033333333333      314.8
80.066666666667      316.9
80.100000000000      317.2
80.133333333333      317.3
80.166666666667      317.2
80.200000000000      317.1
80.233333333333      317.1
80.266666666667      316.9
80.300000000000      316.6
80.333333333333      316.4
80.366666666667      316.2
80.400000000000      316.7
80.433333333333      316.4
80.466666666667      316.3
80.500000000000      316.0
80.533333333333      316.1
80.566666666667      316.1
80.600000000000      316.2
80.633333333333      316.3
80.666666666667      316.2
80.700000000000      316.4
80.733333333333      315.9
80.766666666667      316.4
80.800000000000      316.2
80.833333333333      316.3
80.866666666667      316.3
80.900000000000      316.4
80.933333333333      316.2
80.966666666667      316.4
81.000000000000      315.7
81.033333333333      316.9
81.066666666667      316.7
81.100000000000      316.9
81.133333333333      317.2
81.166666666667      317.1
81.200000000000      317.5
81.233333333333      316.2
81.266666666667      315.7
81.300000000000      315.4
81.333333333333      325.0
81.366666666667      325.7
81.400000000000      325.9
81.433333333333      326.9
81.466666666667      326.5
81.500000000000      326.2
81.533333333333      326.1
81.566666666667      326.0
81.600000000000      325.3
81.633333333333      324.4
81.666666666667      324.4
81.700000000000      323.3
81.733333333333      322.5
81.766666666667      321.7
81.800000000000      321.2
81.833333333333      320.2
81.866666666667      318.8
81.900000000000      317.9
81.933333333333      316.8
81.966666666667      316.8
82.000000000000      316.2
82.033333333333      316.2
82.066666666667      317.1
82.100000000000      317.1
82.133333333333      316.2
82.166666666667      316.0
82.200000000000      316.4
82.233333333333      316.7
82.266666666667      317.2
82.300000000000      317.5
82.333333333333      317.4
82.366666666667      318.1
82.400000000000      304.7
82.433333333333      304.3
82.466666666667      304.5
82.500000000000      304.5
82.533333333333      305.2
82.566666666667      315.8
82.600000000000      318.4
82.633333333333      319.2
82.666666666667      331.6
82.700000000000      333.4
82.733333333333      334.4
82.766666666667      335.9
82.800000000000      326.0
82.833333333333      326.7
82.866666666667      326.3
82.900000000000      326.0
82.933333333333      325.5
82.966666666667      325.1
83.000000000000      322.4
83.033333333333      322.5
83.066666666667      322.1
83.100000000000      321.4
83.133333333333      320.5
83.166666666667      319.4
83.200000000000      318.6
83.233333333333      318.1
83.266666666667      316.6
83.300000000000      315.6
83.333333333333      313.6
83.366666666667      312.3
83.400000000000      311.8
83.433333333333      310.4
83.466666666667      309.4
83.500000000000      308.0
83.533333333333      307.7
83.566666666667      307.1
83.600000000000      306.8
83.633333333333      306.2
83.666666666667      305.4
83.700000000000      304.9
83.733333333333      305.0
83.766666666667      305.4
83.800000000000      306.9
83.833333333333      308.3
83.866666666667      309.0
83.900000000000      309.5
83.933333333333      310.3
83.966666666667      310.5
84.000000000000      310.7
84.033333333333      311.5
84.066666666667      311.4
84.100000000000      311.7
84.133333333333      312.2
84.166666666667      312.3
84.200000000000      312.6
84.233333333333      313.3
84.266666666667      314.6
84.300000000000      314.9
84.333333333333      316.5
84.366666666667      316.5
84.400000000000      317.0
84.433333333333      317.6
84.466666666667      318.2
84.500000000000      319.0
84.533333333333      319.5
84.566666666667      307.6
84.600000000000      307.3
84.633333333333      308.1
84.666666666667      308.6
84.700000000000      309.3
84.733333333333      309.9
84.766666666667      311.0
84.800000000000      312.1
84.833333333333      312.9
84.866666666667      314.0
84.900000000000      315.3
84.933333333333      316.8
84.966666666667      318.2
85.000000000000      319.0
85.033333333333      321.2
85.066666666667      322.4
85.100000000000      310.6
85.133333333333      311.2
85.166666666667      311.7
85.200000000000      311.3
85.233333333333      311.9
85.266666666667      311.9
85.300000000000      312.2
85.333333333333      312.4
85.366666666667      311.2
85.400000000000      311.1
85.433333333333      311.0
85.466666666667      311.5
85.500000000000      310.3
85.533333333333      310.6
85.566666666667      311.2
85.600000000000      311.5
85.633333333333      312.2
85.666666666667      312.9
85.700000000000      313.5
85.733333333333      313.7
85.766666666667      313.8
85.800000000000      302.8
85.833333333333      303.8
85.866666666667      305.0
85.900000000000      305.8
85.933333333333      307.2
85.966666666667      307.1
86.000000000000      307.2
86.033333333333      307.5
86.066666666667      307.6
86.100000000000      307.9
86.133333333333      308.7
86.166666666667      320.5
86.200000000000      321.1
86.233333333333      321.5
86.266666666667      322.4
86.300000000000      323.4
86.333333333333      324.3
86.366666666667      313.0
86.400000000000      312.9
86.433333333333      313.0
86.466666666667      312.6
86.500000000000      312.8
86.533333333333      313.5
86.566666666667      313.4
86.600000000000      313.3
86.633333333333      313.2
86.666666666667      313.0
86.700000000000      323.3
86.733333333333      323.6
86.766666666667      324.2
86.800000000000      325.3
86.833333333333      315.5
86.866666666667      315.2
86.900000000000      315.5
86.933333333333      315.5
86.966666666667      315.6
87.000000000000      313.8
87.033333333333      314.3
87.066666666667      314.3
87.100000000000      315.3
87.133333333333      315.7
87.166666666667      316.5
87.200000000000      316.7
87.233333333333      317.1
87.266666666667      317.5
87.300000000000      316.9
87.333333333333      316.6
87.366666666667      316.5
87.400000000000      316.8
87.433333333333      316.4
87.466666666667      316.4
87.500000000000      316.5
87.533333333333      317.2
87.566666666667      317.7
87.600000000000      318.5
87.633333333333      318.9
87.666666666667      310.3
87.700000000000      311.0
87.733333333333      310.2
87.766666666667      309.7
87.800000000000      309.3
87.833333333333      309.4
87.866666666667      309.3
87.900000000000      309.4
87.933333333333      309.5
87.966666666667      308.8
88.000000000000      307.9
88.033333333333      307.8
88.066666666667      307.4
88.100000000000      307.8
88.133333333333      308.9
88.166666666667      309.8
88.200000000000      310.9
88.233333333333      311.5
88.266666666667      311.1
88.300000000000      311.3
88.333333333333      311.0
88.366666666667      311.2
88.400000000000      310.9
88.433333333333      311.0
88.466666666667      310.4
88.500000000000      310.1
88.533333333333      309.6
88.566666666667      309.5
88.600000000000      309.1
88.633333333333      309.4
88.666666666667      309.7
88.700000000000      309.8
88.733333333333      310.1
88.766666666667      309.5
88.800000000000      309.0
88.833333333333      308.5
88.866666666667      308.8
88.900000000000      309.1
88.933333333333      308.9
88.966666666667      308.8
89.000000000000      307.6
89.033333333333      308.2
89.066666666667      308.5
89.100000000000      307.9
89.133333333333      307.7
89.166666666667      307.4
89.200000000000      308.1
89.233333333333      309.8
89.266666666667      310.1
89.300000000000      309.5
89.333333333333      308.8
89.366666666667      309.1
89.400000000000      309.6
89.433333333333      309.7
89.466666666667      309.9
89.500000000000      310.2
89.533333333333      310.1
89.566666666667      310.3
89.600000000000      309.7
89.633333333333      310.0
89.666666666667      309.8
89.700000000000      310.5
89.733333333333      310.6
89.766666666667      310.0
89.800000000000      310.6
89.833333333333      310.5
89.866666666667      311.5
89.900000000000      311.9
89.933333333333      311.1
89.966666666667      311.6
90.000000000000      309.5
90.033333333333      308.8
90.066666666667      305.2
90.100000000000      305.8
90.133333333333      306.5
90.166666666667      305.7
90.200000000000      305.1
90.233333333333      304.5
90.266666666667      304.8
90.300000000000      305.1
90.333333333333      304.8
90.366666666667      304.8
90.400000000000      304.1
90.433333333333      303.6
90.466666666667      302.4
90.500000000000      300.4
90.533333333333      299.6
90.566666666667      299.7
90.600000000000      300.1
90.633333333333      302.0
90.666666666667      302.0
90.700000000000      302.6
90.733333333333      302.9
90.766666666667      302.4
90.800000000000      302.4
90.833333333333      302.4
90.866666666667      310.1
90.900000000000      310.5
90.933333333333      311.3
90.966666666667      311.7
91.000000000000      311.5
91.033333333333      312.4
91.066666666667      312.2
91.100000000000      312.4
91.133333333333      312.4
91.166666666667      312.4
91.200000000000      312.3
91.233333333333      312.4
91.266666666667      312.3
91.300000000000      312.2
91.333333333333      304.7
91.366666666667      304.1
91.400000000000      305.0
91.433333333333      305.9
91.466666666667      306.3
91.500000000000      306.9
91.533333333333      307.2
91.566666666667      307.1
91.600000000000      307.4
91.633333333333      307.4
91.666666666667      307.8
91.700000000000      307.2
91.733333333333      307.2
91.766666666667      307.4
91.800000000000      307.6
91.833333333333      308.1
91.866666666667      309.4
91.900000000000      309.6
91.933333333333      310.4
91.966666666667      310.9
92.000000000000      297.3
92.033333333333      297.0
92.066666666667      296.9
92.100000000000      297.2
92.133333333333      297.0
92.166666666667      297.2
92.200000000000      297.7
92.233333333333      297.8
92.266666666667      297.9
92.300000000000      297.7
92.333333333333      297.9
92.366666666667      298.3
92.400000000000      298.7
92.433333333333      299.4
92.466666666667      299.6
92.500000000000      299.7
92.533333333333      299.7
92.566666666667      299.6
92.600000000000      299.4
92.633333333333      301.3
92.666666666667      301.2
92.700000000000      301.5
92.733333333333      302.1
92.766666666667      302.9
92.800000000000      304.0
92.833333333333      304.2
92.866666666667      304.0
92.900000000000      303.8
92.933333333333      304.2
92.966666666667      304.0
93.000000000000      304.3
93.033333333333      304.4
93.066666666667      304.7
93.100000000000      305.5
93.133333333333      304.9
93.166666666667      305.2
93.200000000000      305.0
93.233333333333      304.5
93.266666666667      305.4
93.300000000000      305.8
93.333333333333      305.2
93.366666666667      305.3
93.400000000000      305.8
93.433333333333      306.1
93.466666666667      306.8
93.500000000000      306.6
93.533333333333      306.1
93.566666666667      306.4
93.600000000000      306.4
93.633333333333      306.4
93.666666666667      306.6
93.700000000000      306.1
93.733333333333      306.3
93.766666666667      307.3
93.800000000000      308.2
93.833333333333      309.2
93.866666666667      310.6
93.900000000000      310.6
93.933333333333      310.8
93.966666666667      311.5
94.000000000000      311.1
94.033333333333      311.0
94.066666666667      310.9
94.100000000000      310.8
94.133333333333      310.9
94.166666666667      311.2
94.200000000000      311.2
94.233333333333      311.9
94.266666666667      312.3
94.300000000000      312.3
94.333333333333      312.0
94.366666666667      312.1
94.400000000000      312.5
94.433333333333      311.9
94.466666666667      311.9
94.500000000000      311.4
94.533333333333      310.6
94.566666666667      310.4
94.600000000000      311.0
94.633333333333      311.1
94.666666666667      311.5
94.700000000000      312.4
94.733333333333      312.4
94.766666666667      312.2
94.800000000000      313.0
94.833333333333      312.5
94.866666666667      312.1
94.900000000000      311.8
94.933333333333      311.1
94.966666666667      301.1
95.000000000000      299.3
95.033333333333      298.5
95.066666666667      297.7
95.100000000000      297.6
95.133333333333      297.7
95.166666666667      298.7
95.200000000000      300.4
95.233333333333      300.8
95.266666666667      300.8
95.300000000000      300.9
95.333333333333      301.6
95.366666666667      301.5
95.400000000000      302.0
95.433333333333      301.6
95.466666666667      301.2
95.500000000000      301.0
95.533333333333      300.3
95.566666666667      299.8
95.600000000000      299.3
95.633333333333      298.9
95.666666666667      298.5
95.700000000000      297.8
95.733333333333      297.1
95.766666666667      296.5
95.800000000000      295.7
95.833333333333      294.9
95.866666666667      294.4
95.900000000000      294.0
95.933333333333      294.1
95.966666666667      294.0
96.000000000000      293.6
96.033333333333      294.3
96.066666666667      295.3
96.100000000000      296.2
96.133333333333      296.8
96.166666666667      296.9
96.200000000000      297.7
96.233333333333      298.5
96.266666666667      298.7
96.300000000000      299.8
96.333333333333      300.8
96.366666666667      301.7
96.400000000000      303.4
96.433333333333      304.4
96.466666666667      306.1
96.500000000000      307.5
96.533333333333      308.4
96.566666666667      310.1
96.600000000000      310.8
96.633333333333      311.8
96.666666666667      312.5
96.700000000000      313.1
96.733333333333      313.2
96.766666666667      313.5
96.800000000000      313.6
96.833333333333      314.3
96.866666666667      314.4
96.900000000000      314.9
96.933333333333      315.5
96.966666666667      315.6
97.000000000000      316.1
97.033333333333      317.1
97.066666666667      317.7
97.100000000000      318.3
97.133333333333      319.2
97.166666666667      307.8
97.200000000000      307.2
97.233333333333      306.8
97.266666666667      306.4
97.300000000000      306.2
97.333333333333      305.8
97.366666666667      305.4
97.400000000000      306.0
97.433333333333      306.0
97.466666666667      305.9
97.500000000000      306.1
97.533333333333      306.0
97.566666666667      304.9
97.600000000000      304.9
97.633333333333      304.5
97.666666666667      304.7
97.700000000000      305.5
97.733333333333      305.7
97.766666666667      306.0
97.800000000000      307.0
97.833333333333      306.5
97.866666666667      306.2
97.900000000000      305.6
97.933333333333      304.9
97.966666666667      304.6
98.000000000000      303.1
98.033333333333      303.6
98.066666666667      303.5
98.100000000000      303.4
98.133333333333      303.7
98.166666666667      303.5
98.200000000000      304.0
98.233333333333      303.9
98.266666666667      304.2
98.300000000000      303.9
98.333333333333      304.4
98.366666666667      304.8
98.400000000000      305.3
98.433333333333      305.9
98.466666666667      306.1
98.500000000000      306.9
98.533333333333      307.1
98.566666666667      307.1
98.600000000000      307.7
98.633333333333      307.5
98.666666666667      307.6
98.700000000000      307.8
98.733333333333      307.1
98.766666666667      306.8
98.800000000000      307.3
98.833333333333      306.9
98.866666666667      307.0
98.900000000000      306.9
98.933333333333      307.3
98.966666666667      308.0
99.000000000000      308.1
99.033333333333      308.4
99.066666666667      308.5
99.100000000000      308.8
99.133333333333      308.4
99.166666666667      308.1
99.200000000000      308.4
99.233333333333      308.5
99.266666666667      308.7
99.300000000000      309.5
99.333333333333      309.4
99.366666666667      309.2
99.400000000000      309.6
99.433333333333      309.3
99.466666666667      308.8
99.500000000000      309.0
99.533333333333      308.7
99.566666666667      308.8
99.600000000000      308.7
99.633333333333      308.8
99.666666666667      309.3
99.700000000000      309.7
99.733333333333      309.7
99.766666666667      310.3
99.800000000000      310.2
99.833333333333      309.8
99.866666666667      309.6
99.900000000000      309.6
99.933333333333      310.2
99.966666666667      311.1
100.000000000000      311.1
100.033333333333      310.8
100.066666666667      311.8
100.100000000000      311.7
100.133333333333      311.7
100.166666666667      312.2
100.200000000000      311.8
100.233333333333      311.4
100.266666666667      311.5
100.300000000000      311.4
100.333333333333      311.5
100.366666666667      311.7
100.400000000000      311.5
100.433333333333      311.4
100.466666666667      311.7
100.500000000000      311.6
100.533333333333      311.5
100.566666666667      311.2
100.600000000000      310.0
100.633333333333      309.3
100.666666666667      309.4
100.700000000000      310.1
100.733333333333      309.6
100.766666666667      309.5
100.800000000000      308.9
100.833333333333      307.4
100.866666666667      304.4
100.900000000000      302.4
100.933333333333      299.6
100.966666666667      297.0
101.000000000000      293.8
101.033333333333      289.4
101.066666666667      284.1
101.100000000000      276.1
101.133333333333      267.2
101.166666666667      258.3
101.200000000000      262.6
101.233333333333      259.9
101.266666666667      260.7
101.300000000000      263.6
101.333333333333      278.4
101.366666666667      301.7
101.400000000000      318.3
101.433333333333      334.0
101.466666666667      337.4
101.500000000000      327.9
101.533333333333      327.9
101.566666666667      327.9
101.600000000000      327.8
101.633333333333      316.6
101.666666666667      316.6
101.700000000000      316.8
101.733333333333      317.2
101.766666666667      317.3
101.800000000000      317.3
101.833333333333      304.8
101.866666666667      304.9
101.900000000000      304.0
101.933333333333      304.3
101.966666666667      304.5
102.000000000000      303.3
102.033333333333      303.3
102.066666666667      303.5
102.100000000000      303.5
102.133333333333      303.6
102.166666666667      303.4
102.200000000000      303.3
102.233333333333      302.8
102.266666666667      303.1
102.300000000000      303.5
102.333333333333      305.1
102.366666666667      305.8
102.400000000000      306.4
102.433333333333      306.4
102.466666666667      306.4
102.500000000000      306.5
102.533333333333      306.5
102.566666666667      306.5
102.600000000000      306.8
102.633333333333      306.9
102.666666666667      307.6
102.700000000000      307.5
102.733333333333      308.0
102.766666666667      307.8
102.800000000000      307.8
102.833333333333      307.7
102.866666666667      307.3
102.900000000000      306.7
102.933333333333      306.4
102.966666666667      306.5
103.000000000000      305.5
103.033333333333      305.7
103.066666666667      306.3
103.100000000000      306.9
103.133333333333      307.7
103.166666666667      308.5
103.200000000000      309.6
103.233333333333      309.8
103.266666666667      310.4
103.300000000000      311.4
103.333333333333      311.8
103.366666666667      311.3
103.400000000000      312.4
103.433333333333      312.9
103.466666666667      312.7
103.500000000000      312.0
103.533333333333      311.2
103.566666666667      310.6
103.600000000000      309.8
103.633333333333      309.4
103.666666666667      308.6
103.700000000000      308.6
103.733333333333      309.6
103.766666666667      310.3
103.800000000000      310.2
103.833333333333      310.8
103.866666666667      311.3
103.900000000000      311.9
103.933333333333      311.6
103.966666666667      311.2
104.000000000000      308.3
104.033333333333      307.3
104.066666666667      306.2
104.100000000000      305.7
104.133333333333      305.9
104.166666666667      303.4
104.200000000000      299.5
104.233333333333      296.3
104.266666666667      296.1
104.300000000000      298.1
104.333333333333      300.1
104.366666666667      304.5
104.400000000000      313.2
104.433333333333      314.1
104.466666666667      314.3
104.500000000000      313.5
104.533333333333      312.1
104.566666666667      310.9
104.600000000000      309.4
104.633333333333      308.3
104.666666666667      307.1
104.700000000000      307.7
104.733333333333      308.0
104.766666666667      308.7
104.800000000000      310.1
104.833333333333      310.8
104.866666666667      311.9
104.900000000000      312.7
104.933333333333      313.6
104.966666666667      314.2
105.000000000000      314.7
105.033333333333      314.6
