 0.0      292.8        4.3
 0.2      292.9        2.8
 0.4      293.0        1.6
 0.6      293.1        1.9
 0.8      293.0        2.2
 1.0      293.0        2.0
 1.2      293.0        1.3
 1.4      293.2        1.3
 1.6      293.2        1.4
 1.8      292.9        1.2
 2.0      292.8        1.1
 2.2      292.9        1.4
 2.4      287.4        1.6
 2.6      286.7        2.0
 2.8      286.6        1.8
 3.0      286.7        1.3
 3.2      286.9        1.3
 3.4      286.9        1.2
 3.6      287.1        1.5
 3.8      287.3        1.6
 4.0      287.7        1.7
 4.2      287.9        1.4
 4.4      288.4        1.0
 4.6      288.9        1.8
 4.8      289.0        2.1
 5.0      289.7        1.9
 5.2      276.5        1.8
 5.4      276.9        1.6
 5.6      279.3        1.5
 5.8      281.3        1.9
 6.0      285.2        2.0
 6.2      287.3        1.2
 6.4      285.8        0.8
 6.6      287.4        1.2
 6.8      291.6        1.4
 7.0      276.6        1.3
 7.2      282.5        1.6
 7.4      293.2        1.7
 7.6      288.6        1.4
 7.8      302.3        1.2
 8.0      315.6        1.4
 8.2      318.4        1.8
 8.4      315.7        1.9
 8.6      327.3        1.7
 8.8      326.4        2.4
 9.0      356.8        3.1
 9.2      314.3        3.2
 9.4      286.8        3.1
 9.6      362.3        2.5
 9.8      395.3        1.8
10.0      423.5        1.7
10.2      505.3        1.8
10.4      611.4        1.9
10.6      681.0        1.8
10.8      718.0        1.2
11.0      735.8        1.2
11.2      740.1        1.4
11.4      738.2        1.3
11.6      727.0        1.5
11.8      700.0        2.5
12.0      553.9        2.3
12.2      442.9        1.6
12.4      380.2        1.3
12.6      342.9        1.2
12.8      196.1        1.3
13.0      148.1        1.9
13.2      131.5        2.7
13.4      154.7        1.8
13.6      165.9        0.8
13.8      204.8        1.0
14.0      197.6        1.6
14.2      229.8        1.7
14.4      249.1        2.2
14.6      263.2        2.1
14.8      262.5        1.6
15.0      260.0        1.5
15.2      259.7        1.5
15.4      257.6        1.4
15.6      255.3        1.0
15.8      253.8        1.0
16.0      252.6        1.5
16.2      251.8        1.9
16.4      251.2        1.9
16.6      250.6        1.6
16.8      250.2        1.5
17.0      249.8        1.4
17.2      249.6        1.0
17.4      249.5        1.3
17.6      249.4        1.4
17.8      249.2        1.0
18.0      249.3        1.3
18.2      249.2        1.4
18.4      249.5        1.5
18.6      249.3        2.0
18.8      249.6        1.9
19.0      249.6        1.5
19.2      249.6        1.5
19.4      249.6        1.5
19.6      249.6        1.5
19.8      249.6        1.5
20.0      249.6        1.5
20.2      249.6        1.5
20.4      249.6        1.5
20.6      249.6        1.5
20.8      249.6        1.5
21.0      249.6        1.5
21.2      249.6        1.5
21.4      249.6        1.5
21.6      249.6        1.5
21.8      249.6        1.5
22.0      249.6        1.5
22.2      249.6        1.5
22.4      249.6        1.5
22.6      249.6        1.5
22.8      249.6        1.5
23.0      249.6        1.5
23.2      249.6        1.5
23.4      249.6        1.5
23.6      249.6        1.5
23.8      249.6        1.5
24.0      249.6        1.5
24.2      249.6        1.5
24.4      249.6        1.5
24.6      249.6        1.5
24.8      249.6        1.5
25.0      249.6        1.5
25.2      249.6        1.5
25.4      249.6        1.5
25.6      249.6        1.4
25.8      249.6        1.4
26.0      249.6        1.4
26.2      249.6        1.4
26.4      249.6        1.4
26.6      249.6        1.4
26.8      249.6        1.4
27.0      249.6        1.4
27.2      249.6        1.4
27.4      249.6        1.4
27.6      249.6        1.4
27.8      249.6        1.4
28.0      249.6        1.4
28.2      249.6        1.4
28.4      249.6        1.4
28.6      249.6        1.4
28.8      249.6        1.4
29.0      249.6        1.4
29.2      249.6        1.4
29.4      249.6        1.4
29.6      249.6        1.4
29.8      249.6        1.4
30.0      249.6        1.4
30.2      249.6        1.4
30.4      249.6        1.4
30.6      249.6        1.4
30.8      249.6        1.4
31.0      249.6        1.4
31.2      249.6        1.4
31.4      249.6        1.4
31.6      249.6        1.4
31.8      249.6        1.4
32.0      249.6        1.4
32.2      249.6        1.4
32.4      249.6        1.4
32.6      249.6        1.4
32.8      249.6        1.4
33.0      249.6        1.4
33.2      249.6        1.4
33.4      249.6        1.4
33.6      249.6        1.4
33.8      249.6        1.4
34.0      249.6        1.4
34.2      249.6        1.4
34.4      249.6        1.4
34.6      249.6        1.4
34.8      249.6        1.4
35.0      249.6        1.4
35.2      249.6        1.4
35.4      249.6        1.4
35.6      249.6        1.4
35.8      249.6        1.4
36.0      249.6        1.4
36.2      249.6        1.4
36.4      249.6        1.4
36.6      249.6        1.4
36.8      249.6        1.4
37.0      249.6        1.4
37.2      249.6        1.4
37.4      249.6        1.4
37.6      249.6        1.4
37.8      249.6        1.4
38.0      249.6        1.4
38.2      249.6        1.4
38.4      249.6        1.4
38.6      249.6        1.4
38.8      249.6        1.4
39.0      249.6        1.4
39.2      249.6        1.4
39.4      249.6        1.4
39.6      249.6        1.4
39.8      249.6        1.4
40.0      249.6        1.4
40.2      249.6        1.4
40.4      249.6        1.4
40.6      249.6        1.4
40.8      249.6        1.4
41.0      249.6        1.4
41.2      249.6        1.4
41.4      249.6        1.4
41.6      249.6        1.4
41.8      249.6        1.4
42.0      249.6        1.4
42.2      249.6        1.4
42.4      249.6        1.4
42.6      249.6        1.4
42.8      249.6        1.4
43.0      249.6        1.4
43.2      249.6        1.4
43.4      249.6        1.4
43.6      249.6        1.4
43.8      249.6        1.4
44.0      249.6        1.4
44.2      249.6        1.4
44.4      249.6        1.4
44.6      249.6        1.4
44.8      249.6        1.4
45.0      249.6        1.4
45.2      249.6        1.4
45.4      249.6        1.4
45.6      249.6        1.3
45.8      249.6        1.3
46.0      249.6        1.3
46.2      249.6        1.3
46.4      249.6        1.3
46.6      249.6        1.3
46.8      249.6        1.3
47.0      249.6        1.3
47.2      249.6        1.3
47.4      249.6        1.3
47.6      249.6        1.3
47.8      249.6        1.3
48.0      249.6        1.3
48.2      249.6        1.3
48.4      249.6        1.3
48.6      249.6        1.3
48.8      249.6        1.3
49.0      249.6        1.3
49.2      249.6        1.3
49.4      249.6        1.3
49.6      249.6        1.3
49.8      249.6        1.3
50.0      249.6        1.3
50.2      249.6        1.3
50.4      249.6        1.3
50.6      249.6        1.3
50.8      249.6        1.3
51.0      249.6        1.3
51.2      249.6        1.3
51.4      249.6        1.3
51.6      249.6        1.3
51.8      249.6        1.3
52.0      249.6        1.3
52.2      249.6        1.3
52.4      249.6        1.3
52.6      249.6        1.3
52.8      249.6        1.3
53.0      249.6        1.3
53.2      249.6        1.3
53.4      249.6        1.3
53.6      249.6        1.3
53.8      249.6        1.3
54.0      249.6        1.3
54.2      249.6        1.3
54.4      249.6        1.3
54.6      249.6        1.3
54.8      249.6        1.3
55.0      249.6        1.3
55.2      249.6        1.3
55.4      249.6        1.3
55.6      249.6        1.3
55.8      249.6        1.3
56.0      249.6        1.3
56.2      249.7        1.3
56.4      249.7        1.3
56.6      249.7        1.3
56.8      249.7        1.3
57.0      249.7        1.3
57.2      249.7        1.3
57.4      249.7        1.3
57.6      249.7        1.3
57.8      249.7        1.3
58.0      249.7        1.3
58.2      249.7        1.3
58.4      249.7        1.3
58.6      249.7        1.3
58.8      249.7        1.3
59.0      249.7        1.3
59.2      249.7        1.3
59.4      249.7        1.3
59.6      249.7        1.3
59.8      249.7        1.3
60.0      249.7        1.3
60.2      249.7        1.3
60.4      249.7        1.3
60.6      249.7        1.3
60.8      249.7        1.3
61.0      249.7        1.3
61.2      249.7        1.3
61.4      249.7        1.3
61.6      249.7        1.3
61.8      249.7        1.3
62.0      249.7        1.3
62.2      249.7        1.3
62.4      249.7        1.3
62.6      249.7        1.3
62.8      249.7        1.3
63.0      249.7        1.3
63.2      249.7        1.3
63.4      249.7        1.3
63.6      249.7        1.3
63.8      249.7        1.3
64.0      249.7        1.3
64.2      249.7        1.3
64.4      249.7        1.3
64.6      249.7        1.3
64.8      249.7        1.3
65.0      249.7        1.3
65.2      249.7        1.3
65.4      249.7        1.3
65.6      249.7        1.2
65.8      249.7        1.2
66.0      249.7        1.2
66.2      249.7        1.2
66.4      249.7        1.2
66.6      249.7        1.2
66.8      249.7        1.2
67.0      249.7        1.2
67.2      249.7        1.2
67.4      249.7        1.2
67.6      249.7        1.2
67.8      249.7        1.2
68.0      249.7        1.2
68.2      249.7        1.2
68.4      249.7        1.2
68.6      249.7        1.2
68.8      249.7        1.2
69.0      249.7        1.2
69.2      249.7        1.2
69.4      249.7        1.2
69.6      249.7        1.2
69.8      249.7        1.2
70.0      249.7        1.2
70.2      249.7        1.2
70.4      249.7        1.2
70.6      249.7        1.2
70.8      249.7        1.2
71.0      249.7        1.2
71.2      249.7        1.2
71.4      249.7        1.2
71.6      249.7        1.2
71.8      249.7        1.2
72.0      249.7        1.2
72.2      249.7        1.2
72.4      249.7        1.2
72.6      249.7        1.2
72.8      249.7        1.2
73.0      249.7        1.2
73.2      249.7        1.2
73.4      249.7        1.2
73.6      249.7        1.2
73.8      249.7        1.2
74.0      249.7        1.2
74.2      249.7        1.2
74.4      249.7        1.2
74.6      249.7        1.2
74.8      249.7        1.2
75.0      249.7        1.2
75.2      249.7        1.2
75.4      249.7        1.2
75.6      249.7        1.2
75.8      249.7        1.2
76.0      249.7        1.2
76.2      249.7        1.2
76.4      249.7        1.2
76.6      249.7        1.2
76.8      249.7        1.2
77.0      249.7        1.2
77.2      249.7        1.2
77.4      249.7        1.2
77.6      249.7        1.2
77.8      249.7        1.2
78.0      249.7        1.2
78.2      249.7        1.2
78.4      249.7        1.2
78.6      249.7        1.2
78.8      249.7        1.2
79.0      249.7        1.2
79.2      249.7        1.2
79.4      249.7        1.2
79.6      249.7        1.2
79.8      249.7        1.2
80.0      249.7        1.2
80.2      249.7        1.2
80.4      249.7        1.2
80.6      249.7        1.2
80.8      249.7        1.2
81.0      249.7        1.2
81.2      249.7        1.2
81.4      249.7        1.2
81.6      249.7        1.2
81.8      249.7        1.2
82.0      249.7        1.2
82.2      249.7        1.2
82.4      249.7        1.2
82.6      249.7        1.2
82.8      249.7        1.2
83.0      249.7        1.2
83.2      249.7        1.2
83.4      249.7        1.2
83.6      249.7        1.2
83.8      249.7        1.2
84.0      249.7        1.2
84.2      249.7        1.2
84.4      249.7        1.2
84.6      249.7        1.2
84.8      249.7        1.2
85.0      249.7        1.2
85.2      249.7        1.2
85.4      249.7        1.2
85.6      249.7        1.1
85.8      249.7        1.1
86.0      249.7        1.1
86.2      249.7        1.1
86.4      249.7        1.1
86.6      249.7        1.1
86.8      249.7        1.1
87.0      249.7        1.1
87.2      249.7        1.1
87.4      249.7        1.1
87.6      249.7        1.1
87.8      249.7        1.1
88.0      249.7        1.1
88.2      249.7        1.1
88.4      249.7        1.1
88.6      249.7        1.1
88.8      249.7        1.1
89.0      249.7        1.1
89.2      249.7        1.1
89.4      249.7        1.1
89.6      249.7        1.1
89.8      249.7        1.1
90.0      249.7        1.1
90.2      249.7        1.1
90.4      249.7        1.1
90.6      249.7        1.1
90.8      249.7        1.1
91.0      249.7        1.1
91.2      249.7        1.1
91.4      249.7        1.1
91.6      249.7        1.1
91.8      249.7        1.1
92.0      249.7        1.1
92.2      249.7        1.1
92.4      249.7        1.1
92.6      249.7        1.1
92.8      249.7        1.1
93.0      249.7        1.1
93.2      249.7        1.1
93.4      249.7        1.1
93.6      249.7        1.1
93.8      249.7        1.1
94.0      249.7        1.1
94.2      249.7        1.1
94.4      249.7        1.1
94.6      249.7        1.1
94.8      249.7        1.1
95.0      249.7        1.1
95.2      249.7        1.1
95.4      249.7        1.1
95.6      249.7        1.1
95.8      249.7        1.1
96.0      249.7        1.1
96.2      249.8        0.9
96.4      249.8        0.7
96.6      249.8        1.2
96.8      249.5        1.7
97.0      272.8        1.8
97.2      273.4        1.3
97.4      273.3        0.9
97.6      273.6        1.7
97.8      273.6        1.6
98.0      273.7        1.1
98.2      273.9        1.4
98.4      273.9        1.3
98.6      274.0        1.0
98.8      274.0        1.1
99.0      274.0        1.5
99.2      274.1        1.6
99.4      274.2        1.4
99.6      273.8        2.1
99.8      274.8       17.1
100.0      275.2       26.8
100.2      276.2       30.1
100.4      277.0       32.7
100.6      277.0       23.8
100.8      276.7       21.0
101.0      276.1       18.7
101.2      275.8       14.0
101.4      275.7       13.3
101.6      275.9       12.0
101.8      275.7        8.6
102.0      275.6        8.1
102.2      275.7        9.4
102.4      275.6       10.1
102.6      275.9        8.6
102.8      275.8        5.9
103.0      275.8        6.6
103.2      276.0       10.2
103.4      276.1       11.8
103.6      276.2       10.6
103.8      276.2       13.6
104.0      276.2       12.9
104.2      276.2        8.9
104.4      276.2        8.5
104.6      276.2       11.9
104.8      276.3       11.8
105.0      276.4        7.5
105.2      276.3        7.3
105.4      276.4        6.6
105.6      276.5        8.9
105.8      276.5       15.8
106.0      276.5       18.1
106.2      276.5       11.8
106.4      276.5        9.3
106.6      276.6       12.1
106.8      276.7       10.2
107.0      276.8        8.4
107.2      276.6        7.8
107.4      276.7        6.9
107.6      276.6        6.9
107.8      276.8        9.2
108.0      277.0       11.6
108.2      277.1        8.4
108.4      277.1        5.1
108.6      277.2        7.4
108.8      277.1       13.3
109.0      277.6       18.0
109.2      277.2       22.7
109.4      277.4       19.9
109.6      277.5       13.0
109.8      277.5       15.8
110.0      277.6       15.4
110.2      277.9       15.6
110.4      277.6       15.5
110.6      278.4       18.6
110.8      277.9       24.5
111.0      278.0       24.9
111.2      278.0       25.1
111.4      278.2       21.5
111.6      278.2       21.0
111.8      278.1       24.4
112.0      278.2       24.5
112.2      278.5       17.8
112.4      278.5       17.0
112.6      278.7       21.6
112.8      278.9       23.1
113.0      278.9       28.0
113.2      278.8       29.3
113.4      279.0       21.9
113.6      279.2       16.9
113.8      279.4       16.7
114.0      279.4       18.7
114.2      279.8       20.8
114.4      279.8       20.0
114.6      279.7       19.5
114.8      279.6       21.6
115.0      279.7       17.1
115.2      279.6       10.4
115.4      279.7       14.7
115.6      279.8       21.3
115.8      279.9       23.0
116.0      279.9       24.2
116.2      279.7       17.8
116.4      279.3       18.2
116.6      279.9       24.8
116.8      280.0       20.5
117.0      279.5       15.1
117.2      279.4       11.2
117.4      279.4        8.8
117.6      279.6        8.8
117.8      280.3       13.5
118.0      279.9       17.0
118.2      280.4       19.8
118.4      280.0       16.6
118.6      280.5       10.2
118.8      280.0       13.2
119.0      280.5       18.8
119.2      280.2       16.4
119.4      280.2       10.7
119.6      280.4        8.6
119.8      280.4        7.3
120.0      280.5       11.1
120.2      280.5       12.4
120.4      280.6       11.2
120.6      280.7       12.2
120.8      280.7       10.3
121.0      280.8        9.1
121.2      280.8       10.6
121.4      280.8       11.3
121.6      280.9       12.2
121.8      281.0       12.4
122.0      280.9       10.8
122.2      281.1        9.7
122.4      281.1       10.2
122.6      281.2       11.6
122.8      281.3       10.9
123.0      281.5        7.2
123.2      281.4        2.4
