 0.0      340.8        6.1
 0.2      344.0        5.5
 0.4      331.1        3.4
 0.6      347.8        1.7
 0.8      349.3        1.6
 1.0      357.9        1.7
 1.2      332.8        1.6
 1.4      358.4        1.4
 1.6      439.9        1.4
 1.8      507.8        1.7
 2.0      450.3        1.9
 2.2      509.2        2.0
 2.4      472.7        2.1
 2.6      418.6        1.8
 2.8      517.6        1.5
 3.0      591.4        1.4
 3.2      615.0        1.7
 3.4      597.4        1.7
 3.6      522.3        2.3
 3.8      276.6        2.7
 4.0      279.1        2.1
 4.2      293.6        1.7
 4.4      254.6        1.7
 4.6      156.7        1.7
 4.8       46.5        1.6
 5.0       96.1        1.3
 5.2      158.5        1.9
 5.4      240.8        2.1
 5.6      244.0        1.7
 5.8      260.5        1.8
 6.0      257.8        1.8
 6.2      270.4        1.5
 6.4      271.8        1.6
 6.6      272.7        1.6
 6.8      274.7        1.0
 7.0      276.1        1.2
 7.2      275.5        2.0
 7.4      277.2        2.1
 7.6      280.0        1.9
 7.8      279.7        2.0
 8.0      279.9        2.0
 8.2      281.8        1.9
 8.4      280.5        1.7
 8.6      280.7        1.5
 8.8      278.1        1.6
 9.0      278.0        1.6
 9.2      280.5        1.3
 9.4      281.1        1.3
 9.6      279.1        1.4
 9.8      280.0        1.4
10.0      277.8        1.4
10.2      276.8        1.7
10.4      275.2        1.8
10.6      275.9        1.7
10.8      275.2        1.7
11.0      274.2        1.9
11.2      275.8        1.9
11.4      274.6        1.9
11.6      274.8        1.7
11.8      273.7        1.3
12.0      272.2        2.1
12.2      268.3        6.1
12.4      272.3        9.2
12.6      273.1        7.8
12.8      271.9        4.6
13.0      271.5        3.4
13.2      272.4        4.3
13.4      271.1        4.1
13.6      286.7        5.0
13.8      286.2        5.8
14.0      286.8        6.5
14.2      287.8        8.5
14.4      284.4        9.1
14.6      286.0        7.4
14.8      286.0        6.2
15.0      286.6        5.2
15.2      287.3        3.6
15.4      287.1        3.2
15.6      286.7        2.1
15.8      288.1        2.1
16.0      285.2        3.4
16.2      288.8        4.7
16.4      290.6        5.0
16.6      289.1        4.9
16.8      288.7        4.1
17.0      289.0        3.1
17.2      287.0        3.7
17.4      285.6        3.6
17.6      285.4        2.4
17.8      285.9        2.2
18.0      402.5        2.5
18.2      402.5        2.5
18.4      402.5        2.5
18.6      402.5        2.5
18.8      402.5        2.5
19.0      402.5        2.5
19.2      402.5        2.5
19.4      402.5        2.5
19.6      402.5        2.5
19.8      402.5        2.5
20.0      402.5        2.5
20.2      402.5        2.5
20.4      402.5        2.5
20.6      402.5        2.5
20.8      402.5        2.5
21.0      402.5        2.5
21.2      402.5        2.5
21.4      402.5        2.5
21.6      402.5        2.5
21.8      402.5        2.5
22.0      402.5        2.5
22.2      402.5        2.5
22.4      402.5        2.4
22.6      402.5        2.4
22.8      402.5        2.4
23.0      402.5        2.4
23.2      402.5        2.4
23.4      402.5        2.4
23.6      402.5        2.4
23.8      402.5        2.4
24.0      402.5        2.4
24.2      402.5        2.4
24.4      402.5        2.4
24.6      402.5        2.4
24.8      402.5        2.4
25.0      402.5        2.4
25.2      402.5        2.4
25.4      402.5        2.4
25.6      402.5        2.4
25.8      402.5        2.4
26.0      402.5        2.4
26.2      402.5        2.4
26.4      402.5        2.4
26.6      402.5        2.4
26.8      402.5        2.4
27.0      402.5        2.4
27.2      402.5        2.4
27.4      402.5        2.4
27.6      402.5        2.4
27.8      402.5        2.4
28.0      402.5        2.4
28.2      402.5        2.4
28.4      402.5        2.3
28.6      402.5        2.3
28.8      402.5        2.3
29.0      402.5        2.3
29.2      402.5        2.3
29.4      402.5        2.3
29.6      402.5        2.3
29.8      402.5        2.3
30.0      402.5        2.3
30.2      402.5        2.3
30.4      402.5        2.3
30.6      402.5        2.3
30.8      402.5        2.3
31.0      402.5        2.3
31.2      402.5        2.3
31.4      402.5        2.3
31.6      402.5        2.3
31.8      402.5        2.3
32.0      402.5        2.3
32.2      402.5        2.3
32.4      402.5        2.3
32.6      402.5        2.3
32.8      402.5        2.3
33.0      402.5        2.3
33.2      402.5        2.3
33.4      402.5        2.3
33.6      402.5        2.3
33.8      402.5        2.3
34.0      402.5        2.3
34.2      402.5        2.2
34.4      402.5        2.2
34.6      402.5        2.2
34.8      402.5        2.2
35.0      402.5        2.2
35.2      402.5        2.2
35.4      402.5        2.2
35.6      402.5        2.2
35.8      402.5        2.2
36.0      402.5        2.2
36.2      402.5        2.2
36.4      402.5        2.2
36.6      402.5        2.2
36.8      402.5        2.2
37.0      402.5        2.2
37.2      402.5        2.2
37.4      402.5        2.2
37.6      402.5        2.2
37.8      402.5        2.2
38.0      402.5        2.2
38.2      402.5        2.2
38.4      402.5        2.2
38.6      402.5        2.2
38.8      402.5        2.2
39.0      402.5        2.2
39.2      402.5        2.2
39.4      402.5        2.2
39.6      402.5        2.2
39.8      402.5        2.2
40.0      402.5        2.2
40.2      402.5        2.1
40.4      402.5        2.1
40.6      402.5        2.1
40.8      402.5        2.1
41.0      402.5        2.1
41.2      402.5        2.1
41.4      402.5        2.1
41.6      402.5        2.1
41.8      402.5        2.1
42.0      402.5        2.1
42.2      402.5        2.1
42.4      402.5        2.1
42.6      402.5        2.1
42.8      402.5        2.1
43.0      402.5        2.1
43.2      402.5        2.1
43.4      402.5        2.1
43.6      402.5        2.1
43.8      402.5        2.1
44.0      402.5        2.1
44.2      402.5        2.1
44.4      402.5        2.1
44.6      402.5        2.1
44.8      402.5        2.1
45.0      402.5        2.1
45.2      402.5        2.1
45.4      402.5        2.1
45.6      402.5        2.1
45.8      402.5        2.1
46.0      402.5        2.1
46.2      402.5        2.0
46.4      402.5        2.0
46.6      402.5        2.0
46.8      402.5        2.0
47.0      402.5        2.0
47.2      402.5        2.0
47.4      402.5        2.0
47.6      402.5        2.0
47.8      402.5        2.0
48.0      402.5        2.0
48.2      402.5        2.0
48.4      402.5        2.0
48.6      402.5        2.0
48.8      402.5        2.0
49.0      402.5        2.0
49.2      402.5        2.0
49.4      402.5        2.0
49.6      402.5        2.0
49.8      402.5        2.0
50.0      402.5        2.0
50.2      402.5        2.0
50.4      402.5        2.0
50.6      402.5        2.0
50.8      402.5        2.0
51.0      402.5        2.0
51.2      402.5        2.0
51.4      402.5        2.0
51.6      402.5        2.0
51.8      402.5        2.0
52.0      402.5        2.0
52.2      402.5        1.9
52.4      402.5        1.9
52.6      402.5        1.9
52.8      402.5        1.9
53.0      402.5        1.9
53.2      402.5        1.9
53.4      402.5        1.9
53.6      402.5        1.9
53.8      402.5        1.9
54.0      402.5        1.9
54.2      402.5        1.9
54.4      402.5        1.9
54.6      402.5        1.9
54.8      402.5        1.9
55.0      402.5        1.9
55.2      402.5        1.9
55.4      402.5        1.9
55.6      402.5        1.9
55.8      402.5        1.9
56.0      402.5        1.9
56.2      402.5        1.9
56.4      402.5        1.9
56.6      402.5        1.9
56.8      402.5        1.9
57.0      402.5        1.9
57.2      402.5        1.9
57.4      402.5        1.9
57.6      402.5        1.9
57.8      402.5        1.9
58.0      402.5        1.8
58.2      402.5        1.8
58.4      402.5        1.8
58.6      402.5        1.8
58.8      402.5        1.8
59.0      402.5        1.8
59.2      402.5        1.8
59.4      402.5        1.8
59.6      402.5        1.8
59.8      402.5        1.8
60.0      402.5        1.8
60.2      402.5        1.8
60.4      402.5        1.8
60.6      402.5        1.8
60.8      402.5        1.8
61.0      402.5        1.8
61.2      402.5        1.8
61.4      402.5        1.8
61.6      402.5        1.8
61.8      402.5        1.8
62.0      402.5        1.8
62.2      402.5        1.8
62.4      402.5        1.8
62.6      402.5        1.8
62.8      402.5        1.8
63.0      402.5        1.8
63.2      402.5        1.8
63.4      402.5        1.8
63.6      402.5        1.8
63.8      402.5        1.8
64.0      402.5        1.7
64.2      402.5        1.7
64.4      402.5        1.7
64.6      402.5        1.7
64.8      402.5        1.7
65.0      402.5        1.7
65.2      402.5        1.7
65.4      402.5        1.7
65.6      402.5        1.7
65.8      402.5        1.7
66.0      402.5        1.7
66.2      402.5        1.7
66.4      402.5        1.7
66.6      402.5        1.7
66.8      402.5        1.7
67.0      402.5        1.7
67.2      402.5        1.7
67.4      402.5        1.7
67.6      402.5        1.7
67.8      402.5        1.7
68.0      402.5        1.7
68.2      402.5        1.7
68.4      402.5        1.7
68.6      402.5        1.7
68.8      402.5        1.7
69.0      402.5        1.7
69.2      402.5        1.7
69.4      402.5        1.7
69.6      402.5        1.7
69.8      402.5        1.7
70.0      402.5        1.6
70.2      402.5        1.6
70.4      402.5        1.6
70.6      402.5        1.6
70.8      402.5        1.6
71.0      402.5        1.6
71.2      402.5        1.6
71.4      402.5        1.6
71.6      402.5        1.6
71.8      402.5        1.6
72.0      402.5        1.6
72.2      402.5        1.6
72.4      402.5        1.6
72.6      402.5        1.6
72.8      402.5        1.6
73.0      402.5        1.6
73.2      402.5        1.6
73.4      402.5        1.6
73.6      402.5        1.6
73.8      402.5        1.6
74.0      402.5        1.6
74.2      402.5        1.6
74.4      402.5        1.6
74.6      402.5        1.6
74.8      402.5        1.6
75.0      402.5        1.6
75.2      402.5        1.6
75.4      402.5        1.6
75.6      402.5        1.6
75.8      402.5        1.6
76.0      402.5        1.5
76.2      402.5        1.5
76.4      402.5        1.5
76.6      402.5        1.5
76.8      402.5        1.5
77.0      402.5        1.5
77.2      402.5        1.5
77.4      402.5        1.5
77.6      402.5        1.5
77.8      402.5        1.5
78.0      402.5        1.5
78.2      402.5        1.5
78.4      402.5        1.5
78.6      402.5        1.5
78.8      402.5        1.5
79.0      402.5        1.5
79.2      402.5        1.5
79.4      402.5        1.5
79.6      402.5        1.5
79.8      402.5        1.5
80.0      402.5        1.5
80.2      402.5        1.5
80.4      402.4        1.5
80.6      402.4        1.5
80.8      402.4        1.5
81.0      402.4        1.5
81.2      402.4        1.5
81.4      402.4        1.5
81.6      402.4        1.5
81.8      402.4        1.4
82.0      402.4        1.4
82.2      402.4        1.4
82.4      402.4        1.4
82.6      402.4        1.4
82.8      402.4        1.4
83.0      402.4        1.4
83.2      402.5        1.0
83.4      402.5        0.6
83.6      402.5        0.5
83.8      402.5        0.5
84.0      402.6        0.5
84.2      402.8        0.6
84.4      402.8        0.8
84.6      402.9        0.7
84.8      402.7        0.8
85.0      402.9        0.7
85.2      403.0        0.5
85.4      403.1        0.4
85.6      403.2        0.5
85.8      403.6        0.6
86.0      403.6        0.6
86.2      403.8        0.5
86.4      403.9        0.5
86.6      403.9        0.5
86.8      404.1        0.5
87.0      404.3        0.6
87.2      404.0        0.5
87.4      404.1        0.5
87.6      404.2        0.7
87.8      404.3        0.7
88.0      404.4        0.4
88.2      404.7        0.4
88.4      404.6        0.4
88.6      404.8        0.4
88.8      404.9        0.5
89.0      404.9        0.6
89.2      405.0        0.5
89.4      405.2        0.4
89.6      405.0        0.4
89.8      405.1        0.3
90.0      405.4        0.5
90.2      405.7        0.6
90.4      405.8        0.6
90.6      405.9        0.5
90.8      406.1        0.5
91.0      406.4        0.5
91.2      406.5        0.5
91.4      406.8        0.5
91.6      407.0        0.4
91.8      406.9        0.3
92.0      406.7        0.4
92.2      406.8        0.5
92.4      407.0        0.4
92.6      407.0        0.3
92.8      407.2        0.3
93.0      407.1        0.3
93.2      407.2        5.2
93.4      408.8       19.2
93.6      408.7       27.4
93.8      408.2       33.9
94.0      407.9       37.6
94.2      407.7       26.8
94.4      406.9       16.4
94.6      407.2       15.6
94.8      407.1       16.8
95.0      407.8       13.0
95.2      407.9       11.0
95.4      408.3        7.8
95.6      408.6        4.8
95.8      408.7        6.0
96.0      408.8        6.6
96.2      408.8        6.5
96.4      408.8        5.5
96.6      408.8        5.8
96.8      409.0        7.7
97.0      409.1        8.0
97.2      409.2        8.3
97.4      408.9        9.8
97.6      409.3       10.9
97.8      409.5       10.6
98.0      409.5       12.6
98.2      409.7       12.4
98.4      409.7       10.9
98.6      409.8        9.8
98.8      410.0        6.7
99.0      410.2        6.5
99.2      410.3       10.1
99.4      410.3        9.7
99.6      410.4        8.7
99.8      410.2       10.8
100.0      410.4       10.1
100.2      410.5        8.4
100.4      410.7       11.6
100.6      410.8       12.4
100.8      410.8        6.4
101.0      410.9        7.6
101.2      411.0        8.5
101.4      411.1        8.3
101.6      411.3       11.1
101.8      411.4       17.5
102.0      411.9       25.0
102.2      411.0       25.3
102.4      411.2       19.3
102.6      411.3       18.6
102.8      411.6       23.2
103.0      411.9       22.9
103.2      412.0       20.2
103.4      412.2       14.5
103.6      412.3       12.0
103.8      412.3       14.1
104.0      412.5       12.4
104.2      412.5        8.6
104.4      412.6        9.7
104.6      412.6       16.9
104.8      412.7       18.6
105.0      412.8       17.1
105.2      412.9       23.4
105.4      413.0       26.4
105.6      413.0       21.9
