0.000000000000      304.0
0.033519553073      304.0
0.067039106145      303.2
0.100558659218      303.2
0.134078212291      303.0
0.167597765363      301.8
0.201117318436      301.8
0.234636871508      301.1
0.268156424581      301.1
0.301675977654      299.3
0.335195530726      299.4
0.368715083799      296.6
0.402234636872      296.6
0.435754189944      295.2
0.469273743017      295.6
0.502793296089      295.5
0.536312849162      294.1
0.569832402235      294.1
0.603351955307      291.7
0.636871508380      291.7
0.670391061453      295.0
0.703910614525      295.0
0.737430167598      296.7
0.770949720670      298.1
0.804469273743      298.1
0.837988826816      298.5
0.871508379888      298.5
0.905027932961      295.9
0.938547486034      295.9
0.972067039106      299.0
1.005586592179      299.0
1.039106145251      299.0
1.072625698324      301.6
1.106145251397      305.6
1.139664804469      305.6
1.173184357542      309.1
1.206703910615      312.9
1.240223463687      312.9
1.273743016760      313.8
1.307262569832      313.9
1.340782122905      311.9
1.374301675978      311.9
1.407821229050      310.2
1.441340782123      310.2
1.474860335196      308.8
1.508379888268      307.2
1.541899441341      307.2
1.575418994413      303.8
1.608938547486      303.8
1.642458100559      301.2
1.675977653631      301.2
1.709497206704      298.0
1.743016759777      298.0
1.776536312849      295.9
1.810055865922      291.8
1.843575418994      291.9
1.877094972067      287.7
1.910614525140      287.7
1.944134078212      284.0
1.977653631285      284.0
2.011173184358      282.6
2.044692737430      282.7
2.078212290503      290.2
2.111731843575      290.1
2.145251396648      290.1
2.178770949721      295.2
2.212290502793      295.2
2.245810055866      300.0
2.279329608939      300.1
2.312849162011      300.1
2.346368715084      300.0
2.379888268156      300.0
2.413407821229      302.0
2.446927374302      303.4
2.480446927374      303.5
2.513966480447      305.1
2.547486033520      306.6
2.581005586592      306.7
2.614525139665      308.3
2.648044692737      308.4
2.681564245810      310.0
2.715083798883      310.1
2.748603351955      309.3
2.782122905028      309.4
2.815642458101      309.0
2.849162011173      306.8
2.882681564246      306.7
2.916201117318      306.8
2.949720670391      306.8
2.983240223464      304.3
3.016759776536      303.8
3.050279329609      300.0
3.083798882682      300.0
3.117318435754      300.0
3.150837988827      300.0
3.184357541899      299.8
3.217877094972      300.3
3.251396648045      300.4
3.284916201117      300.4
3.318435754190      301.1
3.351955307263      301.1
3.385474860335      300.8
3.418994413408      300.8
3.452513966480      300.8
3.486033519553      300.8
3.519553072626      301.1
3.553072625698      300.8
3.586592178771      293.5
3.620111731844      293.5
3.653631284916      293.5
3.687150837989      293.5
3.720670391061      291.7
3.754189944134      291.9
3.787709497207      290.5
3.821229050279      290.5
3.854748603352      290.5
3.888268156425      290.5
3.921787709497      290.5
3.955307262570      289.1
3.988826815642      289.2
4.022346368715      288.4
4.055865921788      290.9
4.089385474860      291.0
4.122905027933      291.9
4.156424581006      293.6
4.189944134078      293.7
4.223463687151      292.5
4.256983240223      292.5
4.290502793296      296.9
4.324022346369      297.0
4.357541899441      297.0
4.391061452514      299.6
4.424581005587      311.4
4.458100558659      311.4
4.491620111732      311.4
4.525139664804      311.4
4.558659217877      316.0
4.592178770950      318.5
4.625698324022      318.6
4.659217877095      318.6
4.692737430168      319.5
4.726256983240      318.2
4.759776536313      316.7
4.793296089385      316.7
4.826815642458      315.8
4.860335195531      315.8
4.893854748603      315.2
4.927374301676      315.3
4.960893854749      314.4
4.994413407821      314.4
5.027932960894      314.2
5.061452513966      312.6
5.094972067039      312.7
5.128491620112      312.7
5.162011173184      312.7
5.195530726257      314.4
5.229050279330      314.4
5.262569832402      314.8
5.296089385475      314.5
5.329608938547      314.4
5.363128491620      313.5
5.396648044693      313.5
5.430167597765      312.8
5.463687150838      307.7
5.497206703911      307.7
5.530726256983      303.1
5.564245810056      303.1
5.597765363128      300.2
5.631284916201      300.2
5.664804469274      298.1
5.698324022346      298.1
5.731843575419      296.2
5.765363128492      295.3
5.798882681564      295.3
5.832402234637      300.6
5.865921787709      300.7
5.899441340782      309.5
5.932960893855      309.6
5.966480446927      314.5
6.000000000000      314.5
6.033519553073      313.1
6.067039106145      313.2
6.100558659218      313.3
6.134078212291      311.7
6.167597765363      311.8
6.201117318436      309.4
6.234636871508      309.4
6.268156424581      309.4
6.301675977654      309.4
6.335195530726      308.0
6.368715083799      308.0
6.402234636872      308.1
6.435754189944      305.9
6.469273743017      305.4
6.502793296089      303.3
6.536312849162      303.3
6.569832402235      300.9
6.603351955307      300.9
6.636871508380      298.6
6.670391061453      298.6
6.703910614525      293.3
6.737430167598      293.2
6.770949720670      291.7
6.804469273743      291.7
6.837988826816      291.7
6.871508379888      294.5
6.905027932961      302.6
6.938547486034      302.6
6.972067039106      312.7
7.005586592179      312.7
7.039106145251      312.7
7.072625698324      313.5
7.106145251397      313.8
7.139664804469      312.4
7.173184357542      312.5
7.206703910615      311.8
7.240223463687      311.8
7.273743016760      316.4
7.307262569832      316.4
7.340782122905      316.4
7.374301675978      316.4
7.407821229050      319.7
7.441340782123      320.4
7.474860335196      320.0
7.508379888268      320.0
7.541899441341      318.9
7.575418994413      318.9
7.608938547486      316.2
7.642458100559      316.3
7.675977653631      313.2
7.709497206704      313.1
7.743016759777      311.8
7.776536312849      309.2
7.810055865922      309.2
7.843575418994      306.4
7.877094972067      306.4
7.910614525140      299.1
7.944134078212      299.1
7.977653631285      299.1
8.011173184358      299.1
8.044692737430      296.2
8.078212290503      293.4
8.111731843575      288.7
8.145251396648      288.7
8.178770949721      284.5
8.212290502793      284.5
8.245810055866      288.0
8.279329608939      288.0
8.312849162011      288.9
8.346368715084      288.9
8.379888268156      289.6
8.413407821229      289.5
8.446927374302      289.6
8.480446927374      290.4
8.513966480447      290.4
8.547486033520      291.2
8.581005586592      293.4
8.614525139665      293.4
8.648044692737      294.8
8.681564245810      294.8
8.715083798883      295.0
8.748603351955      292.5
8.782122905028      292.5
8.815642458101      288.0
8.849162011173      288.0
8.882681564246      288.2
8.916201117318      288.2
8.949720670391      293.2
8.983240223464      293.2
9.016759776536      295.3
9.050279329609      296.7
9.083798882682      296.8
9.117318435754      297.9
9.150837988827      297.9
9.184357541899      297.5
9.217877094972      297.5
9.251396648045      296.3
9.284916201117      296.3
9.318435754190      295.8
9.351955307263      293.4
9.385474860335      293.5
9.418994413408      289.8
9.452513966480      289.8
9.486033519553      289.5
9.519553072626      289.5
9.553072625698      291.9
9.586592178771      291.9
9.620111731844      293.4
9.653631284916      294.2
9.687150837989      294.2
9.720670391061      294.2
9.754189944134      294.1
9.787709497207      293.6
9.821229050279      293.7
9.854748603352      294.4
9.888268156425      294.4
9.921787709497      295.0
9.955307262570      292.4
9.988826815642      292.4
10.022346368715      292.9
10.055865921788      293.0
10.089385474860      293.9
10.122905027933      293.9
10.156424581006      294.6
10.189944134078      294.7
10.223463687151      297.1
10.256983240223      302.5
10.290502793296      302.5
10.324022346369      306.5
10.357541899441      306.6
10.391061452514      306.4
10.424581005587      306.4
10.458100558659      307.8
10.491620111732      307.8
10.525139664804      308.9
10.558659217877      308.3
10.592178770950      308.3
10.625698324022      311.4
10.659217877095      311.4
10.692737430168      311.4
10.726256983240      311.4
10.759776536313      312.1
10.793296089385      311.7
10.826815642458      309.9
10.860335195531      309.8
10.893854748603      307.1
10.927374301676      307.1
10.960893854749      307.1
10.994413407821      307.1
11.027932960894      307.2
11.061452513966      307.3
11.094972067039      306.9
11.128491620112      307.0
11.162011173184      307.9
11.195530726257      307.9
11.229050279330      307.9
11.262569832402      307.9
11.296089385475      310.4
11.329608938547      322.9
11.363128491620      322.9
11.396648044693      322.9
11.430167597765      322.9
11.463687150838      323.9
11.497206703911      324.1
11.530726256983      328.8
11.564245810056      328.8
11.597765363128      328.9
11.631284916201      328.9
11.664804469274      320.8
11.698324022346      320.4
11.731843575419      314.7
11.765363128492      314.7
11.798882681564      313.8
11.832402234637      313.8
11.865921787709      312.9
11.899441340782      312.9
11.932960893855      309.3
11.966480446927      309.3
12.000000000000      309.3
12.033519553073      309.3
12.067039106145      308.6
12.100558659218      307.3
12.134078212291      304.0
12.167597765363      304.0
12.201117318436      301.6
12.234636871508      301.6
12.268156424581      297.4
12.301675977654      297.3
12.335195530726      295.2
12.368715083799      295.2
12.402234636872      293.1
12.435754189944      291.3
12.469273743017      291.3
12.502793296089      291.6
12.536312849162      291.7
12.569832402235      288.9
12.603351955307      288.9
12.636871508380      286.7
12.670391061453      286.7
12.703910614525      285.6
12.737430167598      283.2
12.770949720670      283.2
12.804469273743      282.1
12.837988826816      282.1
12.871508379888      283.0
12.905027932961      283.0
12.938547486034      284.1
12.972067039106      284.0
13.005586592179      284.0
13.039106145251      286.7
13.072625698324      288.6
13.106145251397      288.6
13.139664804469      290.5
13.173184357542      290.5
13.206703910615      291.1
13.240223463687      288.2
13.273743016760      288.2
13.307262569832      288.2
13.340782122905      288.2
13.374301675978      292.8
13.407821229050      293.3
13.441340782123      292.6
13.474860335196      292.7
13.508379888268      289.8
13.541899441341      289.9
13.575418994413      290.0
13.608938547486      290.0
13.642458100559      288.9
13.675977653631      287.7
13.709497206704      284.3
13.743016759777      284.3
13.776536312849      281.0
13.810055865922      281.0
13.843575418994      278.9
13.877094972067      278.9
13.910614525140      279.2
13.944134078212      279.3
13.977653631285      279.3
14.011173184358      278.8
14.044692737430      286.1
14.078212290503      286.7
14.111731843575      286.8
14.145251396648      290.6
14.178770949721      300.4
14.212290502793      300.5
14.245810055866      300.5
14.279329608939      300.5
14.312849162011      301.8
14.346368715084      298.8
14.379888268156      298.8
14.413407821229      298.8
14.446927374302      310.8
14.480446927374      310.9
14.513966480447      310.9
14.547486033520      310.9
14.581005586592      311.9
14.614525139665      312.9
14.648044692737      313.3
14.681564245810      313.2
14.715083798883      315.6
14.748603351955      315.8
14.782122905028      297.4
14.815642458101      297.3
14.849162011173      295.8
14.882681564246      295.8
14.916201117318      297.0
14.949720670391      297.0
14.983240223464      297.0
15.016759776536      297.4
15.050279329609      298.6
15.083798882682      297.2
15.117318435754      297.2
15.150837988827      285.9
15.184357541899      284.9
15.217877094972      284.9
15.251396648045      285.2
15.284916201117      285.2
15.318435754190      285.2
15.351955307263      285.2
15.385474860335      287.6
15.418994413408      289.9
15.452513966480      305.1
15.486033519553      305.2
15.519553072626      305.2
15.553072625698      305.2
15.586592178771      297.9
15.620111731844      302.3
15.653631284916      322.8
15.687150837989      322.9
15.720670391061      322.9
15.754189944134      322.9
15.787709497207      313.3
15.821229050279      316.2
15.854748603352      323.0
15.888268156425      323.0
15.921787709497      333.9
15.955307262570      334.0
15.988826815642      334.0
16.022346368715      334.0
16.055865921788      342.3
16.089385474860      342.6
16.122905027933      359.1
16.156424581006      359.2
16.189944134078      359.2
16.223463687151      375.6
16.256983240223      375.6
16.290502793296      375.6
16.324022346369      349.0
16.357541899441      349.0
16.391061452514      353.4
16.424581005587      372.0
16.458100558659      372.1
16.491620111732      372.1
16.525139664804      372.1
16.558659217877      376.1
16.592178770950      376.1
16.625698324022      376.2
16.659217877095      347.5
16.692737430168      347.5
16.726256983240      347.5
16.759776536313      351.4
16.793296089385      351.4
16.826815642458      351.4
16.860335195531      330.3
16.893854748603      330.2
16.927374301676      330.2
16.960893854749      318.4
16.994413407821      318.4
17.027932960894      318.4
17.061452513966      297.6
17.094972067039      294.6
17.128491620112      285.4
17.162011173184      285.4
17.195530726257      285.4
17.229050279330      285.4
17.262569832402      281.9
17.296089385475      266.6
17.329608938547      266.6
17.363128491620      266.6
17.396648044693      263.3
17.430167597765      243.2
17.463687150838      243.2
17.497206703911      243.2
17.530726256983      243.2
17.564245810056      208.3
17.597765363128      208.2
17.631284916201      208.3
17.664804469274      219.9
17.698324022346      208.9
17.731843575419      208.9
17.765363128492      208.9
17.798882681564      222.6
17.832402234637      219.2
17.865921787709      216.6
17.899441340782      216.6
17.932960893855      216.6
17.966480446927      216.6
18.000000000000      264.8
18.033519553073      264.8
18.067039106145      264.8
18.100558659218      265.5
18.134078212291      265.5
18.167597765363      265.4
18.201117318436      274.9
18.234636871508      274.9
18.268156424581      274.9
18.301675977654      265.7
18.335195530726      265.7
18.368715083799      265.7
18.402234636872      275.3
18.435754189944      275.5
18.469273743017      266.6
18.502793296089      266.6
18.536312849162      261.5
18.569832402235      261.4
18.603351955307      267.4
18.636871508380      267.4
18.670391061453      265.7
18.703910614525      263.0
18.737430167598      263.0
18.770949720670      262.4
18.804469273743      262.4
18.837988826816      262.4
18.871508379888      262.4
18.905027932961      272.3
18.938547486034      273.1
18.972067039106      278.6
19.005586592179      278.7
19.039106145251      301.8
19.072625698324      301.9
19.106145251397      303.1
19.139664804469      303.2
19.173184357542      307.0
19.206703910615      306.0
19.240223463687      305.9
19.273743016760      304.1
19.307262569832      304.1
19.340782122905      302.6
19.374301675978      302.7
19.407821229050      302.7
19.441340782123      302.7
19.474860335196      302.7
19.508379888268      302.5
19.541899441341      301.7
19.575418994413      301.8
19.608938547486      301.8
19.642458100559      301.8
19.675977653631      301.0
19.709497206704      301.0
19.743016759777      300.2
19.776536312849      300.2
19.810055865922      299.6
19.843575418994      296.9
19.877094972067      296.9
19.910614525140      296.9
19.944134078212      296.9
19.977653631285      296.9
20.011173184358      297.1
20.044692737430      297.7
20.078212290503      297.7
20.111731843575      298.0
20.145251396648      298.0
20.178770949721      298.8
20.212290502793      298.8
20.245810055866      298.4
20.279329608939      298.4
20.312849162011      298.7
20.346368715084      299.3
20.379888268156      299.3
20.413407821229      300.2
20.446927374302      300.2
20.480446927374      300.2
20.513966480447      300.2
20.547486033520      298.3
20.581005586592      298.4
20.614525139665      298.4
20.648044692737      298.1
20.681564245810      297.7
20.715083798883      297.3
20.748603351955      297.4
20.782122905028      297.0
20.815642458101      297.0
20.849162011173      297.1
20.882681564246      297.1
20.916201117318      296.1
20.949720670391      296.1
20.983240223464      296.2
21.016759776536      296.1
21.050279329609      296.1
21.083798882682      295.8
21.117318435754      295.2
21.150837988827      295.2
21.184357541899      295.2
21.217877094972      295.1
21.251396648045      295.1
21.284916201117      295.2
21.318435754190      296.0
21.351955307263      296.1
21.385474860335      295.7
21.418994413408      295.6
21.452513966480      294.9
21.486033519553      294.9
21.519553072626      294.3
21.553072625698      294.3
21.586592178771      294.3
21.620111731844      293.6
21.653631284916      293.5
21.687150837989      293.3
21.720670391061      293.3
21.754189944134      292.5
21.787709497207      292.5
21.821229050279      292.5
21.854748603352      292.5
21.888268156425      292.3
21.921787709497      291.8
21.955307262570      291.8
21.988826815642      291.4
22.022346368715      291.4
22.055865921788      290.9
22.089385474860      291.0
22.122905027933      289.1
22.156424581006      289.1
22.189944134078      289.1
22.223463687151      289.1
22.256983240223      288.5
22.290502793296      288.5
22.324022346369      288.1
22.357541899441      287.2
22.391061452514      287.1
22.424581005587      286.8
22.458100558659      285.7
22.491620111732      285.7
22.525139664804      284.6
22.558659217877      284.6
22.592178770950      283.5
22.625698324022      283.4
22.659217877095      291.0
22.692737430168      291.2
22.726256983240      291.3
22.759776536313      291.0
22.793296089385      291.0
22.826815642458      290.7
22.860335195531      290.7
22.893854748603      290.4
22.927374301676      290.4
22.960893854749      291.4
22.994413407821      291.4
23.027932960894      291.4
23.061452513966      290.5
23.094972067039      290.5
23.128491620112      287.9
23.162011173184      287.9
23.195530726257      287.1
23.229050279330      287.2
23.262569832402      289.0
23.296089385475      289.0
23.329608938547      290.3
23.363128491620      294.0
23.396648044693      294.0
23.430167597765      295.2
23.463687150838      295.2
23.497206703911      295.5
23.530726256983      295.5
23.564245810056      295.8
23.597765363128      295.8
23.631284916201      295.6
23.664804469274      295.1
23.698324022346      295.1
23.731843575419      294.1
23.765363128492      294.1
23.798882681564      291.6
23.832402234637      291.5
23.865921787709      291.5
23.899441340782      291.5
23.932960893855      291.0
23.966480446927      290.5
24.000000000000      288.6
24.033519553073      288.6
24.067039106145      288.2
24.100558659218      288.2
24.134078212291      286.0
24.167597765363      286.0
24.201117318436      285.9
24.234636871508      285.9
24.268156424581      286.2
24.301675977654      286.8
24.335195530726      286.9
24.368715083799      287.7
24.402234636872      287.7
24.435754189944      288.4
24.469273743017      288.4
24.502793296089      289.2
24.536312849162      289.2
24.569832402235      289.7
24.603351955307      287.0
24.636871508380      286.9
24.670391061453      286.9
24.703910614525      286.9
24.737430167598      286.6
24.770949720670      286.2
24.804469273743      283.5
24.837988826816      283.6
24.871508379888      283.6
24.905027932961      283.6
24.938547486034      283.4
24.972067039106      282.8
25.005586592179      281.5
25.039106145251      281.5
25.072625698324      281.5
25.106145251397      281.5
25.139664804469      282.8
25.173184357542      282.8
25.206703910615      284.0
25.240223463687      285.5
25.273743016760      285.5
25.307262569832      285.5
25.340782122905      286.4
25.374301675978      286.2
25.407821229050      286.2
25.441340782123      286.2
25.474860335196      286.2
25.508379888268      286.0
25.541899441341      285.3
25.575418994413      283.4
25.608938547486      283.4
25.642458100559      281.2
25.675977653631      281.2
25.709497206704      279.7
25.743016759777      279.6
25.776536312849      277.7
25.810055865922      277.7
25.843575418994      275.4
25.877094972067      275.4
25.910614525140      275.4
25.944134078212      275.3
25.977653631285      275.2
26.011173184358      275.3
26.044692737430      275.2
26.078212290503      277.1
26.111731843575      277.1
26.145251396648      277.0
26.178770949721      277.0
26.212290502793      277.1
26.245810055866      278.8
26.279329608939      285.3
26.312849162011      285.3
26.346368715084      285.3
26.379888268156      285.3
26.413407821229      288.0
26.446927374302      290.4
26.480446927374      294.9
26.513966480447      294.9
26.547486033520      298.1
26.581005586592      298.2
26.614525139665      303.2
26.648044692737      303.1
26.681564245810      303.2
26.715083798883      303.2
26.748603351955      303.7
26.782122905028      304.6
26.815642458101      306.9
26.849162011173      307.0
26.882681564246      310.1
26.916201117318      310.2
26.949720670391      314.2
26.983240223464      314.2
27.016759776536      316.2
27.050279329609      316.2
27.083798882682      317.2
27.117318435754      316.6
27.150837988827      316.2
27.184357541899      316.1
27.217877094972      316.2
27.251396648045      315.6
27.284916201117      315.6
27.318435754190      315.1
27.351955307263      315.3
27.385474860335      315.5
27.418994413408      315.4
27.452513966480      315.4
27.486033519553      315.8
27.519553072626      315.9
27.553072625698      316.1
27.586592178771      316.1
27.620111731844      315.9
27.653631284916      315.9
27.687150837989      316.0
27.720670391061      316.0
27.754189944134      316.4
27.787709497207      316.4
27.821229050279      316.2
27.854748603352      315.6
27.888268156425      315.6
27.921787709497      315.5
27.955307262570      315.5
27.988826815642      315.4
28.022346368715      315.4
28.055865921788      315.5
28.089385474860      315.5
28.122905027933      315.6
28.156424581006      315.6
28.189944134078      315.6
28.223463687151      316.0
28.256983240223      316.0
28.290502793296      316.6
28.324022346369      316.6
28.357541899441      316.8
28.391061452514      316.8
28.424581005587      316.8
28.458100558659      316.4
28.491620111732      316.4
28.525139664804      315.6
28.558659217877      315.6
28.592178770950      314.8
28.625698324022      314.8
28.659217877095      314.2
28.692737430168      314.2
28.726256983240      314.2
28.759776536313      313.3
28.793296089385      313.4
28.826815642458      313.3
28.860335195531      313.3
28.893854748603      312.9
28.927374301676      312.9
28.960893854749      313.2
28.994413407821      313.2
29.027932960894      312.4
29.061452513966      312.4
29.094972067039      312.4
29.128491620112      312.4
29.162011173184      310.8
29.195530726257      310.5
29.229050279330      309.9
29.262569832402      309.9
29.296089385475      309.4
29.329608938547      309.4
29.363128491620      309.3
29.396648044693      309.3
29.430167597765      309.8
29.463687150838      309.8
29.497206703911      310.2
29.530726256983      310.5
29.564245810056      310.5
29.597765363128      311.3
29.631284916201      311.3
29.664804469274      311.6
29.698324022346      311.6
29.731843575419      313.1
29.765363128492      313.1
29.798882681564      313.0
29.832402234637      314.1
29.865921787709      314.1
29.899441340782      314.5
29.932960893855      314.5
29.966480446927      316.9
30.000000000000      316.9
30.033519553073      316.8
30.067039106145      316.8
30.100558659218      316.6
30.134078212291      316.6
30.167597765363      316.0
30.201117318436      315.3
30.234636871508      315.3
30.268156424581      315.3
30.301675977654      315.3
30.335195530726      315.0
30.368715083799      314.8
30.402234636872      314.8
30.435754189944      314.3
30.469273743017      314.3
30.502793296089      313.1
30.536312849162      313.1
30.569832402235      311.5
30.603351955307      311.6
30.636871508380      311.0
30.670391061453      309.7
30.703910614525      309.7
30.737430167598      308.9
30.770949720670      308.9
30.804469273743      308.8
30.837988826816      308.8
30.871508379888      309.2
30.905027932961      309.2
30.938547486034      309.6
30.972067039106      309.5
31.005586592179      309.5
31.039106145251      309.2
31.072625698324      309.2
31.106145251397      308.7
31.139664804469      308.7
31.173184357542      307.5
31.206703910615      307.5
31.240223463687      307.5
31.273743016760      306.8
31.307262569832      306.8
31.340782122905      305.9
31.374301675978      305.9
31.407821229050      303.8
31.441340782123      303.8
31.474860335196      303.0
31.508379888268      303.0
31.541899441341      302.7
31.575418994413      302.0
31.608938547486      302.1
31.642458100559      302.0
31.675977653631      301.9
31.709497206704      302.4
31.743016759777      302.4
31.776536312849      302.7
31.810055865922      302.7
31.843575418994      303.0
31.877094972067      303.1
31.910614525140      303.0
31.944134078212      303.1
31.977653631285      303.1
32.011173184358      302.7
32.044692737430      302.8
32.078212290503      302.5
32.111731843575      302.5
32.145251396648      302.5
32.178770949721      300.9
32.212290502793      301.0
32.245810055866      301.3
32.279329608939      301.3
32.312849162011      301.3
32.346368715084      301.2
32.379888268156      301.0
32.413407821229      301.0
32.446927374302      301.2
32.480446927374      300.5
32.513966480447      300.5
32.547486033520      300.5
32.581005586592      300.5
32.614525139665      300.4
32.648044692737      300.4
32.681564245810      300.2
32.715083798883      300.2
32.748603351955      300.4
32.782122905028      299.3
32.815642458101      299.3
32.849162011173      297.8
32.882681564246      297.8
32.916201117318      295.9
32.949720670391      295.9
32.983240223464      310.9
33.016759776536      311.0
33.050279329609      311.0
33.083798882682      311.1
33.117318435754      311.2
33.150837988827      311.8
33.184357541899      311.9
33.217877094972      312.7
33.251396648045      312.7
33.284916201117      313.7
33.318435754190      314.4
33.351955307263      314.4
33.385474860335      316.1
33.418994413408      316.1
33.452513966480      315.9
33.486033519553      316.0
33.519553072626      315.9
33.553072625698      315.9
33.586592178771      316.6
33.620111731844      316.6
33.653631284916      316.6
33.687150837989      315.9
33.720670391061      315.9
33.754189944134      315.9
33.787709497207      316.8
33.821229050279      316.9
33.854748603352      315.4
33.888268156425      315.4
33.921787709497      315.4
33.955307262570      315.4
33.988826815642      315.4
34.022346368715      315.3
34.055865921788      314.9
34.089385474860      314.9
34.122905027933      314.0
34.156424581006      314.0
34.189944134078      314.0
34.223463687151      314.0
34.256983240223      315.7
34.290502793296      315.7
34.324022346369      315.1
34.357541899441      315.1
34.391061452514      315.1
34.424581005587      315.1
34.458100558659      314.3
34.491620111732      314.1
34.525139664804      313.3
34.558659217877      313.3
34.592178770950      312.8
34.625698324022      312.8
34.659217877095      314.2
34.692737430168      314.1
34.726256983240      317.2
34.759776536313      317.2
34.793296089385      318.1
34.826815642458      320.4
34.860335195531      320.4
34.893854748603      320.4
34.927374301676      320.4
34.960893854749      320.7
34.994413407821      320.6
35.027932960894      320.6
35.061452513966      320.6
35.094972067039      320.8
35.128491620112      320.2
35.162011173184      320.2
35.195530726257      320.1
35.229050279330      320.0
35.262569832402      317.6
35.296089385475      317.6
35.329608938547      317.6
35.363128491620      317.6
35.396648044693      316.9
35.430167597765      316.9
35.463687150838      316.4
35.497206703911      316.4
35.530726256983      315.5
35.564245810056      315.5
35.597765363128      315.5
35.631284916201      315.5
35.664804469274      316.5
35.698324022346      316.2
35.731843575419      315.8
35.765363128492      315.8
35.798882681564      315.4
35.832402234637      315.4
35.865921787709      315.7
35.899441340782      315.6
35.932960893855      315.6
35.966480446927      315.6
36.000000000000      316.1
36.033519553073      316.2
36.067039106145      315.4
36.100558659218      315.4
36.134078212291      315.4
36.167597765363      315.4
36.201117318436      313.3
36.234636871508      310.7
36.268156424581      310.7
36.301675977654      310.7
36.335195530726      310.7
36.368715083799      292.2
36.402234636872      291.7
36.435754189944      291.7
36.469273743017      291.7
36.502793296089      289.1
36.536312849162      289.4
36.569832402235      289.9
36.603351955307      289.9
36.636871508380      294.3
36.670391061453      294.3
36.703910614525      294.1
36.737430167598      294.1
36.770949720670      295.5
36.804469273743      295.6
36.837988826816      295.6
36.871508379888      295.6
36.905027932961      295.5
36.938547486034      295.6
36.972067039106      295.6
37.005586592179      295.6
37.039106145251      295.6
37.072625698324      295.6
37.106145251397      294.9
37.139664804469      294.9
37.173184357542      293.8
37.206703910615      293.7
37.240223463687      293.2
37.273743016760      292.0
37.307262569832      292.0
37.340782122905      290.7
37.374301675978      290.7
37.407821229050      307.1
37.441340782123      307.2
37.474860335196      307.2
37.508379888268      307.2
37.541899441341      308.1
37.575418994413      309.5
37.608938547486      315.5
37.642458100559      315.5
37.675977653631      315.5
37.709497206704      315.4
37.743016759777      317.3
37.776536312849      318.2
37.810055865922      318.9
37.843575418994      318.9
37.877094972067      319.6
37.910614525140      319.6
37.944134078212      320.1
37.977653631285      320.1
38.011173184358      321.2
38.044692737430      321.2
38.078212290503      322.2
38.111731843575      324.0
38.145251396648      324.0
38.178770949721      324.0
38.212290502793      323.0
38.245810055866      323.8
38.279329608939      323.8
38.312849162011      323.8
38.346368715084      304.6
38.379888268156      303.5
38.413407821229      303.4
38.446927374302      303.4
38.480446927374      302.9
38.513966480447      302.6
38.547486033520      302.6
38.581005586592      302.6
38.614525139665      302.2
38.648044692737      302.2
38.681564245810      301.9
38.715083798883      301.4
38.748603351955      301.5
38.782122905028      301.5
38.815642458101      301.6
38.849162011173      301.3
38.882681564246      301.3
38.916201117318      300.7
38.949720670391      300.7
38.983240223464      300.7
39.016759776536      300.7
39.050279329609      300.7
39.083798882682      300.2
39.117318435754      299.4
39.150837988827      299.4
39.184357541899      298.9
39.217877094972      298.7
39.251396648045      298.7
39.284916201117      298.7
39.318435754190      299.4
39.351955307263      299.9
39.385474860335      300.0
39.418994413408      300.0
39.452513966480      298.1
39.486033519553      298.1
39.519553072626      298.1
39.553072625698      298.2
39.586592178771      298.3
39.620111731844      298.2
39.653631284916      298.0
39.687150837989      298.0
39.720670391061      296.7
39.754189944134      296.7
39.787709497207      297.4
39.821229050279      297.3
39.854748603352      297.8
39.888268156425      297.8
39.921787709497      298.1
39.955307262570      297.8
39.988826815642      297.8
40.022346368715      297.7
40.055865921788      297.6
40.089385474860      297.5
40.122905027933      297.4
40.156424581006      297.6
40.189944134078      297.6
40.223463687151      296.6
40.256983240223      297.4
40.290502793296      297.4
40.324022346369      297.8
40.357541899441      297.8
40.391061452514      297.9
40.424581005587      297.9
40.458100558659      297.4
40.491620111732      297.4
40.525139664804      297.4
40.558659217877      296.5
40.592178770950      296.5
40.625698324022      296.5
40.659217877095      296.3
40.692737430168      296.3
40.726256983240      294.6
40.759776536313      294.6
40.793296089385      294.8
40.826815642458      294.8
40.860335195531      295.3
40.893854748603      295.3
40.927374301676      296.2
40.960893854749      296.2
40.994413407821      296.5
41.027932960894      296.9
41.061452513966      296.9
41.094972067039      297.3
41.128491620112      297.2
41.162011173184      298.8
41.195530726257      298.9
41.229050279330      298.8
41.262569832402      298.8
41.296089385475      299.6
41.329608938547      300.1
41.363128491620      300.1
41.396648044693      300.6
41.430167597765      300.6
41.463687150838      299.6
41.497206703911      299.6
41.530726256983      299.6
41.564245810056      299.6
41.597765363128      300.1
41.631284916201      300.3
41.664804469274      300.3
41.698324022346      300.3
41.731843575419      300.2
41.765363128492      300.2
41.798882681564      300.8
41.832402234637      300.8
41.865921787709      301.1
41.899441340782      301.2
41.932960893855      301.2
41.966480446927      301.6
42.000000000000      301.6
42.033519553073      301.7
42.067039106145      301.7
42.100558659218      301.7
42.134078212291      301.7
42.167597765363      301.7
42.201117318436      301.7
42.234636871508      301.5
42.268156424581      302.3
42.301675977654      302.3
42.335195530726      302.2
42.368715083799      302.1
42.402234636872      302.4
42.435754189944      302.3
42.469273743017      302.6
42.502793296089      302.6
42.536312849162      303.1
42.569832402235      303.2
42.603351955307      303.2
42.636871508380      302.6
42.670391061453      302.6
42.703910614525      303.2
42.737430167598      303.0
42.770949720670      304.1
42.804469273743      304.0
42.837988826816      304.6
42.871508379888      305.8
42.905027932961      305.7
42.938547486034      308.1
42.972067039106      308.1
43.005586592179      308.1
43.039106145251      308.1
43.072625698324      309.3
43.106145251397      310.2
43.139664804469      312.0
43.173184357542      312.0
43.206703910615      312.8
43.240223463687      312.6
43.273743016760      313.8
43.307262569832      313.8
43.340782122905      314.6
43.374301675978      314.6
43.407821229050      315.1
43.441340782123      315.9
43.474860335196      315.9
43.508379888268      316.2
43.541899441341      316.2
43.575418994413      314.9
43.608938547486      314.9
43.642458100559      315.3
43.675977653631      315.3
43.709497206704      315.9
43.743016759777      316.5
43.776536312849      316.5
43.810055865922      316.6
43.843575418994      316.6
43.877094972067      305.1
43.910614525140      305.1
43.944134078212      303.7
43.977653631285      303.7
44.011173184358      302.6
44.044692737430      300.2
44.078212290503      300.2
44.111731843575      297.9
44.145251396648      297.9
44.178770949721      296.4
44.212290502793      296.4
44.245810055866      294.2
44.279329608939      294.3
44.312849162011      291.6
44.346368715084      291.7
44.379888268156      291.7
44.413407821229      291.7
44.446927374302      291.9
44.480446927374      291.3
44.513966480447      289.9
44.547486033520      290.0
44.581005586592      287.7
44.614525139665      287.7
44.648044692737      287.5
44.681564245810      287.5
44.715083798883      295.5
44.748603351955      295.8
44.782122905028      296.3
44.815642458101      295.5
44.849162011173      295.5
44.882681564246      295.5
44.916201117318      295.5
44.949720670391      297.9
44.983240223464      297.9
45.016759776536      299.4
45.050279329609      301.3
45.083798882682      301.3
45.117318435754      304.1
45.150837988827      304.1
45.184357541899      308.6
45.217877094972      308.6
45.251396648045      308.2
45.284916201117      308.3
45.318435754190      308.5
45.351955307263      310.6
45.385474860335      310.6
45.418994413408      313.4
45.452513966480      313.4
45.486033519553      314.6
45.519553072626      314.6
45.553072625698      316.3
45.586592178771      316.4
45.620111731844      317.9
45.653631284916      319.6
45.687150837989      319.6
45.720670391061      320.9
45.754189944134      320.8
45.787709497207      320.8
45.821229050279      320.8
45.854748603352      309.5
45.888268156425      309.5
45.921787709497      309.5
45.955307262570      303.2
45.988826815642      302.3
46.022346368715      301.1
46.055865921788      301.1
46.089385474860      302.0
46.122905027933      302.0
46.156424581006      301.5
46.189944134078      301.5
46.223463687151      298.9
46.256983240223      299.0
46.290502793296      299.4
46.324022346369      300.0
46.357541899441      300.0
46.391061452514      300.3
46.424581005587      300.3
46.458100558659      299.6
46.491620111732      299.6
46.525139664804      298.2
46.558659217877      298.2
46.592178770950      297.3
46.625698324022      296.1
46.659217877095      296.2
46.692737430168      295.8
46.726256983240      295.8
46.759776536313      298.2
46.793296089385      298.2
46.826815642458      298.8
46.860335195531      298.8
46.893854748603      299.3
46.927374301676      301.3
46.960893854749      301.2
46.994413407821      303.5
47.027932960894      303.6
47.061452513966      305.7
47.094972067039      305.8
47.128491620112      306.6
47.162011173184      306.6
47.195530726257      307.1
47.229050279330      307.7
47.262569832402      306.6
47.296089385475      307.1
47.329608938547      307.1
47.363128491620      307.3
47.396648044693      307.4
47.430167597765      308.1
47.463687150838      308.0
47.497206703911      308.1
47.530726256983      306.6
47.564245810056      306.6
47.597765363128      306.7
47.631284916201      306.1
47.664804469274      305.1
47.698324022346      303.4
47.731843575419      303.5
47.765363128492      300.3
47.798882681564      300.3
47.832402234637      298.8
47.865921787709      298.8
47.899441340782      297.4
47.932960893855      297.4
47.966480446927      297.0
48.000000000000      295.8
48.033519553073      295.8
48.067039106145      295.8
48.100558659218      295.8
48.134078212291      303.5
48.167597765363      303.6
48.201117318436      303.4
48.234636871508      303.1
48.268156424581      303.4
48.301675977654      303.2
48.335195530726      301.7
48.368715083799      301.7
48.402234636872      301.5
48.435754189944      301.5
48.469273743017      302.4
48.502793296089      302.4
48.536312849162      299.8
48.569832402235      299.8
48.603351955307      300.9
48.636871508380      302.1
48.670391061453      302.0
48.703910614525      303.1
48.737430167598      303.1
48.770949720670      303.0
48.804469273743      303.0
48.837988826816      306.6
48.871508379888      306.6
48.905027932961      307.0
48.938547486034      307.6
48.972067039106      307.6
49.005586592179      307.7
49.039106145251      307.7
49.072625698324      306.9
49.106145251397      306.9
49.139664804469      306.8
49.173184357542      306.8
49.206703910615      307.1
49.240223463687      307.0
49.273743016760      306.1
49.307262569832      307.1
49.340782122905      307.1
49.374301675978      307.8
49.407821229050      307.8
49.441340782123      308.2
49.474860335196      308.2
49.508379888268      308.4
49.541899441341      308.8
49.575418994413      308.8
49.608938547486      309.7
49.642458100559      309.7
49.675977653631      310.4
49.709497206704      310.4
49.743016759777      310.8
49.776536312849      310.6
49.810055865922      310.5
49.843575418994      311.0
49.877094972067      311.0
49.910614525140      311.7
49.944134078212      311.8
49.977653631285      312.1
50.011173184358      312.1
50.044692737430      312.4
50.078212290503      312.4
50.111731843575      312.5
50.145251396648      312.1
50.178770949721      312.1
50.212290502793      312.9
50.245810055866      312.9
50.279329608939      314.7
50.312849162011      314.7
50.346368715084      315.8
50.379888268156      315.8
50.413407821229      315.7
50.446927374302      315.3
50.480446927374      315.3
50.513966480447      314.3
50.547486033520      314.3
50.581005586592      312.8
50.614525139665      312.8
50.648044692737      311.2
50.681564245810      311.2
50.715083798883      310.2
50.748603351955      308.3
50.782122905028      308.1
50.815642458101      304.4
50.849162011173      304.4
50.882681564246      302.2
50.916201117318      302.2
50.949720670391      299.3
50.983240223464      299.3
51.016759776536      298.7
51.050279329609      298.1
51.083798882682      298.1
51.117318435754      298.1
51.150837988827      298.1
51.184357541899      298.9
51.217877094972      298.9
51.251396648045      299.6
51.284916201117      297.9
51.318435754190      298.9
51.351955307263      298.4
51.385474860335      298.5
51.418994413408      299.6
51.452513966480      299.6
51.486033519553      301.9
51.519553072626      301.9
51.553072625698      301.9
51.586592178771      301.9
51.620111731844      301.3
51.653631284916      299.3
51.687150837989      299.3
51.720670391061      297.5
51.754189944134      297.4
51.787709497207      298.8
51.821229050279      298.8
51.854748603352      303.5
51.888268156425      303.5
51.921787709497      304.6
51.955307262570      305.8
51.988826815642      305.8
52.022346368715      306.0
52.055865921788      306.0
52.089385474860      306.0
52.122905027933      306.0
52.156424581006      307.6
52.189944134078      307.6
52.223463687151      307.1
52.256983240223      305.3
52.290502793296      305.2
52.324022346369      305.1
52.357541899441      305.2
52.391061452514      305.2
52.424581005587      307.5
52.458100558659      307.5
52.491620111732      308.5
52.525139664804      308.5
52.558659217877      308.5
52.592178770950      308.5
52.625698324022      308.7
52.659217877095      309.2
52.692737430168      309.2
52.726256983240      310.0
52.759776536313      310.0
52.793296089385      309.6
52.826815642458      309.6
52.860335195531      309.7
52.893854748603      309.7
52.927374301676      309.9
52.960893854749      310.1
52.994413407821      310.1
53.027932960894      310.0
53.061452513966      310.0
53.094972067039      310.1
53.128491620112      310.0
53.162011173184      310.1
53.195530726257      310.1
53.229050279330      310.1
53.262569832402      310.1
53.296089385475      309.5
53.329608938547      309.7
53.363128491620      309.6
53.396648044693      309.6
53.430167597765      310.1
53.463687150838      310.1
53.497206703911      310.4
53.530726256983      310.5
53.564245810056      310.5
53.597765363128      310.5
53.631284916201      310.5
53.664804469274      311.1
53.698324022346      311.1
53.731843575419      311.1
53.765363128492      309.6
53.798882681564      309.9
53.832402234637      309.6
53.865921787709      309.6
53.899441340782      310.7
53.932960893855      310.8
53.966480446927      310.3
54.000000000000      310.3
54.033519553073      310.0
54.067039106145      310.0
54.100558659218      309.7
54.134078212291      308.6
54.167597765363      308.6
54.201117318436      308.0
54.234636871508      308.0
54.268156424581      307.7
54.301675977654      307.6
54.335195530726      306.4
54.368715083799      306.3
54.402234636872      306.0
54.435754189944      304.1
54.469273743017      304.1
54.502793296089      302.7
54.536312849162      302.7
54.569832402235      299.6
54.603351955307      299.6
54.636871508380      299.2
54.670391061453      299.2
54.703910614525      300.0
54.737430167598      300.3
54.770949720670      300.3
54.804469273743      300.8
54.837988826816      300.9
54.871508379888      301.2
54.905027932961      301.3
54.938547486034      301.4
54.972067039106      301.4
55.005586592179      301.7
55.039106145251      316.1
55.072625698324      316.2
55.106145251397      316.3
55.139664804469      316.3
55.173184357542      317.6
55.206703910615      316.6
55.240223463687      316.7
55.273743016760      316.7
55.307262569832      316.9
55.340782122905      317.0
55.374301675978      317.0
55.407821229050      317.0
55.441340782123      317.3
55.474860335196      317.7
55.508379888268      317.7
55.541899441341      317.7
55.575418994413      316.6
55.608938547486      315.8
55.642458100559      315.8
55.675977653631      316.4
55.709497206704      316.4
55.743016759777      318.1
55.776536312849      318.2
55.810055865922      318.0
55.843575418994      318.3
55.877094972067      320.9
55.910614525140      320.9
55.944134078212      320.9
55.977653631285      320.9
56.011173184358      322.5
56.044692737430      324.2
56.078212290503      328.2
56.111731843575      328.2
56.145251396648      328.2
56.178770949721      328.2
56.212290502793      329.7
56.245810055866      330.8
56.279329608939      331.6
56.312849162011      331.3
56.346368715084      332.7
56.379888268156      332.8
56.413407821229      333.0
56.446927374302      333.0
56.480446927374      333.8
56.513966480447      333.8
56.547486033520      335.4
56.581005586592      335.3
56.614525139665      335.3
56.648044692737      318.2
56.681564245810      317.1
56.715083798883      317.1
56.748603351955      317.1
56.782122905028      316.3
56.815642458101      314.3
56.849162011173      314.3
56.882681564246      312.5
56.916201117318      309.5
56.949720670391      309.6
56.983240223464      303.3
57.016759776536      303.3
57.050279329609      303.2
57.083798882682      303.2
57.117318435754      306.1
57.150837988827      306.2
57.184357541899      308.6
57.217877094972      313.3
57.251396648045      313.3
57.284916201117      319.2
57.318435754190      318.6
57.351955307263      320.7
57.385474860335      320.7
57.418994413408      321.2
57.452513966480      321.2
57.486033519553      321.1
57.519553072626      318.9
57.553072625698      318.9
57.586592178771      317.2
57.620111731844      317.3
57.653631284916      315.1
57.687150837989      315.2
57.720670391061      316.0
57.754189944134      316.0
57.787709497207      317.1
57.821229050279      318.1
57.854748603352      318.1
57.888268156425      318.3
57.921787709497      318.3
57.955307262570      318.9
57.988826815642      319.0
58.022346368715      317.1
58.055865921788      317.2
58.089385474860      316.5
58.122905027933      314.4
58.156424581006      314.3
58.189944134078      312.9
58.223463687151      312.9
58.256983240223      314.8
58.290502793296      314.8
58.324022346369      318.6
58.357541899441      318.6
58.391061452514      319.5
58.424581005587      322.7
58.458100558659      322.7
58.491620111732      322.7
58.525139664804      322.7
58.558659217877      314.1
58.592178770950      313.6
58.625698324022      311.8
58.659217877095      311.8
58.692737430168      310.2
58.726256983240      310.2
58.759776536313      308.6
58.793296089385      308.6
58.826815642458      308.6
58.860335195531      308.0
58.893854748603      308.0
58.927374301676      305.4
58.960893854749      305.4
58.994413407821      305.6
59.027932960894      305.6
59.061452513966      307.2
59.094972067039      307.2
59.128491620112      307.9
59.162011173184      309.5
59.195530726257      309.5
59.229050279330      312.0
59.262569832402      312.0
59.296089385475      314.4
59.329608938547      313.5
59.363128491620      317.6
59.396648044693      317.6
59.430167597765      318.2
59.463687150838      318.7
59.497206703911      318.7
59.530726256983      316.9
59.564245810056      316.9
59.597765363128      315.4
59.631284916201      315.4
59.664804469274      315.4
59.698324022346      315.4
59.731843575419      315.3
59.765363128492      317.5
59.798882681564      317.5
59.832402234637      317.4
59.865921787710      317.4
59.899441340782      298.2
59.932960893855      298.0
59.966480446927      294.4
60.000000000000      294.4
60.033519553073      293.3
60.067039106145      293.3
60.100558659218      291.9
60.134078212291      291.9
60.167597765363      291.1
60.201117318436      290.5
60.234636871508      290.6
60.268156424581      291.2
60.301675977654      291.2
60.335195530726      291.2
60.368715083799      291.3
60.402234636872      294.9
60.435754189944      294.9
60.469273743017      294.9
60.502793296089      294.9
60.536312849162      295.8
60.569832402235      295.8
60.603351955307      296.2
60.636871508380      295.2
60.670391061453      295.2
60.703910614525      294.8
60.737430167598      294.1
60.770949720670      294.1
60.804469273743      293.5
60.837988826816      293.4
60.871508379888      292.6
60.905027932961      292.6
60.938547486034      291.9
60.972067039106      291.9
61.005586592179      291.7
61.039106145251      291.9
61.072625698324      291.9
61.106145251397      292.0
61.139664804469      292.0
61.173184357542      292.6
61.206703910615      292.5
61.240223463687      292.2
61.273743016760      292.2
61.307262569832      292.2
61.340782122905      291.3
61.374301675978      291.3
61.407821229050      291.5
61.441340782123      291.5
61.474860335196      292.0
61.508379888268      292.0
61.541899441341      293.6
61.575418994413      293.6
61.608938547486      293.3
61.642458100559      294.9
61.675977653631      294.9
61.709497206704      296.7
61.743016759777      296.7
61.776536312849      298.2
61.810055865922      298.2
61.843575418994      297.9
61.877094972067      297.9
61.910614525140      298.0
61.944134078212      287.5
61.977653631285      287.5
62.011173184358      285.7
62.044692737430      285.6
62.078212290503      284.9
62.111731843575      284.9
62.145251396648      284.4
62.178770949721      284.4
62.212290502793      284.8
62.245810055866      284.2
62.279329608939      284.1
62.312849162011      284.4
62.346368715084      283.5
62.379888268156      284.4
62.413407821229      284.4
62.446927374302      284.2
62.480446927374      284.2
62.513966480447      284.2
62.547486033520      283.6
62.581005586592      283.6
62.614525139665      283.8
62.648044692737      283.8
62.681564245810      284.2
62.715083798883      284.2
62.748603351955      284.4
62.782122905028      284.4
62.815642458101      284.7
62.849162011173      284.4
62.882681564246      284.5
62.916201117318      284.4
62.949720670391      284.5
62.983240223464      284.3
63.016759776536      284.3
63.050279329609      285.1
63.083798882682      285.1
63.117318435754      285.2
63.150837988827      284.7
63.184357541899      284.7
63.217877094972      285.2
63.251396648045      285.2
63.284916201117      285.6
63.318435754190      285.6
63.351955307263      286.2
63.385474860335      286.3
63.418994413408      287.3
63.452513966480      287.7
63.486033519553      287.7
63.519553072626      288.9
63.553072625698      289.0
63.586592178771      289.6
63.620111731844      289.6
63.653631284916      290.7
63.687150837989      290.7
63.720670391061      291.3
63.754189944134      292.2
63.787709497207      292.2
63.821229050279      293.3
63.854748603352      293.2
63.888268156425      294.1
63.921787709497      294.1
63.955307262570      295.4
63.988826815642      295.4
64.022346368715      296.5
64.055865921788      297.7
64.089385474860      297.8
64.122905027933      298.2
64.156424581006      298.2
64.189944134078      298.1
64.223463687151      298.2
64.256983240223      297.7
64.290502793296      297.7
64.324022346369      297.5
64.357541899441      297.4
64.391061452514      297.5
64.424581005587      301.9
64.458100558659      301.9
64.491620111732      301.9
64.525139664804      301.9
64.558659217877      305.6
64.592178770950      305.6
64.625698324022      305.6
64.659217877095      295.4
64.692737430168      295.9
64.726256983240      296.1
64.759776536313      296.1
64.793296089385      281.5
64.826815642458      281.5
64.860335195531      279.4
64.893854748603      279.4
64.927374301676      276.5
64.960893854749      274.7
64.994413407821      274.7
65.027932960894      273.6
65.061452513966      273.7
65.094972067039      273.2
65.128491620112      273.2
65.162011173184      272.8
65.195530726257      272.8
65.229050279330      273.0
65.262569832402      273.1
65.296089385475      273.1
65.329608938547      273.7
65.363128491620      273.5
65.396648044693      274.7
65.430167597765      274.7
65.463687150838      274.6
65.497206703911      274.6
65.530726256983      274.5
65.564245810056      274.4
65.597765363128      274.4
65.631284916201      274.4
65.664804469274      274.4
65.698324022346      274.2
65.731843575419      274.1
65.765363128492      273.8
65.798882681564      273.8
65.832402234637      274.0
65.865921787709      273.5
65.899441340782      273.5
65.932960893855      273.5
65.966480446927      273.5
66.000000000000      273.3
66.033519553073      273.3
66.067039106145      273.2
66.100558659218      273.2
66.134078212291      273.3
66.167597765363      273.0
66.201117318436      272.9
66.234636871508      273.2
66.268156424581      273.2
66.301675977654      272.7
66.335195530726      272.7
66.368715083799      271.2
66.402234636872      271.3
66.435754189944      271.5
66.469273743017      271.4
66.502793296089      271.4
66.536312849162      270.8
66.569832402235      270.8
66.603351955307      270.5
66.636871508380      270.5
66.670391061453      270.5
66.703910614525      270.5
66.737430167598      269.0
66.770949720670      269.0
66.804469273743      269.0
66.837988826816      268.6
66.871508379888      268.6
66.905027932961      268.6
66.938547486034      279.3
66.972067039106      279.7
67.005586592179      279.8
67.039106145251      279.8
67.072625698324      279.5
67.106145251397      279.6
67.139664804469      280.2
67.173184357542      280.2
67.206703910615      280.3
67.240223463687      280.3
67.273743016760      280.3
67.307262569832      280.3
67.340782122905      280.3
67.374301675978      280.0
67.407821229050      280.0
67.441340782123      280.0
67.474860335196      280.0
67.508379888268      278.6
67.541899441341      277.6
67.575418994413      277.6
67.608938547486      287.5
67.642458100559      287.6
67.675977653631      290.7
67.709497206704      290.7
67.743016759777      288.6
67.776536312849      288.7
67.810055865922      288.7
67.843575418994      285.7
67.877094972067      285.6
67.910614525140      285.6
67.944134078212      284.3
67.977653631285      284.3
68.011173184358      284.0
68.044692737430      282.3
68.078212290503      282.3
68.111731843575      280.9
68.145251396648      279.4
68.178770949721      279.5
68.212290502793      278.9
68.245810055866      278.9
68.279329608939      278.8
68.312849162011      278.8
68.346368715084      280.6
68.379888268156      280.2
68.413407821229      282.0
68.446927374302      290.1
68.480446927374      290.1
68.513966480447      290.1
68.547486033520      290.1
68.581005586592      281.5
68.614525139665      283.6
68.648044692737      286.9
68.681564245810      286.8
68.715083798883      291.1
68.748603351955      291.1
68.782122905028      280.1
68.815642458101      280.2
68.849162011173      280.1
68.882681564246      278.6
68.916201117318      278.5
68.949720670391      276.6
68.983240223464      276.6
69.016759776536      276.3
69.050279329609      276.3
69.083798882682      276.3
69.117318435754      276.3
69.150837988827      276.4
69.184357541899      276.6
69.217877094972      276.3
69.251396648045      276.3
69.284916201117      278.1
69.318435754190      278.1
69.351955307263      277.7
69.385474860335      277.6
69.418994413408      277.2
69.452513966480      277.3
69.486033519553      277.1
69.519553072626      277.0
69.553072625698      276.9
69.586592178771      277.4
69.620111731844      277.4
69.653631284916      277.6
69.687150837989      277.5
69.720670391061      277.5
69.754189944134      277.5
69.787709497207      277.5
69.821229050279      277.4
69.854748603352      277.4
69.888268156425      277.2
69.921787709497      277.1
69.955307262570      276.8
69.988826815642      276.8
70.022346368715      276.4
70.055865921788      276.4
70.089385474860      276.3
70.122905027933      276.1
70.156424581006      276.0
70.189944134078      275.6
70.223463687151      275.6
70.256983240223      275.6
70.290502793296      275.6
70.324022346369      275.3
70.357541899441      275.3
70.391061452514      274.2
70.424581005587      274.3
70.458100558659      274.4
70.491620111732      274.4
70.525139664804      274.4
70.558659217877      274.4
70.592178770950      274.4
70.625698324022      274.6
70.659217877095      274.5
70.692737430168      274.6
70.726256983240      274.7
70.759776536313      274.7
70.793296089385      274.8
70.826815642458      274.8
70.860335195531      274.0
70.893854748603      273.9
70.927374301676      273.8
70.960893854749      273.8
70.994413407821      273.8
71.027932960894      273.4
71.061452513966      273.4
71.094972067039      273.1
71.128491620112      273.0
71.162011173184      272.6
71.195530726257      272.6
71.229050279330      273.0
71.262569832402      273.0
71.296089385475      272.9
71.329608938547      272.9
71.363128491620      272.9
71.396648044693      272.4
71.430167597765      272.4
71.463687150838      272.4
71.497206703911      272.4
71.530726256983      272.5
71.564245810056      272.5
71.597765363128      272.2
71.631284916201      270.1
71.664804469274      270.1
71.698324022346      270.3
71.731843575419      270.3
71.765363128492      272.5
71.798882681564      272.5
71.832402234637      272.4
71.865921787709      272.3
71.899441340782      272.5
71.932960893855      272.5
71.966480446927      272.5
72.000000000000      272.4
72.033519553073      272.4
72.067039106145      272.6
72.100558659218      272.6
72.134078212291      272.0
72.167597765363      271.9
72.201117318436      271.9
72.234636871508      271.3
72.268156424581      271.3
72.301675977654      267.2
72.335195530726      267.2
72.368715083799      267.2
72.402234636872      267.4
72.435754189944      277.9
72.469273743017      278.2
72.502793296089      280.0
72.536312849162      280.0
72.569832402235      279.8
72.603351955307      279.8
72.636871508380      281.2
72.670391061453      281.2
72.703910614525      283.0
72.737430167598      295.3
72.770949720670      295.4
72.804469273743      295.4
72.837988826816      295.4
72.871508379888      295.4
72.905027932961      295.4
72.938547486034      295.4
72.972067039106      295.4
73.005586592179      295.4
73.039106145251      295.2
73.072625698324      294.7
73.106145251397      294.7
73.139664804469      293.8
73.173184357542      293.9
73.206703910615      293.4
73.240223463687      293.5
73.273743016760      292.4
73.307262569832      292.4
73.340782122905      292.2
73.374301675978      291.6
73.407821229050      291.5
73.441340782123      290.7
73.474860335196      290.7
73.508379888268      287.8
73.541899441341      287.8
73.575418994413      287.8
73.608938547486      287.8
73.642458100559      286.0
73.675977653631      285.4
73.709497206704      284.3
73.743016759777      284.2
73.776536312849      283.3
73.810055865922      283.3
73.843575418994      282.0
73.877094972067      282.0
73.910614525140      281.4
73.944134078212      281.4
73.977653631285      281.0
74.011173184358      279.8
74.044692737430      279.8
74.078212290503      278.4
74.111731843575      278.4
74.145251396648      276.2
74.178770949721      276.2
74.212290502793      273.8
74.245810055866      273.8
74.279329608939      278.8
74.312849162011      278.9
74.346368715084      278.9
74.379888268156      278.9
74.413407821229      277.5
74.446927374302      277.2
74.480446927374      272.3
74.513966480447      272.3
74.547486033520      272.3
74.581005586592      272.3
74.614525139665      270.2
74.648044692737      265.6
74.681564245810      265.7
74.715083798883      265.7
74.748603351955      265.7
74.782122905028      265.7
74.815642458101      265.7
74.849162011173      265.7
74.882681564246      285.5
74.916201117318      285.7
74.949720670391      295.8
74.983240223464      295.9
75.016759776536      295.9
75.050279329609      302.0
75.083798882682      302.0
75.117318435754      302.0
75.150837988827      286.8
75.184357541899      292.1
75.217877094972      292.1
75.251396648045      292.1
75.284916201117      284.4
75.318435754190      285.7
75.351955307263      288.3
