 0.0      131.6        2.4
 0.2      131.6        2.3
 0.4      131.6        2.7
 0.6      131.4        3.0
 0.8      131.5        2.8
 1.0      131.5        2.8
 1.2      131.6        2.7
 1.4      131.7        2.9
 1.6      131.9        2.9
 1.8      132.0        2.7
 2.0      131.8        3.0
 2.2      132.0        2.6
 2.4      132.3        2.6
 2.6      132.6        3.1
 2.8      132.7        2.9
 3.0      132.9        2.6
 3.2      133.2        2.6
 3.4      133.5        2.7
 3.6      133.8        2.3
 3.8      134.1        2.5
 4.0      134.7        2.9
 4.2      135.1        3.0
 4.4      135.6        3.0
 4.6      136.3        3.4
 4.8      137.1        3.0
 5.0      138.1        3.2
 5.2      139.1        2.7
 5.4      140.3        2.3
 5.6      141.5        3.0
 5.8      140.9        2.9
 6.0      138.7        2.4
 6.2      138.1        2.7
 6.4      136.1        3.0
 6.6      136.5        2.4
 6.8      138.9        2.5
 7.0      141.1        2.6
 7.2      147.1        2.0
 7.4      151.4        2.4
 7.6      160.2        2.3
 7.8      162.1        1.7
 8.0      155.5        1.6
 8.2      142.6        1.6
 8.4      139.7        1.3
 8.6      150.8        1.4
 8.8      174.1        1.3
 9.0      179.3        1.5
 9.2      205.0        1.9
 9.4      225.3        1.5
 9.6      208.0        1.5
 9.8      159.7        1.7
10.0      159.6        1.7
10.2      149.6        1.5
10.4      112.0        1.5
10.6       77.4        1.7
10.8       44.3        1.9
11.0       31.2        2.2
11.2       37.6        2.4
11.4       49.6        2.1
11.6       46.5        1.9
11.8       48.1        1.9
12.0       70.4        2.0
12.2       85.5        1.8
12.4       92.8        1.5
12.6       97.3        1.7
12.8      101.0        1.9
13.0      104.1        1.5
13.2      105.7        1.4
13.4      109.1        1.6
13.6      111.1        1.7
13.8      115.3        1.4
14.0      119.3        1.7
14.2      120.7        2.1
14.4      123.9        1.8
14.6      125.6        1.5
14.8      125.8        1.8
15.0      128.1        1.9
15.2      128.0        1.4
15.4      127.8        1.8
15.6      127.9        2.5
15.8      127.9        2.8
16.0      127.7        2.7
16.2      127.6        2.6
16.4      127.6        2.6
16.6      127.8        2.4
16.8      127.7        2.0
17.0      127.6        1.8
17.2      127.6        1.8
17.4      127.6        1.8
17.6      127.6        1.4
17.8      127.6        1.8
18.0      127.7        2.7
18.2      127.7        2.7
18.4      127.6        2.4
18.6      127.6        2.8
18.8      127.8        2.8
19.0      127.8        2.0
19.2      127.8        2.1
19.4      127.6        2.2
19.6      127.7        1.5
19.8      127.7        1.2
20.0      127.9        1.6
20.2      128.0        1.8
20.4      128.2        1.6
20.6      128.4        1.7
20.8      128.4        2.1
21.0      128.4        2.3
21.2      128.5        2.4
21.4      128.4        2.1
21.6      128.6        2.3
21.8      128.7        2.4
22.0      128.9        2.0
22.2      128.9        1.8
22.4      129.0        2.3
22.6      129.0        3.0
22.8      128.9        2.1
23.0      128.9        1.9
23.2      129.0        2.5
23.4      129.0        2.0
23.6      129.3        2.2
23.8      129.3        2.2
24.0      129.3        1.7
24.2      129.4        1.7
24.4      129.5        1.9
24.6      129.8        2.5
24.8      130.1        2.4
25.0      130.3        1.7
25.2      130.6        1.6
25.4      131.0        2.3
25.6      131.6        2.5
25.8      132.0        1.8
26.0      132.2        2.2
26.2      132.4        3.1
26.4      133.0        2.9
26.6      134.2        2.8
26.8      135.3        3.1
27.0      136.2        2.6
27.2      137.8        1.8
27.4      138.6        1.7
27.6      139.0        2.0
27.8      139.6        2.6
28.0      139.8        3.2
28.2      138.9        3.4
28.4      139.8        3.0
28.6      139.9        3.4
28.8      138.5        4.9
29.0      135.7        4.2
29.2      133.3        2.2
29.4      131.6        3.1
29.6      133.7        9.2
29.8      134.2       10.6
30.0      133.1        5.8
30.2      132.9        4.0
30.4      130.8        2.7
30.6      130.5        2.7
30.8      131.7        3.6
31.0      131.0        3.9
31.2      129.7        4.1
31.4      128.5        4.7
31.6      127.6        6.1
31.8      128.1        7.4
32.0      126.6        5.2
