 0.0      244.9        9.2
 0.2      244.1       10.7
 0.4      243.1       11.3
 0.6      243.7       11.4
 0.8      248.3       13.1
 1.0      252.3       14.0
 1.2      256.2       12.6
 1.4      258.8       15.0
 1.6      257.9       14.9
 1.8      260.8       12.1
 2.0      260.6       12.0
 2.2      256.7       10.4
 2.4      258.0       10.3
 2.6      259.2       12.2
 2.8      261.2       13.8
 3.0      264.2       11.2
 3.2      266.2       10.7
 3.4      267.0       12.0
 3.6      266.9       11.0
 3.8      270.3       11.0
 4.0      278.5       14.7
 4.2      291.1       18.2
 4.4      301.9       13.6
 4.6      309.2       11.9
 4.8      308.3       13.3
 5.0      308.2       11.4
 5.2      307.7       14.1
 5.4      302.8       14.0
 5.6      299.2       11.0
 5.8      300.3       13.9
 6.0      301.9       15.7
 6.2      302.7       13.2
 6.4      298.9       12.6
 6.6      298.8       14.5
 6.8      299.2       14.2
 7.0      296.0       12.9
 7.2      291.3       12.6
 7.4      291.4       10.6
 7.6      286.8       13.7
 7.8      285.3       17.4
 8.0      282.9       15.3
 8.2      278.8       15.8
 8.4      278.0       16.1
 8.6      273.8       17.8
 8.8      270.6       14.3
 9.0      267.9       10.6
 9.2      264.5       12.8
 9.4      263.7       13.8
 9.6      261.2       13.9
 9.8      254.2       10.6
10.0      252.9       11.3
10.2      251.4       12.2
10.4      253.0        9.9
10.6      257.0       10.2
10.8      262.1       14.0
11.0      264.5       13.5
11.2      268.0       10.2
11.4      274.4       10.5
11.6      278.3       13.8
11.8      278.3       14.5
12.0      275.6       13.2
12.2      277.6       12.3
12.4      277.4       12.1
12.6      275.2       12.3
12.8      274.2       10.8
13.0      273.9       10.4
13.2      272.5        9.6
13.4      271.9       11.0
13.6      271.5       14.5
13.8      272.6       14.0
14.0      269.5       12.8
14.2      270.7       11.8
14.4      271.9       11.4
14.6      270.6       12.3
14.8      270.4       11.6
15.0      267.7       11.0
15.2      263.0       12.3
15.4      259.0       13.1
15.6      254.9       12.8
15.8      253.8       12.2
16.0      256.0       14.8
16.2      253.9       16.6
16.4      254.0       14.3
16.6      261.1       12.4
16.8      260.8       12.7
17.0      256.1       18.6
17.2      256.7       18.7
17.4      264.2       13.1
17.6      267.6       12.3
17.8      268.1       15.4
18.0      267.0       15.0
18.2      267.1       14.0
18.4      267.9       17.1
18.6      272.1       15.7
18.8      271.3       16.2
19.0      268.6       16.3
19.2      265.5       11.1
19.4      262.1       12.1
19.6      260.8       12.2
19.8      264.5       11.4
20.0      270.8       13.4
20.2      274.6       12.2
20.4      276.0       11.3
20.6      276.0       10.7
20.8      276.9       11.3
21.0      276.8       13.0
21.2      277.3       15.2
21.4      275.9       17.4
21.6      275.2       18.5
21.8      274.0       20.0
22.0      276.0       18.7
22.2      274.5       14.5
22.4      273.6       12.9
22.6      270.9       13.0
22.8      269.9       12.7
23.0      267.2       11.4
23.2      265.3        9.9
23.4      262.9       12.5
23.6      260.8       12.7
23.8      262.5       12.4
24.0      264.0       12.7
24.2      266.2       11.2
24.4      266.7       12.6
24.6      266.7       12.5
24.8      271.3       13.5
25.0      275.8       16.2
25.2      281.5       15.9
25.4      285.7       14.8
25.6      291.0       13.8
25.8      298.6       12.2
26.0      302.2       11.6
26.2      305.1       12.5
26.4      308.5       14.2
26.6      314.1       12.7
26.8      324.2       12.9
27.0      316.2       13.0
27.2      334.0       13.4
27.4      330.0       17.2
27.6      353.9       16.0
27.8      349.1       14.7
28.0      354.1       13.5
28.2      346.8       12.4
28.4      338.9       14.8
28.6      337.4       16.2
28.8      364.2       15.9
29.0      414.1       13.9
29.2      422.3       11.8
29.4      427.5       10.0
29.6      447.8       10.9
29.8      444.9       14.1
30.0      435.8       12.2
30.2      392.5       10.2
30.4      420.0       11.5
30.6      415.5       14.2
30.8      371.8       16.6
31.0      315.7       13.8
31.2      178.9       11.7
31.4      172.2       13.6
31.6      281.7       11.6
31.8      341.0       10.7
32.0      226.2       13.4
32.2      157.8       13.7
32.4      228.2       11.9
32.6      266.5       10.4
32.8      283.8        9.9
33.0      282.7       12.3
33.2      277.0       14.4
33.4      274.2       15.9
33.6      273.2       15.9
33.8      272.9       13.7
34.0      274.9       19.0
34.2      272.9       15.7
34.4      274.3        9.8
34.6      270.8       14.0
34.8      270.7       13.8
35.0      267.8       15.6
35.2      266.4       13.7
35.4      265.6       11.1
35.6      266.4       13.1
35.8      265.9       12.3
36.0      262.3       14.1
36.2      260.1       13.9
36.4      260.0       13.4
36.6      259.9       11.9
36.8      258.2       11.7
37.0      257.6       13.9
37.2      259.3       15.1
37.4      258.8       16.2
37.6      256.0       13.9
37.8      279.4       13.0
38.0      280.4       13.9
38.2      279.0       11.0
38.4      276.8       10.5
38.6      274.7       15.9
38.8      274.7       18.3
39.0      275.7       18.7
39.2      274.6       17.7
39.4      274.7       15.4
39.6      274.9       16.5
39.8      275.1       16.3
40.0      275.3       10.9
40.2      273.8       10.1
40.4      273.0       12.3
40.6      273.1       10.4
40.8      273.1        7.8
41.0      272.6        5.9
41.2      273.1        4.9
41.4      273.1        5.6
41.6      272.5        8.6
41.8      275.5        8.7
42.0      275.8        7.0
42.2      274.9        8.9
42.4      274.9        9.3
42.6      274.9        8.1
42.8      276.0       11.4
43.0      276.0       14.1
43.2      275.8       14.5
43.4      275.9       11.8
43.6      275.8        8.7
43.8      276.3       10.8
44.0      276.3       11.9
44.2      276.5       12.1
44.4      276.3       13.5
44.6      276.4       13.6
44.8      276.6       12.4
45.0      276.6       12.2
45.2      276.5       14.9
45.4      276.6       15.0
45.6      276.1       14.0
45.8      276.7       16.2
46.0      276.8       21.8
46.2      276.8       21.7
46.4      276.7       14.1
46.6      276.7       10.3
46.8      277.0       10.5
47.0      277.1       11.8
47.2      277.0       11.5
47.4      276.8        9.3
47.6      276.8        9.6
47.8      277.2        9.7
48.0      277.2        7.7
48.2      277.1        7.9
48.4      276.7        9.4
48.6      277.2       10.6
48.8      277.3        8.7
49.0      277.6        8.8
49.2      277.6       11.4
49.4      277.6       11.6
49.6      277.7       10.7
49.8      277.8       10.9
50.0      277.6       12.5
50.2      277.6       11.0
50.4      277.6        9.6
50.6      277.8        9.7
50.8      277.8        8.8
51.0      277.9        9.3
51.2      277.8       10.9
51.4      278.1       10.5
51.6      277.7       10.5
51.8      277.9       11.8
52.0      277.9       10.8
52.2      278.0        9.2
52.4      278.1        9.7
52.6      278.3       12.4
52.8      278.4       11.4
53.0      278.3        8.1
53.2      278.2        8.8
53.4      278.0       11.1
53.6      278.2       10.4
53.8      278.3        9.7
54.0      278.4       10.4
54.2      278.9       10.8
54.4      278.8       10.6
54.6      278.6       10.2
54.8      278.9        9.5
55.0      278.8        8.4
55.2      278.8       10.3
55.4      278.8        9.8
55.6      278.3        8.5
55.8      278.8       11.1
56.0      278.8       12.2
56.2      278.9       10.8
56.4      279.1        9.0
56.6      279.1        8.1
56.8      279.1        8.6
57.0      278.7        8.9
57.2      279.2        9.5
57.4      279.0        9.4
57.6      279.2        9.2
57.8      279.4       10.7
58.0      279.5       13.5
58.2      279.4       14.1
58.4      279.4       11.0
58.6      279.6        9.9
58.8      279.5       11.5
59.0      279.5       10.4
59.2      279.7       10.3
59.4      279.4       10.0
59.6      279.6       10.9
59.8      279.7       11.8
60.0      279.8       10.4
60.2      279.6       11.9
60.4      279.7       11.4
60.6      279.8       10.1
60.8      279.9        9.8
61.0      279.9        9.0
61.2      280.1       11.5
61.4      280.3       13.5
61.6      280.3        9.3
61.8      280.3        8.0
62.0      280.4       10.2
62.2      280.4       11.3
62.4      280.1       10.6
62.6      280.8        8.7
62.8      280.5        9.2
63.0      280.6        9.4
63.2      280.6       10.2
63.4      280.6        9.5
63.6      280.8        9.2
63.8      280.6        9.4
64.0      280.9        7.3
64.2      280.7        8.6
64.4      281.0       10.1
64.6      280.9        9.9
64.8      280.5        8.8
65.0      281.1       10.0
65.2      281.2       10.5
65.4      281.1       10.9
65.6      281.2       12.1
65.8      281.1       11.2
66.0      281.1       10.4
66.2      281.4       11.9
66.4      281.4       12.6
66.6      281.8       10.4
66.8      281.6       11.1
67.0      281.4       13.1
67.2      281.6       12.7
67.4      281.6       14.0
67.6      281.5       11.4
67.8      281.5        9.6
68.0      281.9       12.5
68.2      282.1       12.3
68.4      282.1       10.9
68.6      282.0        9.8
68.8      282.2       11.9
69.0      281.8       12.9
69.2      282.1       11.8
69.4      282.6       11.3
69.6      282.4       10.9
69.8      282.4       11.1
70.0      282.5        9.6
70.2      282.6        9.6
70.4      282.6       13.2
70.6      282.7       14.3
70.8      282.8       10.1
71.0      283.0        9.3
71.2      282.9        9.8
71.4      282.7        7.6
71.6      282.8        8.5
71.8      282.9       10.0
72.0      282.9       10.3
72.2      282.9        9.8
72.4      282.9        9.4
72.6      283.4        9.4
72.8      283.2        9.1
73.0      283.2        9.7
73.2      282.7       10.9
73.4      283.2       11.3
73.6      283.0       10.9
73.8      283.2       10.4
74.0      282.9        9.3
74.2      283.3       11.1
74.4      283.5       10.9
74.6      283.4        9.3
74.8      283.8       10.4
75.0      283.6       10.0
75.2      283.7        9.0
75.4      283.8        9.0
75.6      283.8       10.2
75.8      283.8       10.6
76.0      283.9        9.9
76.2      284.1        9.5
76.4      284.0       11.2
76.6      284.3        9.6
76.8      284.4        8.2
77.0      284.3       10.6
77.2      284.1       11.6
77.4      284.4        9.8
77.6      284.7        9.9
77.8      284.5       10.9
78.0      284.5       11.3
78.2      284.6       12.6
78.4      284.7       11.9
78.6      284.6       11.5
78.8      284.4       11.3
79.0      284.3       11.4
79.2      284.9       11.1
79.4      285.1       11.1
79.6      285.1       11.3
79.8      285.1       10.6
80.0      285.2        9.2
80.2      285.3        7.9
80.4      285.0        8.6
80.6      284.7       11.5
80.8      285.1       10.7
81.0      285.3        8.8
81.2      284.5        9.4
81.4      285.4        8.4
81.6      285.4        9.6
81.8      285.6        8.9
82.0      285.3       11.4
82.2      285.6       15.2
82.4      285.8       13.6
82.6      285.8       10.8
82.8      285.9        8.2
83.0      285.9        8.4
83.2      285.4       10.2
83.4      285.2        9.7
83.6      285.1       10.0
83.8      285.7       13.5
84.0      286.0       13.5
84.2      286.0       12.3
84.4      285.9       10.9
84.6      286.2        8.0
84.8      286.3       11.4
85.0      286.0       14.2
85.2      286.3       11.6
85.4      286.4        9.5
85.6      286.5        8.1
85.8      286.2        8.5
86.0      286.5       10.4
86.2      286.7       11.2
86.4      286.0       10.4
86.6      286.6       11.9
86.8      286.8       10.7
87.0      286.9       10.5
87.2      286.8        9.9
87.4      287.0        8.2
87.6      287.0        8.7
87.8      286.9        8.4
88.0      287.2        9.5
88.2      287.2       10.2
88.4      287.4       10.6
88.6      287.4        8.8
88.8      287.0        7.4
89.0      287.1        8.0
89.2      286.1        7.6
89.4      283.5        7.0
89.6      270.8        7.3
89.8      262.1        7.9
90.0      257.6        8.1
90.2      256.0        7.7
90.4      257.9        9.2
90.6      267.4       11.5
90.8      274.2       10.1
91.0      277.9        9.8
91.2      280.4        8.8
91.4      282.2        7.0
91.6      283.7        7.9
91.8      284.7        9.0
92.0      285.7        8.6
92.2      286.3        6.3
92.4      286.5        6.4
92.6      286.7       10.9
92.8      287.4       12.4
93.0      286.9        8.7
93.2      287.4        7.9
93.4      287.8        9.8
93.6      287.7        9.1
93.8      287.7        8.3
94.0      288.1        9.3
94.2      288.3       11.8
94.4      288.3       12.2
94.6      288.1        9.2
94.8      288.2        7.2
95.0      288.4        8.4
95.2      288.4        9.5
95.4      288.6        7.9
95.6      289.0        6.4
95.8      288.7        8.1
96.0      289.1        9.0
96.2      289.3        7.9
96.4      288.8        7.8
96.6      289.3        6.4
96.8      289.7        6.1
97.0      289.3        7.5
97.2      289.2        8.7
97.4      289.4        9.6
97.6      289.3       11.6
97.8      288.4       12.3
98.0      281.5        9.6
98.2      267.8        8.9
98.4      256.7       11.6
98.6      249.2       14.3
98.8      245.0        9.9
99.0      242.0        5.7
99.2      241.6        7.7
99.4      250.1        8.2
99.6      263.1       11.0
99.8      271.0       13.0
100.0      275.4       12.7
100.2      279.1       12.9
100.4      281.2       10.5
100.6      283.2       12.0
100.8      284.6       13.3
101.0      285.6       11.0
101.2      286.5       10.7
101.4      287.2       12.2
101.6      287.9       12.1
101.8      288.5       10.7
102.0      288.8       10.8
102.2      289.4       13.4
102.4      289.6       15.2
102.6      289.6       15.9
102.8      290.3       20.4
103.0      290.3       16.9
103.2      290.5       11.5
103.4      290.7       12.8
103.6      290.7       12.2
103.8      290.7        9.5
104.0      290.9        7.6
104.2      290.7        7.7
104.4      290.8        7.8
104.6      291.0        8.0
104.8      291.1        7.4
105.0      291.1        7.4
105.2      291.2       10.0
105.4      291.1       10.7
105.6      291.4        9.2
105.8      291.5        7.8
106.0      291.7        7.0
106.2      291.5        8.4
106.4      291.5        8.8
106.6      291.4        8.6
106.8      291.8        9.7
107.0      291.9        8.3
107.2      291.7        5.7
107.4      292.0        5.9
107.6      292.2        7.8
107.8      292.3        8.8
108.0      292.5        8.7
108.2      292.5        8.9
108.4      292.2        7.6
108.6      292.3        7.6
108.8      292.2        8.0
109.0      292.5        7.1
109.2      292.4        6.6
109.4      292.5        6.9
109.6      292.7        8.3
109.8      292.9        7.9
110.0      293.1        8.0
110.2      293.0        9.6
110.4      292.9        9.4
110.6      293.0        9.0
110.8      293.1        9.3
111.0      293.3        9.8
111.2      293.3        9.8
111.4      293.4       12.3
111.6      293.2       11.8
111.8      293.4       11.4
112.0      293.5       10.4
112.2      293.5        8.0
112.4      293.7        8.6
112.6      293.8        8.0
112.8      293.8        8.1
113.0      293.5        7.7
113.2      293.7        9.4
113.4      293.9        8.3
113.6      293.8        8.2
113.8      293.8       10.0
114.0      294.0        9.0
114.2      293.9       10.1
114.4      293.3       10.7
114.6      290.4       10.4
114.8      291.0        9.9
115.0      292.7        8.2
115.2      293.0        8.3
115.4      293.2        8.0
115.6      293.6        9.4
115.8      293.8        9.2
116.0      294.4        7.2
116.2      294.2        7.6
116.4      294.7        6.4
116.6      295.5        5.1
116.8      296.6        4.4
117.0      296.6        5.5
117.2      296.9        7.7
117.4      297.6        8.4
117.6      297.7        9.8
117.8      297.2        9.7
118.0      297.0       10.3
118.2      296.6       12.6
118.4      296.5       14.2
118.6      296.6       11.8
118.8      297.8        9.6
119.0      297.2       10.8
119.2      297.3       13.5
119.4      295.7       13.0
119.6      294.3       11.5
119.8      290.3       12.3
120.0      285.5       12.4
120.2      286.1       13.5
120.4      284.7       11.7
120.6      284.9        9.1
120.8      284.3       12.2
121.0      283.3       20.1
121.2      283.9       20.1
121.4      286.2       16.2
121.6      289.2       15.2
121.8      285.9       10.6
122.0      286.8       12.3
122.2      288.1       13.9
122.4      285.9       11.7
122.6      287.0       11.5
122.8      287.2       12.7
123.0      285.6       19.3
123.2      285.6       22.1
123.4      284.5       18.6
123.6      281.8       16.3
123.8      281.8       14.4
124.0      280.5       19.4
124.2      277.8       20.6
124.4      279.4       15.1
124.6      277.7       17.4
124.8      272.5       18.0
125.0      271.5       14.9
125.2      269.6       15.1
125.4      266.9       17.8
125.6      267.0       17.5
125.8      265.6       18.2
126.0      262.6       16.7
126.2      260.7       12.0
126.4      259.6       10.1
126.6      257.5       13.8
126.8      256.9       17.9
127.0      256.7       19.8
127.2      257.2       19.6
127.4      257.8       17.7
127.6      260.0       17.0
127.8      261.2       14.3
128.0      259.8       14.1
128.2      257.4       21.8
128.4      261.4       24.6
128.6      258.5       18.8
128.8      256.8       16.0
129.0      258.4       16.1
129.2      258.6       21.5
129.4      256.9       22.1
129.6      256.2       19.3
129.8      256.1       19.0
130.0      252.9       14.5
130.2      250.2       10.7
130.4      249.2       10.0
130.6      248.3       11.8
130.8      248.2       14.4
131.0      248.4       19.6
131.2      249.5       19.2
131.4      249.1       15.1
131.6      247.5       16.7
131.8      247.8       16.5
132.0      248.7       12.3
132.2      247.3        9.9
132.4      245.8       12.1
132.6      247.0       14.0
132.8      247.7       12.7
133.0      248.3       10.4
133.2      249.8        8.1
133.4      250.8        7.6
133.6      250.8        8.9
133.8      250.7        7.8
134.0      250.7        5.9
134.2      251.9        4.8
134.4      253.8        8.6
134.6      252.2       10.0
134.8      251.9        5.9
135.0      251.9        6.6
135.2      251.9        7.6
135.4      251.8        6.0
135.6      251.8       12.4
135.8      251.8       20.0
136.0      252.0       21.9
136.2      252.2       29.3
136.4      252.2       35.1
136.6      252.0       27.5
136.8      252.0       22.6
137.0      252.0       25.5
137.2      252.3       25.1
137.4      252.2       15.4
137.6      252.7        9.2
137.8      252.6       11.9
138.0      252.6        9.4
138.2      252.8       15.8
138.4      252.7       22.9
138.6      252.7       18.3
138.8      342.1       15.6
139.0      341.8       16.5
139.2      339.9       16.8
139.4      338.6       14.4
139.6      338.3       12.6
139.8      338.4       13.5
140.0      339.8       15.3
140.2      341.8       15.0
140.4      340.1       15.9
140.6      339.4       15.2
140.8      339.1       13.1
141.0      338.7       13.7
