0.000000000000      362.8
0.100000000000      363.0
0.200000000000      363.0
0.300000000000      363.0
0.400000000000      363.0
0.500000000000      363.1
0.600000000000      363.0
0.700000000000      362.9
0.800000000000      362.9
0.900000000000      362.9
1.000000000000      362.8
1.100000000000      362.8
1.200000000000      362.8
1.300000000000      362.9
1.400000000000      362.9
1.500000000000      362.9
1.600000000000      362.9
1.700000000000      362.8
1.800000000000      362.7
1.900000000000      362.6
2.000000000000      362.6
2.100000000000      362.6
2.200000000000      362.6
2.300000000000      362.6
2.400000000000      362.5
2.500000000000      362.5
2.600000000000      362.5
2.700000000000      362.5
2.800000000000      362.6
2.900000000000      362.7
3.000000000000      362.8
3.100000000000      362.8
3.200000000000      362.8
3.300000000000      364.3
3.400000000000      364.8
3.500000000000      365.1
3.600000000000      365.4
3.700000000000      365.6
3.800000000000      364.7
3.900000000000      364.3
4.000000000000      364.0
4.100000000000      363.9
4.200000000000      363.9
4.300000000000      363.5
4.400000000000      363.3
4.500000000000      363.2
4.600000000000      363.2
4.700000000000      363.2
4.800000000000      363.2
4.900000000000      363.2
5.000000000000      363.0
5.100000000000      364.3
5.200000000000      364.8
5.300000000000      365.1
5.400000000000      365.3
5.500000000000      365.8
5.600000000000      365.9
5.700000000000      366.0
5.800000000000      366.1
5.900000000000      366.2
6.000000000000      366.3
6.100000000000      366.4
6.200000000000      366.4
6.300000000000      365.1
6.400000000000      364.7
6.500000000000      364.5
6.600000000000      364.4
6.700000000000      363.8
6.800000000000      363.6
6.900000000000      363.5
7.000000000000      363.5
7.100000000000      363.5
7.200000000000      363.6
7.300000000000      363.6
7.400000000000      363.7
7.500000000000      363.8
7.600000000000      363.9
7.700000000000      364.0
7.800000000000      364.0
7.900000000000      364.0
8.000000000000      364.1
8.100000000000      364.1
8.200000000000      364.1
8.300000000000      364.1
8.400000000000      364.2
8.500000000000      364.2
8.600000000000      364.3
8.700000000000      364.3
8.800000000000      364.4
8.900000000000      364.5
9.000000000000      364.6
9.100000000000      364.8
9.200000000000      364.8
9.300000000000      364.9
9.400000000000      365.0
9.500000000000      359.2
9.600000000000      358.2
9.700000000000      357.4
9.800000000000      357.1
9.900000000000      356.9
10.000000000000      355.8
10.100000000000      356.0
10.200000000000      356.1
10.300000000000      356.5
10.400000000000      356.6
10.500000000000      357.0
10.600000000000      357.3
10.700000000000      357.6
10.800000000000      358.2
10.900000000000      358.8
11.000000000000      359.7
11.100000000000      360.6
11.200000000000      361.7
11.300000000000      362.7
11.400000000000      359.7
11.500000000000      358.4
11.600000000000      358.3
11.700000000000      358.8
11.800000000000      359.9
11.900000000000      361.1
12.000000000000      361.8
12.100000000000      360.6
12.200000000000      360.4
12.300000000000      360.7
12.400000000000      361.9
12.500000000000      363.7
12.600000000000      366.3
12.700000000000      362.9
12.800000000000      362.7
12.900000000000      365.7
13.000000000000      370.2
13.100000000000      371.1
13.200000000000      374.5
13.300000000000      374.9
13.400000000000      372.9
13.500000000000      383.8
13.600000000000      382.2
13.700000000000      384.8
13.800000000000      381.2
13.900000000000      379.1
14.000000000000      382.7
14.100000000000      381.9
14.200000000000      372.5
14.300000000000      379.6
14.400000000000      381.5
14.500000000000      375.5
14.600000000000      371.4
14.700000000000      370.8
14.800000000000      375.2
14.900000000000      384.6
15.000000000000      420.5
15.100000000000      446.3
15.200000000000      463.6
15.300000000000      472.1
15.400000000000      472.1
15.500000000000      496.0
15.600000000000      500.2
15.700000000000      505.5
15.800000000000      507.0
15.900000000000      594.0
16.000000000000      509.7
16.100000000000      472.6
16.200000000000      473.2
16.300000000000      493.9
16.400000000000      497.7
16.500000000000      520.9
16.600000000000      524.1
16.700000000000      518.2
16.800000000000      490.8
16.900000000000      462.4
17.000000000000      435.7
17.100000000000      381.2
17.200000000000      344.4
17.300000000000      270.2
17.400000000000      254.1
17.500000000000      244.9
17.600000000000      247.9
17.700000000000      252.7
17.800000000000      266.6
17.900000000000      271.4
18.000000000000      221.2
18.100000000000      198.5
18.200000000000      162.1
18.300000000000      112.3
18.400000000000       86.9
18.500000000000       89.1
18.600000000000       92.1
18.700000000000      106.6
18.800000000000      116.6
18.900000000000      133.4
19.000000000000      166.8
19.100000000000      178.0
19.200000000000      207.3
19.300000000000      218.0
19.400000000000      247.1
19.500000000000      289.3
19.600000000000      324.4
19.700000000000      352.1
19.800000000000      376.4
19.900000000000      375.7
20.000000000000      375.5
20.100000000000      375.2
20.200000000000      374.8
20.300000000000      374.1
20.400000000000      373.5
20.500000000000      372.6
20.600000000000      371.6
20.700000000000      370.2
20.800000000000      369.1
20.900000000000      368.2
21.000000000000      367.0
21.100000000000      365.3
21.200000000000      364.5
21.300000000000      364.1
21.400000000000      361.6
21.500000000000      360.5
21.600000000000      359.5
21.700000000000      358.7
21.800000000000      358.2
21.900000000000      357.5
22.000000000000      357.0
22.100000000000      356.6
22.200000000000      356.1
22.300000000000      355.1
22.400000000000      354.7
22.500000000000      354.4
22.600000000000      354.0
22.700000000000      353.8
22.800000000000      353.6
22.900000000000      353.5
23.000000000000      353.4
23.100000000000      353.3
23.200000000000      353.1
23.300000000000      352.9
23.400000000000      352.9
23.500000000000      352.3
23.600000000000      352.0
23.700000000000      352.0
23.800000000000      352.0
23.900000000000      351.9
24.000000000000      351.7
24.100000000000      351.7
24.200000000000      351.7
24.300000000000      351.7
24.400000000000      351.7
24.500000000000      351.7
24.600000000000      351.7
24.700000000000      351.4
24.800000000000      351.4
24.900000000000      351.4
25.000000000000      350.8
25.100000000000      350.9
25.200000000000      350.9
25.300000000000      350.9
25.400000000000      350.9
25.500000000000      351.0
25.600000000000      351.0
25.700000000000      351.1
25.800000000000      351.1
25.900000000000      351.0
26.000000000000      351.0
26.100000000000      350.9
26.200000000000      350.9
26.300000000000      350.9
26.400000000000      350.9
26.500000000000      351.0
26.600000000000      351.0
26.700000000000      351.1
26.800000000000      351.1
26.900000000000      351.1
27.000000000000      351.3
27.100000000000      351.3
27.200000000000      351.3
27.300000000000      351.3
27.400000000000      351.3
27.500000000000      351.4
27.600000000000      351.5
27.700000000000      351.5
27.800000000000      351.5
27.900000000000      351.5
28.000000000000      351.5
28.100000000000      351.5
28.200000000000      351.4
28.300000000000      351.3
28.400000000000      351.2
28.500000000000      351.2
28.600000000000      351.2
28.700000000000      351.3
28.800000000000      351.3
28.900000000000      351.3
29.000000000000      351.2
29.100000000000      351.3
29.200000000000      351.4
29.300000000000      351.4
29.400000000000      351.4
29.500000000000      351.4
29.600000000000      351.4
29.700000000000      351.4
29.800000000000      351.5
29.900000000000      351.6
30.000000000000      351.4
30.100000000000      351.4
30.200000000000      351.6
30.300000000000      351.7
30.400000000000      351.8
30.500000000000      351.9
30.600000000000      352.1
30.700000000000      352.2
30.800000000000      352.2
30.900000000000      352.3
31.000000000000      352.3
31.100000000000      352.4
31.200000000000      352.4
31.300000000000      352.4
31.400000000000      352.5
31.500000000000      352.6
31.600000000000      352.7
31.700000000000      352.7
31.800000000000      352.7
31.900000000000      352.6
32.000000000000      352.7
32.100000000000      352.8
32.200000000000      352.9
32.300000000000      352.9
32.400000000000      353.0
32.500000000000      353.0
32.600000000000      353.1
32.700000000000      353.1
32.800000000000      353.2
32.900000000000      353.2
33.000000000000      353.3
33.100000000000      353.4
33.200000000000      353.5
33.300000000000      353.5
33.400000000000      353.6
33.500000000000      353.5
33.600000000000      353.6
33.700000000000      353.6
33.800000000000      353.6
33.900000000000      353.6
34.000000000000      353.7
34.100000000000      353.7
34.200000000000      353.7
34.300000000000      353.8
