 0.0      321.6       11.2
 0.2      322.4       12.0
 0.4      318.8       12.3
 0.6      321.6       12.8
 0.8      328.0       16.2
 1.0      329.1       14.9
 1.2      331.9       14.4
 1.4      330.4       18.3
 1.6      327.3       14.2
 1.8      325.8        8.3
 2.0      324.5       11.8
 2.2      321.4       14.6
 2.4      319.3        9.5
 2.6      318.8        6.0
 2.8      316.1        6.0
 3.0      311.6        8.6
 3.2      331.9       10.0
 3.4      334.5        9.4
 3.6      339.6        8.7
 3.8      337.9        8.8
 4.0      336.3        9.8
 4.2      337.1       10.5
 4.4      337.4       10.9
 4.6      337.6       16.4
 4.8      337.8       18.4
 5.0      337.1       17.8
 5.2      339.3       17.2
 5.4      338.5       16.6
 5.6      334.8       18.0
 5.8      337.2       17.2
 6.0      334.6       16.5
 6.2      333.8       15.9
 6.4      332.8       17.6
 6.6      331.5       16.6
 6.8      331.8       13.9
 7.0      333.1       14.6
 7.2      333.0       15.7
 7.4      330.0       11.0
 7.6      331.5       11.7
 7.8      327.7       15.3
 8.0      322.9       22.7
 8.2      322.8       35.0
 8.4      322.4       32.8
 8.6      319.1       19.0
 8.8      324.5       11.1
 9.0      331.4       18.2
 9.2      326.2       36.6
 9.4      324.9       33.9
 9.6      323.6       14.8
 9.8      323.4       10.5
10.0      316.9       12.9
10.2      313.4       13.6
10.4      311.7       13.4
10.6      310.4       15.8
10.8      305.8       15.4
11.0      302.2       10.4
11.2      299.9       10.5
11.4      297.1       13.7
11.6      294.7       12.3
11.8      289.3       12.6
12.0      288.4       13.3
12.2      288.8       17.5
12.4      289.5       24.8
12.6      288.9       22.4
12.8      291.0       16.6
13.0      296.9       11.7
13.2      296.2       10.2
13.4      298.9       10.8
13.6      300.7        9.2
13.8      302.5       13.4
14.0      309.8       17.0
14.2      312.2       14.0
14.4      313.4       11.1
14.6      315.8        9.7
14.8      319.5        6.9
15.0      324.6        8.3
15.2      329.6       15.1
15.4      334.7       17.1
15.6      331.7       11.8
15.8      330.6        7.2
16.0      332.9        5.3
16.2      342.9        4.4
16.4      348.8        5.4
16.6      352.2        8.0
16.8      358.0       11.6
17.0      366.8       12.0
17.2      379.8        6.8
17.4      380.6        3.1
17.6      375.1        3.0
17.8      360.7        4.1
18.0      353.2        5.0
18.2      362.2        6.2
18.4      388.1        6.3
18.6      398.0        4.7
18.8      448.0        5.3
19.0      467.3        6.9
19.2      477.6        6.4
19.4      464.0        4.8
19.6      435.8        5.5
19.8      399.0        9.0
20.0      322.2       10.0
20.2      261.6        6.6
20.4      200.2        6.1
20.6      158.4        6.2
20.8      156.6        6.0
21.0      173.7        7.4
21.2      182.9        6.1
21.4      186.5        4.6
21.6      200.8        3.7
21.8      222.2        3.8
22.0      239.5        4.7
22.2      249.5        3.7
22.4      259.3        3.7
22.6      269.4        5.5
22.8      278.2        8.3
23.0      281.3        6.7
23.2      283.4        3.3
23.4      285.6        4.4
23.6      290.5        5.3
23.8      294.4        4.7
24.0      297.0        4.6
24.2      299.8        5.8
24.4      303.2        5.9
24.6      307.9        9.9
24.8      314.0       12.3
25.0      321.2        9.7
25.2      325.5        7.6
25.4      324.1        8.0
25.6      324.8        9.0
25.8      322.8       10.7
26.0      322.6        9.3
26.2      325.2        5.8
26.4      326.9        5.5
26.6      325.6        4.3
26.8      324.5        4.0
27.0      320.8        5.6
27.2      322.0        9.0
27.4      328.2        8.0
27.6      322.6        4.7
27.8      315.9        5.2
28.0      315.3        6.3
28.2      313.5        8.4
28.4      309.3        7.4
28.6      306.1        5.4
28.8      306.0        5.3
29.0      310.8        4.8
29.2      317.9        4.6
29.4      320.4        3.8
29.6      312.6        5.4
29.8      310.9        6.9
30.0      317.4        4.3
30.2      318.1        4.7
30.4      324.2        7.9
30.6      334.9        7.6
30.8      334.6        6.0
31.0      333.7        5.8
31.2      336.5        3.0
